Date,Distance,Distance-Rate
20010101 12:00, 0.98330756372239, -0.0253948
20010102 12:00, 0.98329530945547, -0.0169705
20010103 12:00, 0.98328804645943, -0.0081034
20010104 12:00, 0.98328604230136,  0.0012465
20010105 12:00, 0.98328958506176,  0.0111086
20010106 12:00, 0.98329897407232,  0.0214901
20010107 12:00, 0.98331450263257,  0.0323602
20010108 12:00, 0.98333643169228,  0.0436357
20010109 12:00, 0.98336495704984,  0.0551743
20010110 12:00, 0.98340017733711,  0.0667850
20010111 12:00, 0.98344207304788,  0.0782555
20010112 12:00, 0.98349050482967,  0.0893892
20010113 12:00, 0.98354523208215,  0.1000361
20010114 12:00, 0.98360594497885,  0.1101073
20010115 12:00, 0.98367229948613,  0.1195715
20010116 12:00, 0.98374394697417,  0.1284413
20010117 12:00, 0.98382055474642,  0.1367567
20010118 12:00, 0.98390181790132,  0.1445722
20010119 12:00, 0.98398746495200,  0.1519480
20010120 12:00, 0.98407725987947,  0.1589463
20010121 12:00, 0.98417100265350,  0.1656295
20010122 12:00, 0.98426852940419,  0.1720604
20010123 12:00, 0.98436971270951,  0.1783025
20010124 12:00, 0.98447446199345,  0.1844198
20010125 12:00, 0.98458272381496,  0.1904768
20010126 12:00, 0.98469448182840,  0.1965374
20010127 12:00, 0.98480975634119,  0.2026645
20010128 12:00, 0.98492860358888,  0.2089196
20010129 12:00, 0.98505111499100,  0.2153632
20010130 12:00, 0.98517741665399,  0.2220549
20010131 12:00, 0.98530766918728,  0.2290546
20010201 12:00, 0.98544206745829,  0.2364209
20010202 12:00, 0.98558083923078,  0.2442081
20010203 12:00, 0.98572424078776,  0.2524590
20010204 12:00, 0.98587254690904,  0.2611925
20010205 12:00, 0.98602603255537,  0.2703875
20010206 12:00, 0.98618494518279,  0.2799678
20010207 12:00, 0.98634947032294,  0.2897953
20010208 12:00, 0.98651969796012,  0.2996804
20010209 12:00, 0.98669560023815,  0.3094106
20010210 12:00, 0.98687702877651,  0.3187873
20010211 12:00, 0.98706373244639,  0.3276572
20010212 12:00, 0.98725538849348,  0.3359263
20010213 12:00, 0.98745163652176,  0.3435565
20010214 12:00, 0.98765210702785,  0.3505517
20010215 12:00, 0.98785644092031,  0.3569414
20010216 12:00, 0.98806430048025,  0.3627684
20010217 12:00, 0.98827537419842,  0.3680798
20010218 12:00, 0.98848937821046,  0.3729238
20010219 12:00, 0.98870605649039,  0.3773487
20010220 12:00, 0.98892518118285,  0.3814039
20010221 12:00, 0.98914655375053,  0.3851419
20010222 12:00, 0.98937000707260,  0.3886193
20010223 12:00, 0.98959540825841,  0.3918980
20010224 12:00, 0.98982266173843,  0.3950452
20010225 12:00, 0.99005171215532,  0.3981329
20010226 12:00, 0.99028254668075,  0.4012362
20010227 12:00, 0.99051519656161,  0.4044323
20010228 12:00, 0.99074973784887,  0.4077989
20010301 12:00, 0.99098629126018,  0.4114126
20010302 12:00, 0.99122502087685,  0.4153466
20010303 12:00, 0.99146613085003,  0.4196654
20010304 12:00, 0.99170985859678,  0.4244179
20010305 12:00, 0.99195646242063,  0.4296255
20010306 12:00, 0.99220620167409,  0.4352681
20010307 12:00, 0.99245930918264,  0.4412725
20010308 12:00, 0.99271595890121,  0.4475085
20010309 12:00, 0.99297623559931,  0.4538005
20010310 12:00, 0.99324011524981,  0.4599525
20010311 12:00, 0.99350746244569,  0.4657800
20010312 12:00, 0.99377804510329,  0.4711362
20010313 12:00, 0.99405156055794,  0.4759242
20010314 12:00, 0.99432766457294,  0.4800956
20010315 12:00, 0.99460599637283,  0.4836394
20010316 12:00, 0.99488619643907,  0.4865688
20010317 12:00, 0.99516791705444,  0.4889099
20010318 12:00, 0.99545082737379,  0.4906941
20010319 12:00, 0.99573461527610,  0.4919545
20010320 12:00, 0.99601898799430,  0.4927251
20010321 12:00, 0.99630367300059,  0.4930423
20010322 12:00, 0.99658842008241,  0.4929475
20010323 12:00, 0.99687300504202,  0.4924899
20010324 12:00, 0.99715723498713,  0.4917290
20010325 12:00, 0.99744095475534,  0.4907360
20010326 12:00, 0.99772405367525,  0.4895937
20010327 12:00, 0.99800647168556,  0.4883941
20010328 12:00, 0.99828820386058,  0.4872353
20010329 12:00, 0.99856930260137,  0.4862170
20010330 12:00, 0.99884987702043,  0.4854350
20010331 12:00, 0.99913008920385,  0.4849759
20010401 12:00, 0.99941014696279,  0.4849103
20010402 12:00, 0.99969029243935,  0.4852850
20010403 12:00, 0.99997078578600,  0.4861140
20010404 12:00, 1.00025188353432,  0.4873695
20010405 12:00, 1.00053381258048,  0.4889762
20010406 12:00, 1.00081674284344,  0.4908131
20010407 12:00, 1.00110076368794,  0.4927251
20010408 12:00, 1.00138586967638,  0.4945427
20010409 12:00, 1.00167195916208,  0.4961060
20010410 12:00, 1.00195884532094,  0.4972825
20010411 12:00, 1.00224627552292,  0.4979774
20010412 12:00, 1.00253395335984,  0.4981333
20010413 12:00, 1.00282155849079,  0.4977232
20010414 12:00, 1.00310876164485,  0.4967416
20010415 12:00, 1.00339523429061,  0.4951953
20010416 12:00, 1.00368065390675,  0.4930975
20010417 12:00, 1.00396470640990,  0.4904639
20010418 12:00, 1.00424708738116,  0.4873123
20010419 12:00, 1.00452750355994,  0.4836640
20010420 12:00, 1.00480567579703,  0.4795473
20010421 12:00, 1.00508134430312,  0.4750016
20010422 12:00, 1.00535427654870,  0.4700826
20010423 12:00, 1.00562427752279,  0.4648650
20010424 12:00, 1.00589120128569,  0.4594439
20010425 12:00, 1.00615496203462,  0.4539317
20010426 12:00, 1.00641554252158,  0.4484520
20010427 12:00, 1.00667299785257,  0.4431300
20010428 12:00, 1.00692745345129,  0.4380823
20010429 12:00, 1.00717909699294,  0.4334063
20010430 12:00, 1.00742816497672,  0.4291724
20010501 12:00, 1.00767492504590,  0.4254173
20010502 12:00, 1.00791965525588,  0.4221397
20010503 12:00, 1.00816262156103,  0.4192989
20010504 12:00, 1.00840405514306,  0.4168159
20010505 12:00, 1.00864413182377,  0.4145794
20010506 12:00, 1.00888295627990,  0.4124563
20010507 12:00, 1.00912055352831,  0.4103064
20010508 12:00, 1.00935686889280,  0.4079964
20010509 12:00, 1.00959177574892,  0.4054118
20010510 12:00, 1.00982508860551,  0.4024639
20010511 12:00, 1.01005657827024,  0.3990899
20010512 12:00, 1.01028598614831,  0.3952498
20010513 12:00, 1.01051303576309,  0.3909207
20010514 12:00, 1.01073744079823,  0.3860905
20010515 12:00, 1.01095890994142,  0.3807533
20010516 12:00, 1.01117714943331,  0.3749062
20010517 12:00, 1.01139186455565,  0.3685489
20010518 12:00, 1.01160276144476,  0.3616852
20010519 12:00, 1.01180955065473,  0.3543274
20010520 12:00, 1.01201195378220,  0.3465027
20010521 12:00, 1.01220971406426,  0.3382600
20010522 12:00, 1.01240261100537,  0.3296768
20010523 12:00, 1.01259047773338,  0.3208614
20010524 12:00, 1.01277321821359,  0.3119495
20010525 12:00, 1.01295082034428,  0.3030937
20010526 12:00, 1.01312336111285,  0.2944470
20010527 12:00, 1.01329100170001,  0.2861451
20010528 12:00, 1.01345397304175,  0.2782919
20010529 12:00, 1.01361255463741,  0.2709508
20010530 12:00, 1.01376705034507,  0.2641429
20010531 12:00, 1.01391776447119,  0.2578494
20010601 12:00, 1.01406498033376,  0.2520174
20010602 12:00, 1.01420894244500,  0.2465667
20010603 12:00, 1.01434984290165,  0.2413973
20010604 12:00, 1.01448781239397,  0.2363979
20010605 12:00, 1.01462291612206,  0.2314546
20010606 12:00, 1.01475515457659,  0.2264584
20010607 12:00, 1.01488446857339,  0.2213125
20010608 12:00, 1.01501074732651,  0.2159355
20010609 12:00, 1.01513383796697,  0.2102630
20010610 12:00, 1.01525355491806,  0.2042457
20010611 12:00, 1.01536968789338,  0.1978466
20010612 12:00, 1.01548200783773,  0.1910372
20010613 12:00, 1.01559027071882,  0.1837936
20010614 12:00, 1.01569421960373,  0.1760948
20010615 12:00, 1.01579358590487,  0.1679216
20010616 12:00, 1.01588809108052,  0.1592593
20010617 12:00, 1.01597745042368,  0.1501023
20010618 12:00, 1.01606138075981,  0.1404631
20010619 12:00, 1.01613961363546,  0.1303822
20010620 12:00, 1.01621191453615,  0.1199378
20010621 12:00, 1.01627810659335,  0.1092515
20010622 12:00, 1.01633809451083,  0.0984825
20010623 12:00, 1.01639188236858,  0.0878120
20010624 12:00, 1.01643957926600,  0.0774180
20010625 12:00, 1.01648139010221,  0.0674506
20010626 12:00, 1.01651759367893,  0.0580136
20010627 12:00, 1.01654851398285,  0.0491596
20010628 12:00, 1.01657449117104,  0.0408934
20010629 12:00, 1.01659585686167,  0.0331824
20010630 12:00, 1.01661291558180,  0.0259671
20010701 12:00, 1.01662593214316,  0.0191709
20010702 12:00, 1.01663512379963,  0.0127068
20010703 12:00, 1.01664065601282,  0.0064831
20010704 12:00, 1.01664264100525,  0.0004079
20010705 12:00, 1.01664113861276, -0.0056077
20010706 12:00, 1.01663615907576, -0.0116463
20010707 12:00, 1.01662766733428, -0.0177818
20010708 12:00, 1.01661558822694, -0.0240790
20010709 12:00, 1.01659981187191, -0.0305936
20010710 12:00, 1.01658019851754, -0.0373737
20010711 12:00, 1.01655658231584, -0.0444619
20010712 12:00, 1.01652877377013, -0.0518978
20010713 12:00, 1.01649656100595, -0.0597196
20010714 12:00, 1.01645971049766, -0.0679639
20010715 12:00, 1.01641796844866, -0.0766635
20010716 12:00, 1.01637106463144, -0.0858411
20010717 12:00, 1.01631872096954, -0.0954992
20010718 12:00, 1.01626066707551, -0.1056063
20010719 12:00, 1.01619666372365, -0.1160842
20010720 12:00, 1.01612653238028, -0.1268007
20010721 12:00, 1.01605018497378, -0.1375771
20010722 12:00, 1.01596764517354, -0.1482102
20010723 12:00, 1.01587905331001, -0.1585048
20010724 12:00, 1.01578465245526, -0.1683045
20010725 12:00, 1.01568476021027, -0.1775093
20010726 12:00, 1.01557973500632, -0.1860769
20010727 12:00, 1.01546994523355, -0.1940127
20010728 12:00, 1.01535574586237, -0.2013554
20010729 12:00, 1.01523746333031, -0.2081632
20010730 12:00, 1.01511538710002, -0.2145045
20010731 12:00, 1.01498976561003, -0.2204524
20010801 12:00, 1.01486080469065, -0.2260811
20010802 12:00, 1.01472866722366, -0.2314648
20010803 12:00, 1.01459347347051, -0.2366768
20010804 12:00, 1.01445530190682, -0.2417884
20010805 12:00, 1.01431419056123, -0.2468682
20010806 12:00, 1.01417013882144, -0.2519813
20010807 12:00, 1.01402310953551, -0.2571891
20010808 12:00, 1.01387303110326, -0.2625497
20010809 12:00, 1.01371979920613, -0.2681184
20010810 12:00, 1.01356327792003, -0.2739495
20010811 12:00, 1.01340330022476, -0.2800965
20010812 12:00, 1.01323966838388, -0.2866120
20010813 12:00, 1.01307215531721, -0.2935443
20010814 12:00, 1.01290050885877, -0.3009303
20010815 12:00, 1.01272446144596, -0.3087840
20010816 12:00, 1.01254374777907, -0.3170810
20010817 12:00, 1.01235813152054, -0.3257433
20010818 12:00, 1.01216743863103, -0.3346331
20010819 12:00, 1.01197159026887, -0.3435618
20010820 12:00, 1.01177062510650, -0.3523166
20010821 12:00, 1.01156470270260, -0.3606979
20010822 12:00, 1.01135408648010, -0.3685498
20010823 12:00, 1.01113911275080, -0.3757767
20010824 12:00, 1.01092015601860, -0.3823405
20010825 12:00, 1.01069759910291, -0.3882477
20010826 12:00, 1.01047181207277, -0.3935335
20010827 12:00, 1.01024313987258, -0.3982479
20010828 12:00, 1.01001189637234, -0.4024473
20010829 12:00, 1.00977836217910, -0.4061901
20010830 12:00, 1.00954278408121, -0.4095350
20010831 12:00, 1.00930537479261, -0.4125414
20010901 12:00, 1.00906631237667, -0.4152700
20010902 12:00, 1.00882573923989, -0.4177835
20010903 12:00, 1.00858376088018, -0.4201471
20010904 12:00, 1.00834044467399, -0.4224277
20010905 12:00, 1.00809581893298, -0.4246934
20010906 12:00, 1.00784987231900, -0.4270133
20010907 12:00, 1.00760255356101, -0.4294566
20010908 12:00, 1.00735377136670, -0.4320925
20010909 12:00, 1.00710339455053, -0.4349899
20010910 12:00, 1.00685125277052, -0.4382152
20010911 12:00, 1.00659713888560, -0.4418283
20010912 12:00, 1.00634081471501, -0.4458751
20010913 12:00, 1.00608202259477, -0.4503748
20010914 12:00, 1.00582050498100, -0.4553052
20010915 12:00, 1.00555603265912, -0.4605887
20010916 12:00, 1.00528843853531, -0.4660882
20010917 12:00, 1.00501764961707, -0.4716184
20010918 12:00, 1.00474370749998, -0.4769733
20010919 12:00, 1.00446677022109, -0.4819613
20010920 12:00, 1.00418709522852, -0.4864335
20010921 12:00, 1.00390501021084, -0.4902961
20010922 12:00, 1.00362088132503, -0.4935081
20010923 12:00, 1.00333508633867, -0.4960679
20010924 12:00, 1.00304799598058, -0.4979992
20010925 12:00, 1.00275996319300, -0.4993382
20010926 12:00, 1.00247131814060, -0.5001265
20010927 12:00, 1.00218236648560, -0.5004071
20010928 12:00, 1.00189338887068, -0.5002238
20010929 12:00, 1.00160464021582, -0.4996221
20010930 12:00, 1.00131634806883, -0.4986516
20011001 12:00, 1.00102870977351, -0.4973677
20011002 12:00, 1.00074188862745, -0.4958330
20011003 12:00, 1.00045600948664, -0.4941180
20011004 12:00, 1.00017115441841, -0.4923002
20011005 12:00, 0.99988735899657, -0.4904627
20011006 12:00, 0.99960460970143, -0.4886921
20011007 12:00, 0.99932284271805, -0.4870755
20011008 12:00, 0.99904194434606, -0.4856979
20011009 12:00, 0.99876175336357, -0.4846382
20011010 12:00, 0.99848206606872, -0.4839635
20011011 12:00, 0.99820264524564, -0.4837212
20011012 12:00, 0.99792323464147, -0.4839277
20011013 12:00, 0.99764358016126, -0.4845572
20011014 12:00, 0.99736345735300, -0.4855321
20011015 12:00, 0.99708270186481, -0.4867227
20011016 12:00, 0.99680123654533, -0.4879598
20011017 12:00, 0.99651908784293, -0.4890585
20011018 12:00, 0.99623638670438, -0.4898465
20011019 12:00, 0.99595335444602, -0.4901859
20011020 12:00, 0.99567027901643, -0.4899844
20011021 12:00, 0.99538748895053, -0.4891927
20011022 12:00, 0.99510533085554, -0.4877956
20011023 12:00, 0.99482415322632, -0.4857998
20011024 12:00, 0.99454429665935, -0.4832246
20011025 12:00, 0.99426608897255, -0.4800942
20011026 12:00, 0.99398984325139, -0.4764350
20011027 12:00, 0.99371585697964, -0.4722747
20011028 12:00, 0.99344441079822, -0.4676444
20011029 12:00, 0.99317576587740, -0.4625811
20011030 12:00, 0.99291015934449, -0.4571315
20011031 12:00, 0.99264779770142, -0.4513555
20011101 12:00, 0.99238884869772, -0.4453276
20011102 12:00, 0.99213343263427, -0.4391373
20011103 12:00, 0.99188161443419, -0.4328862
20011104 12:00, 0.99163339789266, -0.4266835
20011105 12:00, 0.99138872325956, -0.4206389
20011106 12:00, 0.99114746882675, -0.4148560
20011107 12:00, 0.99090945671767, -0.4094245
20011108 12:00, 0.99067446282605, -0.4044135
20011109 12:00, 0.99044223085652, -0.3998643
20011110 12:00, 0.99021249046268, -0.3957832
20011111 12:00, 0.98998497917214, -0.3921358
20011112 12:00, 0.98975946682928, -0.3888446
20011113 12:00, 0.98953577978691, -0.3857927
20011114 12:00, 0.98931382075698, -0.3828350
20011115 12:00, 0.98909358014740, -0.3798162
20011116 12:00, 0.98887513646873, -0.3765896
20011117 12:00, 0.98865864642965, -0.3730331
20011118 12:00, 0.98844432813503, -0.3690569
20011119 12:00, 0.98823244200823, -0.3646037
20011120 12:00, 0.98802327343504, -0.3596431
20011121 12:00, 0.98781711944122, -0.3541637
20011122 12:00, 0.98761427995963, -0.3481658
20011123 12:00, 0.98741505300681, -0.3416551
20011124 12:00, 0.98721973246306, -0.3346398
20011125 12:00, 0.98702860695786, -0.3271299
20011126 12:00, 0.98684195839404, -0.3191393
20011127 12:00, 0.98666005878754, -0.3106891
20011128 12:00, 0.98648316436121, -0.3018139
20011129 12:00, 0.98631150630345, -0.2925668
20011130 12:00, 0.98614527838290, -0.2830247
20011201 12:00, 0.98598462267753, -0.2732897
20011202 12:00, 0.98582961577767, -0.2634855
20011203 12:00, 0.98568025847746, -0.2537489
20011204 12:00, 0.98553647171305, -0.2442174
20011205 12:00, 0.98539810025243, -0.2350151
20011206 12:00, 0.98526492388101, -0.2262412
20011207 12:00, 0.98513667435603, -0.2179619
20011208 12:00, 0.98501305578297, -0.2102063
20011209 12:00, 0.98489376626999, -0.2029662
20011210 12:00, 0.98477851925129, -0.1961973
20011211 12:00, 0.98466706321440, -0.1898233
20011212 12:00, 0.98455919852798, -0.1837421
20011213 12:00, 0.98445478987095, -0.1778347
20011214 12:00, 0.98435377285362, -0.1719764
20011215 12:00, 0.98425615410663, -0.1660479
20011216 12:00, 0.98416200530111, -0.1599445
20011217 12:00, 0.98407145277827, -0.1535821
20011218 12:00, 0.98398466517560, -0.1468982
20011219 12:00, 0.98390184139576, -0.1398499
20011220 12:00, 0.98382320061963, -0.1324091
20011221 12:00, 0.98374897517085, -0.1245575
20011222 12:00, 0.98367940620980, -0.1162822
20011223 12:00, 0.98361474161578, -0.1075725
20011224 12:00, 0.98355523499624, -0.0984192
20011225 12:00, 0.98350114446660, -0.0888165
20011226 12:00, 0.98345272963034, -0.0787661
20011227 12:00, 0.98341024511665, -0.0682848
20011228 12:00, 0.98337392930224, -0.0574138
20011229 12:00, 0.98334398774778, -0.0462267
20011230 12:00, 0.98332057259566, -0.0348350
20011231 12:00, 0.98330376141949, -0.0233843
20020101 12:00, 0.98329354079099, -0.0120411
20020102 12:00, 0.98328979979697, -0.0009725
20020103 12:00, 0.98329233627050,  0.0096759
20020104 12:00, 0.98330087457993,  0.0197972
20020105 12:00, 0.98331509055835,  0.0293309
20020106 12:00, 0.98333463815310,  0.0382610
20020107 12:00, 0.98335917357613,  0.0466098
20020108 12:00, 0.98338837486682,  0.0544291
20020109 12:00, 0.98342195654615,  0.0617923
20020110 12:00, 0.98345967989206,  0.0687868
20020111 12:00, 0.98350135944439,  0.0755086
20020112 12:00, 0.98354686610035,  0.0820561
20020113 12:00, 0.98359612698805,  0.0885246
20020114 12:00, 0.98364912239272,  0.0950022
20020115 12:00, 0.98370588031644,  0.1015657
20020116 12:00, 0.98376646959319,  0.1082795
20020117 12:00, 0.98383099266705,  0.1151959
20020118 12:00, 0.98389957907811,  0.1223568
20020119 12:00, 0.98397238041218,  0.1297972
20020120 12:00, 0.98404956704743,  0.1375477
20020121 12:00, 0.98413132655899,  0.1456374
20020122 12:00, 0.98421786315566,  0.1540949
20020123 12:00, 0.98430939701431,  0.1629465
20020124 12:00, 0.98440616184562,  0.1722116
20020125 12:00, 0.98450839857103,  0.1818940
20020126 12:00, 0.98461634291457,  0.1919696
20020127 12:00, 0.98473020554575,  0.2023737
20020128 12:00, 0.98485014566208,  0.2129921
20020129 12:00, 0.98497624241331,  0.2236634
20020130 12:00, 0.98510847181460,  0.2341959
20020131 12:00, 0.98524669722369,  0.2443965
20020201 12:00, 0.98539067757670,  0.2541013
20020202 12:00, 0.98554009106597,  0.2631968
20020203 12:00, 0.98569456681322,  0.2716265
20020204 12:00, 0.98585371616967,  0.2793835
20020205 12:00, 0.98601715801896,  0.2864984
20020206 12:00, 0.98618453626705,  0.2930254
20020207 12:00, 0.98635553044464,  0.2990321
20020208 12:00, 0.98652986143037,  0.3045932
20020209 12:00, 0.98670729418269,  0.3097863
20020210 12:00, 0.98688763873380,  0.3146895
20020211 12:00, 0.98707075005105,  0.3193800
20020212 12:00, 0.98725652695121,  0.3239323
20020213 12:00, 0.98744491011268,  0.3284166
20020214 12:00, 0.98763587931016,  0.3328979
20020215 12:00, 0.98782945017584,  0.3374353
20020216 12:00, 0.98802567094900,  0.3420829
20020217 12:00, 0.98822461972082,  0.3468902
20020218 12:00, 0.98842640257150,  0.3519048
20020219 12:00, 0.98863115272493,  0.3571735
20020220 12:00, 0.98883903041598,  0.3627430
20020221 12:00, 0.98905022257617,  0.3686585
20020222 12:00, 0.98926494071376,  0.3749586
20020223 12:00, 0.98948341462588,  0.3816661
20020224 12:00, 0.98970587921124,  0.3887733
20020225 12:00, 0.98993255236749,  0.3962265
20020226 12:00, 0.99016360453988,  0.4039139
20020227 12:00, 0.99039912490687,  0.4116675
20020228 12:00, 0.99063909350162,  0.4192821
20020301 12:00, 0.99088336927801,  0.4265500
20020302 12:00, 0.99113169913772,  0.4332962
20020303 12:00, 0.99138374461349,  0.4394023
20020304 12:00, 0.99163911674073,  0.4448113
20020305 12:00, 0.99189740912190,  0.4495174
20020306 12:00, 0.99215822307804,  0.4535503
20020307 12:00, 0.99242118351087,  0.4569598
20020308 12:00, 0.99268594717614,  0.4598050
20020309 12:00, 0.99295220609124,  0.4621482
20020310 12:00, 0.99321968850096,  0.4640524
20020311 12:00, 0.99348815902753,  0.4655805
20020312 12:00, 0.99375741883130,  0.4667962
20020313 12:00, 0.99402730601210,  0.4677639
20020314 12:00, 0.99429769613410,  0.4685488
20020315 12:00, 0.99456850263744,  0.4692168
20020316 12:00, 0.99483967695886,  0.4698335
20020317 12:00, 0.99511120834158,  0.4704640
20020318 12:00, 0.99538312348216,  0.4711731
20020319 12:00, 0.99565548624187,  0.4720248
20020320 12:00, 0.99592839756351,  0.4730834
20020321 12:00, 0.99620199542448,  0.4744128
20020322 12:00, 0.99647645409816,  0.4760741
20020323 12:00, 0.99675198122181,  0.4781204
20020324 12:00, 0.99702881035653,  0.4805864
20020325 12:00, 0.99730718632210,  0.4834736
20020326 12:00, 0.99758734137621,  0.4867344
20020327 12:00, 0.99786946306425,  0.4902607
20020328 12:00, 0.99815365911834,  0.4938860
20020329 12:00, 0.99843992896542,  0.4974066
20020330 12:00, 0.99872815167671,  0.5006159
20020331 12:00, 0.99901809480474,  0.5033394
20020401 12:00, 0.99930944029583,  0.5054572
20020402 12:00, 0.99960181796812,  0.5069080
20020403 12:00, 0.99989483691910,  0.5076790
20020404 12:00, 1.00018810915641,  0.5077904
20020405 12:00, 1.00048126426880,  0.5072808
20020406 12:00, 1.00077395683775,  0.5061967
20020407 12:00, 1.00106586925707,  0.5045874
20020408 12:00, 1.00135671239088,  0.5025021
20020409 12:00, 1.00164622580118,  0.4999911
20020410 12:00, 1.00193417854444,  0.4971067
20020411 12:00, 1.00222037093250,  0.4939050
20020412 12:00, 1.00250463720784,  0.4904475
20020413 12:00, 1.00278684879486,  0.4868015
20020414 12:00, 1.00306691765553,  0.4830400
20020415 12:00, 1.00334479929301,  0.4792406
20020416 12:00, 1.00362049507182,  0.4754842
20020417 12:00, 1.00389405367867,  0.4718535
20020418 12:00, 1.00416557161885,  0.4684312
20020419 12:00, 1.00443519251583,  0.4652972
20020420 12:00, 1.00470310459003,  0.4625251
20020421 12:00, 1.00496953507963,  0.4601750
20020422 12:00, 1.00523473975890,  0.4582837
20020423 12:00, 1.00549898558475,  0.4568508
20020424 12:00, 1.00576252552981,  0.4558262
20020425 12:00, 1.00602556729613,  0.4551031
20020426 12:00, 1.00628824132079,  0.4545230
20020427 12:00, 1.00655057627432,  0.4538963
20020428 12:00, 1.00681248957028,  0.4530326
20020429 12:00, 1.00707379557409,  0.4517698
20020430 12:00, 1.00733422779087,  0.4499917
20020501 12:00, 1.00759346723750,  0.4476321
20020502 12:00, 1.00785116930757,  0.4446667
20020503 12:00, 1.00810698446500,  0.4411005
20020504 12:00, 1.00836057158747,  0.4369558
20020505 12:00, 1.00861160512463,  0.4322631
20020506 12:00, 1.00885977817675,  0.4270559
20020507 12:00, 1.00910480359617,  0.4213690
20020508 12:00, 1.00934641479084,  0.4152391
20020509 12:00, 1.00958436738527,  0.4087069
20020510 12:00, 1.00981844238941,  0.4018200
20020511 12:00, 1.01004845105179,  0.3946360
20020512 12:00, 1.01027424112598,  0.3872240
20020513 12:00, 1.01049570388326,  0.3796654
20020514 12:00, 1.01071278092645,  0.3720528
20020515 12:00, 1.01092546977080,  0.3644867
20020516 12:00, 1.01113382727769,  0.3570712
20020517 12:00, 1.01133797027784,  0.3499089
20020518 12:00, 1.01153807294758,  0.3430947
20020519 12:00, 1.01173436055494,  0.3367095
20020520 12:00, 1.01192709904735,  0.3308119
20020521 12:00, 1.01211657979886,  0.3254298
20020522 12:00, 1.01230309905597,  0.3205507
20020523 12:00, 1.01248693263187,  0.3161156
20020524 12:00, 1.01266830827598,  0.3120177
20020525 12:00, 1.01284738025271,  0.3081115
20020526 12:00, 1.01302421167714,  0.3042305
20020527 12:00, 1.01319876888581,  0.3002100
20020528 12:00, 1.01337092868785,  0.2959075
20020529 12:00, 1.01354049544782,  0.2912158
20020530 12:00, 1.01370722265059,  0.2860658
20020531 12:00, 1.01387083372729,  0.2804213
20020601 12:00, 1.01403103876562,  0.2742706
20020602 12:00, 1.01418754595527,  0.2676174
20020603 12:00, 1.01434006828904,  0.2604738
20020604 12:00, 1.01448832690302,  0.2528553
20020605 12:00, 1.01463205268096,  0.2447801
20020606 12:00, 1.01477098765410,  0.2362691
20020607 12:00, 1.01490488749062,  0.2273490
20020608 12:00, 1.01503352605044,  0.2180570
20020609 12:00, 1.01515670255224,  0.2084445
20020610 12:00, 1.01527425130398,  0.1985820
20020611 12:00, 1.01538605319381,  0.1885605
20020612 12:00, 1.01549204735630,  0.1784901
20020613 12:00, 1.01559224088271,  0.1684948
20020614 12:00, 1.01568671441155,  0.1587036
20020615 12:00, 1.01577562202007,  0.1492400
20020616 12:00, 1.01585918483848,  0.1402110
20020617 12:00, 1.01593767880994,  0.1316980
20020618 12:00, 1.01601141766183,  0.1237495
20020619 12:00, 1.01608073238097,  0.1163761
20020620 12:00, 1.01614594855315,  0.1095483
20020621 12:00, 1.01620736317063,  0.1031970
20020622 12:00, 1.01626522302969,  0.0972187
20020623 12:00, 1.01631970734343,  0.0914850
20020624 12:00, 1.01637091713492,  0.0858559
20020625 12:00, 1.01641887296985,  0.0801951
20020626 12:00, 1.01646352080849,  0.0743824
20020627 12:00, 1.01650474393085,  0.0683218
20020628 12:00, 1.01654237781701,  0.0619437
20020629 12:00, 1.01657622489139,  0.0552025
20020630 12:00, 1.01660606691993,  0.0480713
20020701 12:00, 1.01663167404315,  0.0405358
20020702 12:00, 1.01665281048069,  0.0325890
20020703 12:00, 1.01666923765806,  0.0242277
20020704 12:00, 1.01668071590761,  0.0154514
20020705 12:00, 1.01668700609212,  0.0062628
20020706 12:00, 1.01668787257375, -0.0033279
20020707 12:00, 1.01668308889605, -0.0132979
20020708 12:00, 1.01667244724949, -0.0236043
20020709 12:00, 1.01665577207842, -0.0341774
20020710 12:00, 1.01663293695851, -0.0449163
20020711 12:00, 1.01660388229863, -0.0556913
20020712 12:00, 1.01656863008165, -0.0663519
20020713 12:00, 1.01652729157988, -0.0767421
20020714 12:00, 1.01648006527448, -0.0867189
20020715 12:00, 1.01642722471187, -0.0961678
20020716 12:00, 1.01636909857419, -0.1050134
20020717 12:00, 1.01630604665150, -0.1132235
20020718 12:00, 1.01623843532407, -0.1208069
20020719 12:00, 1.01616661512970, -0.1278086
20020720 12:00, 1.01609090184100, -0.1343028
20020721 12:00, 1.01601156174468, -0.1403853
20020722 12:00, 1.01592880152852, -0.1461652
20020723 12:00, 1.01584276305732, -0.1517565
20020724 12:00, 1.01575352305592, -0.1572696
20020725 12:00, 1.01566109721568, -0.1628043
20020726 12:00, 1.01556544764477, -0.1684459
20020727 12:00, 1.01546649214552, -0.1742625
20020728 12:00, 1.01536411371284, -0.1803068
20020729 12:00, 1.01525816892155, -0.1866182
20020730 12:00, 1.01514849438172, -0.1932270
20020731 12:00, 1.01503491102173, -0.2001579
20020801 12:00, 1.01491722649715, -0.2074325
20020802 12:00, 1.01479523648630, -0.2150705
20020803 12:00, 1.01466872604399, -0.2230886
20020804 12:00, 1.01453747255492, -0.2314958
20020805 12:00, 1.01440125208654, -0.2402861
20020806 12:00, 1.01425985086517, -0.2494285
20020807 12:00, 1.01411308282325, -0.2588564
20020808 12:00, 1.01396081236810, -0.2684611
20020809 12:00, 1.01380297886188, -0.2780930
20020810 12:00, 1.01363961684138, -0.2875752
20020811 12:00, 1.01347086549139, -0.2967267
20020812 12:00, 1.01329696345611, -0.3053881
20020813 12:00, 1.01311822984416, -0.3134427
20020814 12:00, 1.01293503659846, -0.3208249
20020815 12:00, 1.01274777895477, -0.3275184
20020816 12:00, 1.01255684931940, -0.3335474
20020817 12:00, 1.01236261714412, -0.3389656
20020818 12:00, 1.01216541498750, -0.3438455
20020819 12:00, 1.01196552971110, -0.3482717
20020820 12:00, 1.01176319754252, -0.3523342
20020821 12:00, 1.01155860204779, -0.3561245
20020822 12:00, 1.01135187443753, -0.3597320
20020823 12:00, 1.01114309583814, -0.3632403
20020824 12:00, 1.01093230114565, -0.3667255
20020825 12:00, 1.01071948393296, -0.3702545
20020826 12:00, 1.01050460173536, -0.3738853
20020827 12:00, 1.01028758099987, -0.3776679
20020828 12:00, 1.01006832109617, -0.3816463
20020829 12:00, 1.00984669704037, -0.3858613
20020830 12:00, 1.00962256094493, -0.3903517
20020831 12:00, 1.00939574266133, -0.3951557
20020901 12:00, 1.00916605062401, -0.4003088
20020902 12:00, 1.00893327451719, -0.4058393
20020903 12:00, 1.00869719195112, -0.4117588
20020904 12:00, 1.00845758151617, -0.4180498
20020905 12:00, 1.00821424378994, -0.4246517
20020906 12:00, 1.00796702950515, -0.4314505
20020907 12:00, 1.00771587026334, -0.4382817
20020908 12:00, 1.00746080356495, -0.4449475
20020909 12:00, 1.00720198337889, -0.4512480
20020910 12:00, 1.00693967170553, -0.4570140
20020911 12:00, 1.00667421372934, -0.4621290
20020912 12:00, 1.00640600471507, -0.4665357
20020913 12:00, 1.00613545767623, -0.4702279
20020914 12:00, 1.00586297773837, -0.4732366
20020915 12:00, 1.00558894495835, -0.4756155
20020916 12:00, 1.00531370443598, -0.4774305
20020917 12:00, 1.00503756143473, -0.4787528
20020918 12:00, 1.00476077937658, -0.4796557
20020919 12:00, 1.00448357925768, -0.4802128
20020920 12:00, 1.00420613974148, -0.4804968
20020921 12:00, 1.00392859769174, -0.4805796
20020922 12:00, 1.00365104915243, -0.4805307
20020923 12:00, 1.00337355080141, -0.4804167
20020924 12:00, 1.00309612178628, -0.4803008
20020925 12:00, 1.00281874569454, -0.4802431
20020926 12:00, 1.00254137231190, -0.4803008
20020927 12:00, 1.00226391885096, -0.4805296
20020928 12:00, 1.00198627052872, -0.4809848
20020929 12:00, 1.00170828075968, -0.4817211
20020930 12:00, 1.00142977181892, -0.4827910
20021001 12:00, 1.00115053758876, -0.4842390
20021002 12:00, 1.00087035076879, -0.4860919
20021003 12:00, 1.00058897727732, -0.4883438
20021004 12:00, 1.00030619974042, -0.4909402
20021005 12:00, 1.00002184918203, -0.4937669
20021006 12:00, 0.99973583946472, -0.4966533
20021007 12:00, 0.99944819485358, -0.4993928
20021008 12:00, 0.99915906084752, -0.5017784
20021009 12:00, 0.99886869391862, -0.5036380
20021010 12:00, 0.99857743418420, -0.5048561
20021011 12:00, 0.99828567076413, -0.5053776
20021012 12:00, 0.99799380959136, -0.5051969
20021013 12:00, 0.99770224934674, -0.5043421
20021014 12:00, 0.99741136656117, -0.5028597
20021015 12:00, 0.99712150804394, -0.5008046
20021016 12:00, 0.99683298790093, -0.4982347
20021017 12:00, 0.99654608673875, -0.4952080
20021018 12:00, 0.99626105142929, -0.4917833
20021019 12:00, 0.99597809458531, -0.4880206
20021020 12:00, 0.99569739349586, -0.4839824
20021021 12:00, 0.99541908865416, -0.4797337
20021022 12:00, 0.99514328218884, -0.4753422
20021023 12:00, 0.99487003651202, -0.4708776
20021024 12:00, 0.99459937337303, -0.4664110
20021025 12:00, 0.99433127333387, -0.4620138
20021026 12:00, 0.99406567555843, -0.4577578
20021027 12:00, 0.99380247783294, -0.4537145
20021028 12:00, 0.99354153698949, -0.4499539
20021029 12:00, 0.99328267042451, -0.4465418
20021030 12:00, 0.99302566014718, -0.4435336
20021031 12:00, 0.99277026154911, -0.4409640
20021101 12:00, 0.99251621937744, -0.4388326
20021102 12:00, 0.99226329245186, -0.4370887
20021103 12:00, 0.99201128582940, -0.4356223
20021104 12:00, 0.99176008476609, -0.4342679
20021105 12:00, 0.99150968120110, -0.4328263
20021106 12:00, 0.99126018383618, -0.4310984
20021107 12:00, 0.99101180838893, -0.4289175
20021108 12:00, 0.99076485226872, -0.4261691
20021109 12:00, 0.99051966280236, -0.4227940
20021110 12:00, 0.99027660785430, -0.4187781
20021111 12:00, 0.99003605390550, -0.4141378
20021112 12:00, 0.98979835252002, -0.4089063
20021113 12:00, 0.98956383354402, -0.4031244
20021114 12:00, 0.98933280252149, -0.3968350
20021115 12:00, 0.98910554001731, -0.3900817
20021116 12:00, 0.98888230115807, -0.3829092
20021117 12:00, 0.98866331436416, -0.3753656
20021118 12:00, 0.98844877882367, -0.3675044
20021119 12:00, 0.98823886072966, -0.3593866
20021120 12:00, 0.98803368866503, -0.3510816
20021121 12:00, 0.98783334875305, -0.3426668
20021122 12:00, 0.98763788026558, -0.3342268
20021123 12:00, 0.98744727229152, -0.3258503
20021124 12:00, 0.98726146187141, -0.3176284
20021125 12:00, 0.98708033382123, -0.3096503
20021126 12:00, 0.98690372244617, -0.3020010
20021127 12:00, 0.98673141558251, -0.2947556
20021128 12:00, 0.98656316187939, -0.2879733
20021129 12:00, 0.98639868271868, -0.2816876
20021130 12:00, 0.98623769022147, -0.2758950
20021201 12:00, 0.98607991182368, -0.2705446
20021202 12:00, 0.98592511959359, -0.2655327
20021203 12:00, 0.98577315935621, -0.2607096
20021204 12:00, 0.98562397251745, -0.2558982
20021205 12:00, 0.98547760428566, -0.2509209
20021206 12:00, 0.98533419619272, -0.2456253
20021207 12:00, 0.98519396624036, -0.2399006
20021208 12:00, 0.98505718344728, -0.2336805
20021209 12:00, 0.98492414353790, -0.2269372
20021210 12:00, 0.98479514998465, -0.2196699
20021211 12:00, 0.98467050161096, -0.2118937
20021212 12:00, 0.98455048585115, -0.2036317
20021213 12:00, 0.98443537582826, -0.1949100
20021214 12:00, 0.98432542930334, -0.1857556
20021215 12:00, 0.98422088783704, -0.1761979
20021216 12:00, 0.98412197491432, -0.1662707
20021217 12:00, 0.98402889222086, -0.1560162
20021218 12:00, 0.98394181373715, -0.1454888
20021219 12:00, 0.98386087785735, -0.1347578
20021220 12:00, 0.98378617832086, -0.1239084
20021221 12:00, 0.98371775524966, -0.1130406
20021222 12:00, 0.98365558784634, -0.1022645
20021223 12:00, 0.98359959019351, -0.0916943
20021224 12:00, 0.98354961112797, -0.0814404
20021225 12:00, 0.98350543855016, -0.0716021
20021226 12:00, 0.98346680805510, -0.0622602
20021227 12:00, 0.98343341561195, -0.0534700
20021228 12:00, 0.98340493408953, -0.0452550
20021229 12:00, 0.98338103339595, -0.0376012
20021230 12:00, 0.98336140348166, -0.0304529
20021231 12:00, 0.98334577830586, -0.0237140
20030101 12:00, 0.98333395747058, -0.0172552
20030102 12:00, 0.98332582148258, -0.0109284
20030103 12:00, 0.98332133738684, -0.0045852
20030104 12:00, 0.98332055389083,  0.0019063
20030105 12:00, 0.98332358801750,  0.0086495
20030106 12:00, 0.98333060731640,  0.0157159
20030107 12:00, 0.98334181191793,  0.0231478
20030108 12:00, 0.98335741952973,  0.0309650
20030109 12:00, 0.98337765475170,  0.0391728
20030110 12:00, 0.98340274261499,  0.0477684
20030111 12:00, 0.98343290534708,  0.0567454
20030112 12:00, 0.98346836097007,  0.0660958
20030113 12:00, 0.98350932225132,  0.0758090
20030114 12:00, 0.98355599458759,  0.0858694
20030115 12:00, 0.98360857156979,  0.0962508
20030116 12:00, 0.98366722730956,  0.1069108
20030117 12:00, 0.98373210523458,  0.1177848
20030118 12:00, 0.98380330404298,  0.1287822
20030119 12:00, 0.98388086272427,  0.1397873
20030120 12:00, 0.98396474759206,  0.1506658
20030121 12:00, 0.98405484455755,  0.1612758
20030122 12:00, 0.98415095902993,  0.1714828
20030123 12:00, 0.98425282407289,  0.1811729
20030124 12:00, 0.98436011555813,  0.1902632
20030125 12:00, 0.98447247187685,  0.1987074
20030126 12:00, 0.98458951562354,  0.2064971
20030127 12:00, 0.98471087522166,  0.2136604
20030128 12:00, 0.98483620510198,  0.2202586
20030129 12:00, 0.98496520333709,  0.2263804
20030130 12:00, 0.98509762557277,  0.2321350
20030131 12:00, 0.98523329401854,  0.2376420
20030201 12:00, 0.98537210056456,  0.2430214
20030202 12:00, 0.98551400392150,  0.2483831
20030203 12:00, 0.98565902178870,  0.2538206
20030204 12:00, 0.98580721996644,  0.2594067
20030205 12:00, 0.98595870065914,  0.2651950
20030206 12:00, 0.98611359190772,  0.2712222
20030207 12:00, 0.98627203936872,  0.2775133
20030208 12:00, 0.98643420084099,  0.2840861
20030209 12:00, 0.98660024324441,  0.2909549
20030210 12:00, 0.98677034124379,  0.2981323
20030211 12:00, 0.98694467634281,  0.3056291
20030212 12:00, 0.98712343498824,  0.3134509
20030213 12:00, 0.98730680403158,  0.3215922
20030214 12:00, 0.98749496192896,  0.3300279
20030215 12:00, 0.98768806459313,  0.3387035
20030216 12:00, 0.98788622613714,  0.3475279
20030217 12:00, 0.98808949687782,  0.3563718
20030218 12:00, 0.98829784324924,  0.3650762
20030219 12:00, 0.98851113538295,  0.3734703
20030220 12:00, 0.98872914682290,  0.3813943
20030221 12:00, 0.98895156727257,  0.3887205
20030222 12:00, 0.98917802521752,  0.3953660
20030223 12:00, 0.98940811492774,  0.4012948
20030224 12:00, 0.98964142258903,  0.4065136
20030225 12:00, 0.98987754828998,  0.4110624
20030226 12:00, 0.99011612278973,  0.4150060
20030227 12:00, 0.99035681940503,  0.4184258
20030228 12:00, 0.99059936181247,  0.4214137
20030301 12:00, 0.99084352841767,  0.4240665
20030302 12:00, 0.99108915365843,  0.4264806
20030303 12:00, 0.99133612649126,  0.4287477
20030304 12:00, 0.99158438644344,  0.4309508
20030305 12:00, 0.99183391789537,  0.4331619
20030306 12:00, 0.99208474351014,  0.4354415
20030307 12:00, 0.99233691780581,  0.4378398
20030308 12:00, 0.99259052172350,  0.4403986
20030309 12:00, 0.99284565872577,  0.4431546
20030310 12:00, 0.99310245253971,  0.4461416
20030311 12:00, 0.99336104619407,  0.4493927
20030312 12:00, 0.99362160149968,  0.4529397
20030313 12:00, 0.99388429758242,  0.4568099
20030314 12:00, 0.99414932654502,  0.4610195
20030315 12:00, 0.99441688400837,  0.4655624
20030316 12:00, 0.99468715260332,  0.4703974
20030317 12:00, 0.99496027803175,  0.4754364
20030318 12:00, 0.99523634035593,  0.4805405
20030319 12:00, 0.99551532686912,  0.4855304
20030320 12:00, 0.99579711500036,  0.4902099
20030321 12:00, 0.99608147186510,  0.4943984
20030322 12:00, 0.99636807133801,  0.4979573
20030323 12:00, 0.99665652317036,  0.5008040
20030324 12:00, 0.99694640557989,  0.5029107
20030325 12:00, 0.99723729401120,  0.5042933
20030326 12:00, 0.99752878243749,  0.5049979
20030327 12:00, 0.99782049702288,  0.5050881
20030328 12:00, 0.99811210384779,  0.5046374
20030329 12:00, 0.99840331278331,  0.5037234
20030330 12:00, 0.99869387914225,  0.5024255
20030331 12:00, 0.99898360404821,  0.5008226
20030401 12:00, 0.99927233390728,  0.4989924
20030402 12:00, 0.99955995907200,  0.4970093
20030403 12:00, 0.99984641174590,  0.4949435
20030404 12:00, 1.00013166329968,  0.4928603
20030405 12:00, 1.00041572134022,  0.4908201
20030406 12:00, 1.00069862698307,  0.4888787
20030407 12:00, 1.00098045275863,  0.4870893
20030408 12:00, 1.00126130140127,  0.4855036
20030409 12:00, 1.00154130542348,  0.4841730
20030410 12:00, 1.00182062686006,  0.4831481
20030411 12:00, 1.00209945589089,  0.4824748
20030412 12:00, 1.00237800628941,  0.4821872
20030413 12:00, 1.00265650506633,  0.4822948
20030414 12:00, 1.00293517386141,  0.4827667
20030415 12:00, 1.00321420138739,  0.4835178
20030416 12:00, 1.00349370996736,  0.4844039
20030417 12:00, 1.00377372385799,  0.4852331
20030418 12:00, 1.00405414960159,  0.4857955
20030419 12:00, 1.00433477604412,  0.4858995
20030420 12:00, 1.00461529426221,  0.4854019
20030421 12:00, 1.00489533005445,  0.4842203
20030422 12:00, 1.00517447866752,  0.4823295
20030423 12:00, 1.00545233376200,  0.4797465
20030424 12:00, 1.00572850731526,  0.4765152
20030425 12:00, 1.00600264104556,  0.4726930
20030426 12:00, 1.00627441179008,  0.4683431
20030427 12:00, 1.00654353345462,  0.4635303
20030428 12:00, 1.00680975751714,  0.4583199
20030429 12:00, 1.00707287324945,  0.4527775
20030430 12:00, 1.00733270813403,  0.4469698
20030501 12:00, 1.00758912849583,  0.4409647
20030502 12:00, 1.00784204014872,  0.4348309
20030503 12:00, 1.00809138883299,  0.4286380
20030504 12:00, 1.00833716033454,  0.4224550
20030505 12:00, 1.00857938034099,  0.4163509
20030506 12:00, 1.00881811421186,  0.4103942
20030507 12:00, 1.00905346682787,  0.4046533
20030508 12:00, 1.00928558246976,  0.3991961
20030509 12:00, 1.00951464421764,  0.3940885
20030510 12:00, 1.00974087166773,  0.3893901
20030511 12:00, 1.00996451495236,  0.3851453
20030512 12:00, 1.01018584246550,  0.3813704
20030513 12:00, 1.01040512000178,  0.3780373
20030514 12:00, 1.01062258103300,  0.3750605
20030515 12:00, 1.01083839182540,  0.3722937
20030516 12:00, 1.01105261963615,  0.3695442
20030517 12:00, 1.01126521412624,  0.3666035
20030518 12:00, 1.01147600871689,  0.3632833
20030519 12:00, 1.01168474100566,  0.3594434
20030520 12:00, 1.01189108438380,  0.3550019
20030521 12:00, 1.01209468086448,  0.3499300
20030522 12:00, 1.01229516786070,  0.3442381
20030523 12:00, 1.01249219618412,  0.3379599
20030524 12:00, 1.01268544006756,  0.3311410
20030525 12:00, 1.01287460162489,  0.3238316
20030526 12:00, 1.01305941230112,  0.3160829
20030527 12:00, 1.01323963329951,  0.3079467
20030528 12:00, 1.01341505624391,  0.2994768
20030529 12:00, 1.01358550468314,  0.2907303
20030530 12:00, 1.01375083654212,  0.2817694
20030531 12:00, 1.01391094727666,  0.2726619
20030601 12:00, 1.01406577329492,  0.2634816
20030602 12:00, 1.01421529516646,  0.2543076
20030603 12:00, 1.01435954022516,  0.2452225
20030604 12:00, 1.01449858432022,  0.2363113
20030605 12:00, 1.01463255257634,  0.2276594
20030606 12:00, 1.01476161897140,  0.2193502
20030607 12:00, 1.01488600424283,  0.2114614
20030608 12:00, 1.01500597109494,  0.2040592
20030609 12:00, 1.01512181506217,  0.1971894
20030610 12:00, 1.01523384908370,  0.1908643
20030611 12:00, 1.01534238047911,  0.1850500
20030612 12:00, 1.01544768114041,  0.1796569
20030613 12:00, 1.01554995520484,  0.1745413
20030614 12:00, 1.01564931169702,  0.1695214
20030615 12:00, 1.01574575013051,  0.1644051
20030616 12:00, 1.01583916342437,  0.1590199
20030617 12:00, 1.01592935631049,  0.1532354
20030618 12:00, 1.01601607241500,  0.1469707
20030619 12:00, 1.01609902204026,  0.1401896
20030620 12:00, 1.01617790497269,  0.1328898
20030621 12:00, 1.01625242612623,  0.1250894
20030622 12:00, 1.01632230456339,  0.1168178
20030623 12:00, 1.01638727777889,  0.1081089
20030624 12:00, 1.01644710337772,  0.0989981
20030625 12:00, 1.01650155996155,  0.0895228
20030626 12:00, 1.01655044853560,  0.0797238
20030627 12:00, 1.01659359523734,  0.0696477
20030628 12:00, 1.01663085570608,  0.0593504
20030629 12:00, 1.01666212095575,  0.0488990
20030630 12:00, 1.01668732419699,  0.0383724
20030701 12:00, 1.01670644773444,  0.0278614
20030702 12:00, 1.01671952891472,  0.0174654
20030703 12:00, 1.01672666415974,  0.0072887
20030704 12:00, 1.01672801034169, -0.0025646
20030705 12:00, 1.01672378300435, -0.0119964
20030706 12:00, 1.01671425105191, -0.0209212
20030707 12:00, 1.01669972744068, -0.0292733
20030708 12:00, 1.01668055524442, -0.0370155
20030709 12:00, 1.01665708854976, -0.0441484
20030710 12:00, 1.01662966839685, -0.0507176
20030711 12:00, 1.01659859561321, -0.0568165
20030712 12:00, 1.01656410448756, -0.0625804
20030713 12:00, 1.01652634264489, -0.0681708
20030714 12:00, 1.01648536190821, -0.0737540
20030715 12:00, 1.01644112204659, -0.0794794
20030716 12:00, 1.01639350540442, -0.0854639
20030717 12:00, 1.01634233755669, -0.0917870
20030718 12:00, 1.01628740859409, -0.0984932
20030719 12:00, 1.01622849109139, -0.1056002
20030720 12:00, 1.01616535301090, -0.1131077
20030721 12:00, 1.01609776564837, -0.1210054
20030722 12:00, 1.01602550780736, -0.1292784
20030723 12:00, 1.01594836778179, -0.1379089
20030724 12:00, 1.01586614471062, -0.1468768
20030725 12:00, 1.01577865066571, -0.1561571
20030726 12:00, 1.01568571454192, -0.1657157
20030727 12:00, 1.01558718842746, -0.1755055
20030728 12:00, 1.01548295658901, -0.1854617
20030729 12:00, 1.01537294649238, -0.1954992
20030730 12:00, 1.01525714048893, -0.2055135
20030731 12:00, 1.01513558616216, -0.2153842
20030801 12:00, 1.01500840313665, -0.2249837
20030802 12:00, 1.01487578457268, -0.2341870
20030803 12:00, 1.01473799248975, -0.2428823
20030804 12:00, 1.01459534710382, -0.2509812
20030805 12:00, 1.01444821112096, -0.2584261
20030806 12:00, 1.01429697024936, -0.2651957
20030807 12:00, 1.01414201125321, -0.2713080
20030808 12:00, 1.01398369901961, -0.2768204
20030809 12:00, 1.01382235454155, -0.2818266
20030810 12:00, 1.01365823626629, -0.2864478
20030811 12:00, 1.01349152742481, -0.2908208
20030812 12:00, 1.01332233126790, -0.2950834
20030813 12:00, 1.01315067456632, -0.2993607
20030814 12:00, 1.01297651786311, -0.3037558
20030815 12:00, 1.01279976962107, -0.3083457
20030816 12:00, 1.01262030110281, -0.3131827
20030817 12:00, 1.01243795947668, -0.3182990
20030818 12:00, 1.01225257777901, -0.3237123
20030819 12:00, 1.01206398147691, -0.3294319
20030820 12:00, 1.01187199219206, -0.3354625
20030821 12:00, 1.01167642963155, -0.3418060
20030822 12:00, 1.01147711302249, -0.3484619
20030823 12:00, 1.01127386345910, -0.3554237
20030824 12:00, 1.01106650856885, -0.3626742
20030825 12:00, 1.01085489070110, -0.3701784
20030826 12:00, 1.01063887927252, -0.3778763
20030827 12:00, 1.01041838682179, -0.3856781
20030828 12:00, 1.01019338679996, -0.3934633
20030829 12:00, 1.00996392961785, -0.4010875
20030830 12:00, 1.00973015279658, -0.4083961
20030831 12:00, 1.00949228190817, -0.4152419
20030901 12:00, 1.00925062126793, -0.4215020
20030902 12:00, 1.00900553603518, -0.4270900
20030903 12:00, 1.00875742919514, -0.4319617
20030904 12:00, 1.00850671718852, -0.4361143
20030905 12:00, 1.00825380706336, -0.4395821
20030906 12:00, 1.00799907679636, -0.4424303
20030907 12:00, 1.00774285954399, -0.4447478
20030908 12:00, 1.00748543221241, -0.4466391
20030909 12:00, 1.00722700864837, -0.4482166
20030910 12:00, 1.00696773760921, -0.4495920
20030911 12:00, 1.00670770527691, -0.4508692
20030912 12:00, 1.00644694150051, -0.4521387
20030913 12:00, 1.00618542842056, -0.4534750
20030914 12:00, 1.00592310988618, -0.4549364
20030915 12:00, 1.00565990020959, -0.4565673
20030916 12:00, 1.00539569123499, -0.4584019
20030917 12:00, 1.00513035726521, -0.4604673
20030918 12:00, 1.00486375795030, -0.4627874
20030919 12:00, 1.00459573973544, -0.4653844
20030920 12:00, 1.00432613689951, -0.4682778
20030921 12:00, 1.00405477361496, -0.4714823
20030922 12:00, 1.00378146878957, -0.4750002
20030923 12:00, 1.00350604554300, -0.4788127
20030924 12:00, 1.00322834668591, -0.4828687
20030925 12:00, 1.00294825611583, -0.4870759
20030926 12:00, 1.00266572354535, -0.4912993
20030927 12:00, 1.00238078719054, -0.4953701
20030928 12:00, 1.00209358764474, -0.4991066
20030929 12:00, 1.00180436773774, -0.5023409
20030930 12:00, 1.00151345759354, -0.5049418
20031001 12:00, 1.00122124900393, -0.5068281
20031002 12:00, 1.00092816584183, -0.5079692
20031003 12:00, 1.00063463660094, -0.5083780
20031004 12:00, 1.00034107251518, -0.5080995
20031005 12:00, 1.00004785200449, -0.5072008
20031006 12:00, 0.99975531055968, -0.5057622
20031007 12:00, 0.99946373471633, -0.5038720
20031008 12:00, 0.99917335901736, -0.5016215
20031009 12:00, 0.99888436531046, -0.4991012
20031010 12:00, 0.99859688403978, -0.4963980
20031011 12:00, 0.99831099725826, -0.4935924
20031012 12:00, 0.99802674295806, -0.4907562
20031013 12:00, 0.99774412012551, -0.4879525
20031014 12:00, 0.99746309380625, -0.4852361
20031015 12:00, 0.99718359949543, -0.4826548
20031016 12:00, 0.99690554635764, -0.4802524
20031017 12:00, 0.99662881910377, -0.4780702
20031018 12:00, 0.99635327877744, -0.4761489
20031019 12:00, 0.99607876322308, -0.4745279
20031020 12:00, 0.99580508861945, -0.4732419
20031021 12:00, 0.99553205410024, -0.4723135
20031022 12:00, 0.99525945190815, -0.4717418
20031023 12:00, 0.99498708522544, -0.4714875
20031024 12:00, 0.99471479409880, -0.4714606
20031025 12:00, 0.99444248642355, -0.4715166
20031026 12:00, 0.99417016679664, -0.4714685
20031027 12:00, 0.99389795387676, -0.4711139
20031028 12:00, 0.99362607935393, -0.4702693
20031029 12:00, 0.99335486835308, -0.4687982
20031030 12:00, 0.99308470800237, -0.4666230
20031031 12:00, 0.99281601369738, -0.4637218
20031101 12:00, 0.99254920055826, -0.4601148
20031102 12:00, 0.99228466330422, -0.4558501
20031103 12:00, 0.99202276414750, -0.4509906
20031104 12:00, 0.99176382654181, -0.4456065
20031105 12:00, 0.99150813242558, -0.4397710
20031106 12:00, 0.99125592120073, -0.4335580
20031107 12:00, 0.99100738946315, -0.4270416
20031108 12:00, 0.99076269112428, -0.4202954
20031109 12:00, 0.99052193792298, -0.4133918
20031110 12:00, 0.99028520042867, -0.4064008
20031111 12:00, 0.99005250954989, -0.3993896
20031112 12:00, 0.98982385838652, -0.3924220
20031113 12:00, 0.98959920410483, -0.3855587
20031114 12:00, 0.98937846946084, -0.3788583
20031115 12:00, 0.98916154370502, -0.3723784
20031116 12:00, 0.98894828290147, -0.3661764
20031117 12:00, 0.98873851020174, -0.3603086
20031118 12:00, 0.98853201732157, -0.3548265
20031119 12:00, 0.98832856928996, -0.3497694
20031120 12:00, 0.98812791518325, -0.3451507
20031121 12:00, 0.98792980738943, -0.3409427
20031122 12:00, 0.98773403009749, -0.3370612
20031123 12:00, 0.98754043373812, -0.3333615
20031124 12:00, 0.98734896723239, -0.3296511
20031125 12:00, 0.98715969742061, -0.3257202
20031126 12:00, 0.98697280811098, -0.3213796
20031127 12:00, 0.98678857910223, -0.3164896
20031128 12:00, 0.98660735321580, -0.3109719
20031129 12:00, 0.98642950195850, -0.3048036
20031130 12:00, 0.98625539761648, -0.2980021
20031201 12:00, 0.98608539467318, -0.2906091
20031202 12:00, 0.98591981961969, -0.2826781
20031203 12:00, 0.98575896653707, -0.2742671
20031204 12:00, 0.98560309576329, -0.2654346
20031205 12:00, 0.98545243363975, -0.2562398
20031206 12:00, 0.98530717215836, -0.2467428
20031207 12:00, 0.98516746802731, -0.2370058
20031208 12:00, 0.98503344116422, -0.2270941
20031209 12:00, 0.98490517290509, -0.2170759
20031210 12:00, 0.98478270430280, -0.2070224
20031211 12:00, 0.98466603481426, -0.1970063
20031212 12:00, 0.98455512150164, -0.1871016
20031213 12:00, 0.98444987869414, -0.1773822
20031214 12:00, 0.98435017797795, -0.1679221
20031215 12:00, 0.98425584850210, -0.1587941
20031216 12:00, 0.98416667796987, -0.1500684
20031217 12:00, 0.98408241533126, -0.1418080
20031218 12:00, 0.98400277698480, -0.1340610
20031219 12:00, 0.98392745890113, -0.1268477
20031220 12:00, 0.98385615685724, -0.1201457
20031221 12:00, 0.98378859512680, -0.1138772
20031222 12:00, 0.98372456024007, -0.1079053
20031223 12:00, 0.98366393209370, -0.1020470
20031224 12:00, 0.98360670275854, -0.0961026
20031225 12:00, 0.98355297639672, -0.0898892
20031226 12:00, 0.98350295084100, -0.0832684
20031227 12:00, 0.98345688810654, -0.0761569
20031228 12:00, 0.98341508333312, -0.0685216
20031229 12:00, 0.98337783922508, -0.0603667
20031230 12:00, 0.98334544878675, -0.0517195
20031231 12:00, 0.98331818573025, -0.0426179
20040101 12:00, 0.98329630030012, -0.0331044
20040102 12:00, 0.98328001803535, -0.0232218
20040103 12:00, 0.98326953946042, -0.0130141
20040104 12:00, 0.98326503935280, -0.0025269
20040105 12:00, 0.98326666485098,  0.0081895
20040106 12:00, 0.98327453218828,  0.0190779
20040107 12:00, 0.98328872226416,  0.0300729
20040108 12:00, 0.98330927558534,  0.0411002
20040109 12:00, 0.98333618728950,  0.0520771
20040110 12:00, 0.98336940297257,  0.0629151
20040111 12:00, 0.98340881589094,  0.0735221
20040112 12:00, 0.98345426588770,  0.0838058
20040113 12:00, 0.98350554024172,  0.0936770
20040114 12:00, 0.98356237670003,  0.1030542
20040115 12:00, 0.98362446928425,  0.1118685
20040116 12:00, 0.98369147794867,  0.1200724
20040117 12:00, 0.98376304348383,  0.1276490
20040118 12:00, 0.98383880867990,  0.1346237
20040119 12:00, 0.98391844519823,  0.1410719
20040120 12:00, 0.98400168288656,  0.1471188
20040121 12:00, 0.98408833552142,  0.1529267
20040122 12:00, 0.98417831613587,  0.1586725
20040123 12:00, 0.98427163757592,  0.1645208
20040124 12:00, 0.98436839887603,  0.1706029
20040125 12:00, 0.98446876261766,  0.1770068
20040126 12:00, 0.98457293014578,  0.1837799
20040127 12:00, 0.98468112014143,  0.1909367
20040128 12:00, 0.98479355320618,  0.1984710
20040129 12:00, 0.98491044255116,  0.2063648
20040130 12:00, 0.98503198939370,  0.2145955
20040131 12:00, 0.98515838117194,  0.2231383
20040201 12:00, 0.98528979078358,  0.2319673
20040202 12:00, 0.98542637538810,  0.2410536
20040203 12:00, 0.98556827371058,  0.2503616
20040204 12:00, 0.98571560121906,  0.2598457
20040205 12:00, 0.98586844304919,  0.2694459
20040206 12:00, 0.98602684513362,  0.2790862
20040207 12:00, 0.98619080459444,  0.2886739
20040208 12:00, 0.98636026092028,  0.2981028
20040209 12:00, 0.98653508958745,  0.3072586
20040210 12:00, 0.98671509950216,  0.3160263
20040211 12:00, 0.98690003503557,  0.3242987
20040212 12:00, 0.98708958276734,  0.3319843
20040213 12:00, 0.98728338262938,  0.3390143
20040214 12:00, 0.98748104304101,  0.3453493
20040215 12:00, 0.98768215965986,  0.3509854
20040216 12:00, 0.98788633716549,  0.3559583
20040217 12:00, 0.98809321274957,  0.3603447
20040218 12:00, 0.98830247879056,  0.3642577
20040219 12:00, 0.98851390115482,  0.3678363
20040220 12:00, 0.98872732957183,  0.3712291
20040221 12:00, 0.98894269806996,  0.3745766
20040222 12:00, 0.98916001606163,  0.3779974
20040223 12:00, 0.98937935308123,  0.3815806
20040224 12:00, 0.98960082127144,  0.3853850
20040225 12:00, 0.98982455923991,  0.3894445
20040226 12:00, 0.99005071947421,  0.3937746
20040227 12:00, 0.99027945994377,  0.3983798
20040228 12:00, 0.99051093936392,  0.4032589
20040229 12:00, 0.99074531496262,  0.4084082
20040301 12:00, 0.99098274134322,  0.4138223
20040302 12:00, 0.99122336900094,  0.4194920
20040303 12:00, 0.99146734112888,  0.4254002
20040304 12:00, 0.99171478755819,  0.4315166
20040305 12:00, 0.99196581512377,  0.4377910
20040306 12:00, 0.99222049455316,  0.4441479
20040307 12:00, 0.99247884514520,  0.4504847
20040308 12:00, 0.99274081977185,  0.4566750
20040309 12:00, 0.99300629355367,  0.4625779
20040310 12:00, 0.99327505934813,  0.4680521
20040311 12:00, 0.99354683178961,  0.4729705
20040312 12:00, 0.99382125956428,  0.4772335
20040313 12:00, 0.99409794383942,  0.4807771
20040314 12:00, 0.99437646000560,  0.4835762
20040315 12:00, 0.99465638014890,  0.4856442
20040316 12:00, 0.99493729440595,  0.4870296
20040317 12:00, 0.99521882995899,  0.4878110
20040318 12:00, 0.99550066663644,  0.4880909
20040319 12:00, 0.99578254805614,  0.4879862
20040320 12:00, 0.99606428736104,  0.4876190
20040321 12:00, 0.99634576713290,  0.4871061
20040322 12:00, 0.99662693398761,  0.4865512
20040323 12:00, 0.99690778931098,  0.4860399
20040324 12:00, 0.99718837817044,  0.4856379
20040325 12:00, 0.99746877843044,  0.4853935
20040326 12:00, 0.99774909159054,  0.4853411
20040327 12:00, 0.99802943612016,  0.4855058
20040328 12:00, 0.99830994333332,  0.4859075
20040329 12:00, 0.99859075526028,  0.4865638
20040330 12:00, 0.99887202353683,  0.4874902
20040331 12:00, 0.99915390799299,  0.4886991
20040401 12:00, 0.99943657335889,  0.4901940
20040402 12:00, 0.99972018238965,  0.4919631
20040403 12:00, 1.00000488396405,  0.4939685
20040404 12:00, 1.00029079564867,  0.4961383
20040405 12:00, 1.00057798203800,  0.4983609
20040406 12:00, 1.00086643257590,  0.5004890
20040407 12:00, 1.00115604445869,  0.5023536
20040408 12:00, 1.00144661615718,  0.5037859
20040409 12:00, 1.00173785440604,  0.5046406
20040410 12:00, 1.00202939328179,  0.5048136
20040411 12:00, 1.00232082053042,  0.5042488
20040412 12:00, 1.00261170531418,  0.5029370
20040413 12:00, 1.00290162292008,  0.5009071
20040414 12:00, 1.00319017430476,  0.4982175
20040415 12:00, 1.00347700026528,  0.4949465
20040416 12:00, 1.00376179095630,  0.4911855
20040417 12:00, 1.00404429158379,  0.4870329
20040418 12:00, 1.00432430485097,  0.4825885
20040419 12:00, 1.00460169050858,  0.4779494
20040420 12:00, 1.00487636235919,  0.4732051
20040421 12:00, 1.00514828326197,  0.4684354
20040422 12:00, 1.00541745893597,  0.4637090
20040423 12:00, 1.00568393150587,  0.4590836
20040424 12:00, 1.00594777368604,  0.4546077
20040425 12:00, 1.00620908425944,  0.4503235
20040426 12:00, 1.00646798513755,  0.4462694
20040427 12:00, 1.00672461984696,  0.4424820
20040428 12:00, 1.00697915280452,  0.4389969
20040429 12:00, 1.00723176821492,  0.4358466
20040430 12:00, 1.00748266687170,  0.4330548
20040501 12:00, 1.00773205869872,  0.4306274
20040502 12:00, 1.00798014887599,  0.4285399
20040503 12:00, 1.00822711640575,  0.4267243
20040504 12:00, 1.00847308645508,  0.4250617
20040505 12:00, 1.00871810143897,  0.4233863
20040506 12:00, 1.00896209884680,  0.4215049
20040507 12:00, 1.00920490370237,  0.4192267
20040508 12:00, 1.00944623912558,  0.4163941
20040509 12:00, 1.00968575184338,  0.4129023
20040510 12:00, 1.00992304475702,  0.4087037
20040511 12:00, 1.01015770827517,  0.4038007
20040512 12:00, 1.01038934515195,  0.3982314
20040513 12:00, 1.01061758736191,  0.3920567
20040514 12:00, 1.01084210613001,  0.3853503
20040515 12:00, 1.01106261717955,  0.3781919
20040516 12:00, 1.01127888307736,  0.3706635
20040517 12:00, 1.01149071391789,  0.3628473
20040518 12:00, 1.01169796696194,  0.3548243
20040519 12:00, 1.01190054544454,  0.3466724
20040520 12:00, 1.01209839662607,  0.3384660
20040521 12:00, 1.01229150921975,  0.3302742
20040522 12:00, 1.01247991047705,  0.3221613
20040523 12:00, 1.01266366333981,  0.3141868
20040524 12:00, 1.01284286409115,  0.3064069
20040525 12:00, 1.01301764081266,  0.2988758
20040526 12:00, 1.01318815266884,  0.2916469
20040527 12:00, 1.01335458958542,  0.2847733
20040528 12:00, 1.01351717126839,  0.2783043
20040529 12:00, 1.01367614377056,  0.2722804
20040530 12:00, 1.01383177114334,  0.2667213
20040531 12:00, 1.01398431957798,  0.2616120
20040601 12:00, 1.01413403259656,  0.2568868
20040602 12:00, 1.01428109893254,  0.2524211
20040603 12:00, 1.01442561927578,  0.2480372
20040604 12:00, 1.01456758164422,  0.2435279
20040605 12:00, 1.01470685444110,  0.2386924
20040606 12:00, 1.01484320019695,  0.2333696
20040607 12:00, 1.01497630493303,  0.2274572
20040608 12:00, 1.01510581325569,  0.2209129
20040609 12:00, 1.01523135999461,  0.2137427
20040610 12:00, 1.01535259343849,  0.2059846
20040611 12:00, 1.01546918959171,  0.1976944
20040612 12:00, 1.01558085943304,  0.1889362
20040613 12:00, 1.01568735183628,  0.1797766
20040614 12:00, 1.01578845438754,  0.1702828
20040615 12:00, 1.01588399354269,  0.1605223
20040616 12:00, 1.01597383482673,  0.1505629
20040617 12:00, 1.01605788324494,  0.1404736
20040618 12:00, 1.01613608378191,  0.1303239
20040619 12:00, 1.01620842178032,  0.1201838
20040620 12:00, 1.01627492306161,  0.1101235
20040621 12:00, 1.01633565379714,  0.1002125
20040622 12:00, 1.01639072027094,  0.0905202
20040623 12:00, 1.01644026870312,  0.0811155
20040624 12:00, 1.01648448515200,  0.0720674
20040625 12:00, 1.01652359513156,  0.0634432
20040626 12:00, 1.01655786195953,  0.0553057
20040627 12:00, 1.01658758206512,  0.0477052
20040628 12:00, 1.01661307479662,  0.0406683
20040629 12:00, 1.01663466423854,  0.0341821
20040630 12:00, 1.01665265198526,  0.0281797
20040701 12:00, 1.01666728324072,  0.0225326
20040702 12:00, 1.01667871320394,  0.0170606
20040703 12:00, 1.01668698370971,  0.0115570
20040704 12:00, 1.01669201837385,  0.0058250
20040705 12:00, 1.01669363781095, -0.0002911
20040706 12:00, 1.01669158883194, -0.0068900
20040707 12:00, 1.01668557775485, -0.0140145
20040708 12:00, 1.01667529944328, -0.0216641
20040709 12:00, 1.01666045799099, -0.0298099
20040710 12:00, 1.01664077896181, -0.0384082
20040711 12:00, 1.01661601527309, -0.0474091
20040712 12:00, 1.01658594931958, -0.0567608
20040713 12:00, 1.01655039352016, -0.0664112
20040714 12:00, 1.01650919076004, -0.0763067
20040715 12:00, 1.01646221551989, -0.0863911
20040716 12:00, 1.01640937593974, -0.0966039
20040717 12:00, 1.01635061667647, -0.1068790
20040718 12:00, 1.01628592217732, -0.1171447
20040719 12:00, 1.01621531990612, -0.1273238
20040720 12:00, 1.01613888310614, -0.1373353
20040721 12:00, 1.01605673281427, -0.1470950
20040722 12:00, 1.01596903896310, -0.1565180
20040723 12:00, 1.01587602040578, -0.1655203
20040724 12:00, 1.01577794347635, -0.1740220
20040725 12:00, 1.01567511822407, -0.1819527
20040726 12:00, 1.01556789084173, -0.1892594
20040727 12:00, 1.01545663036312, -0.1959181
20040728 12:00, 1.01534170799555, -0.2019475
20040729 12:00, 1.01522346910685, -0.2074198
20040730 12:00, 1.01510220103388, -0.2124629
20040731 12:00, 1.01497810340988, -0.2172495
20040801 12:00, 1.01485126925898, -0.2219712
20040802 12:00, 1.01472168268025, -0.2268086
20040803 12:00, 1.01458923317696, -0.2319054
20040804 12:00, 1.01445374096181, -0.2373569
20040805 12:00, 1.01431498518350, -0.2432114
20040806 12:00, 1.01417272849519, -0.2494797
20040807 12:00, 1.01402673476697, -0.2561488
20040808 12:00, 1.01387677982019, -0.2631920
20040809 12:00, 1.01372265680754, -0.2705768
20040810 12:00, 1.01356417837681, -0.2782686
20040811 12:00, 1.01340117755530, -0.2862313
20040812 12:00, 1.01323350882035, -0.2944264
20040813 12:00, 1.01306105030830, -0.3028100
20040814 12:00, 1.01288370762672, -0.3113304
20040815 12:00, 1.01270141927252, -0.3199250
20040816 12:00, 1.01251416322583, -0.3285196
20040817 12:00, 1.01232196392974, -0.3370278
20040818 12:00, 1.01212489865348, -0.3453534
20040819 12:00, 1.01192310222985, -0.3533940
20040820 12:00, 1.01171676934262, -0.3610456
20040821 12:00, 1.01150615380291, -0.3682085
20040822 12:00, 1.01129156443153, -0.3747929
20040823 12:00, 1.01107335714078, -0.3807268
20040824 12:00, 1.01085192263701, -0.3859633
20040825 12:00, 1.01062766911223, -0.3904902
20040826 12:00, 1.01040099978095, -0.3943381
20040827 12:00, 1.01017228646953, -0.3975853
20040828 12:00, 1.00994184251411, -0.4003549
20040829 12:00, 1.00970990003408, -0.4028022
20040830 12:00, 1.00947659684116, -0.4050946
20040831 12:00, 1.00924197604300, -0.4073891
20040901 12:00, 1.00900599758665, -0.4098145
20040902 12:00, 1.00876855756994, -0.4124625
20040903 12:00, 1.00852950981556, -0.4153885
20040904 12:00, 1.00828868513275, -0.4186182
20040905 12:00, 1.00804590580717, -0.4221569
20040906 12:00, 1.00780099491550, -0.4259978
20040907 12:00, 1.00755378140121, -0.4301283
20040908 12:00, 1.00730410243292, -0.4345328
20040909 12:00, 1.00705180465309, -0.4391938
20040910 12:00, 1.00679674576749, -0.4440902
20040911 12:00, 1.00653879766571, -0.4491933
20040912 12:00, 1.00627785191297, -0.4544628
20040913 12:00, 1.00601382796320, -0.4598418
20040914 12:00, 1.00574668376629, -0.4652534
20040915 12:00, 1.00547642763091, -0.4706003
20040916 12:00, 1.00520312945489, -0.4757674
20040917 12:00, 1.00492692905640, -0.4806291
20040918 12:00, 1.00464803957635, -0.4850589
20040919 12:00, 1.00436674476394, -0.4889406
20040920 12:00, 1.00408339006835, -0.4921783
20040921 12:00, 1.00379836837395, -0.4947048
20040922 12:00, 1.00351210165564, -0.4964874
20040923 12:00, 1.00322501987925, -0.4975315
20040924 12:00, 1.00293753848229, -0.4978819
20040925 12:00, 1.00265003605564, -0.4976208
20040926 12:00, 1.00236283439698, -0.4968613
20040927 12:00, 1.00207618351505, -0.4957367
20040928 12:00, 1.00179025387353, -0.4943868
20040929 12:00, 1.00150513691772, -0.4929431
20040930 12:00, 1.00122085308170, -0.4915185
20041001 12:00, 1.00093736483232, -0.4902005
20041002 12:00, 1.00065459157209, -0.4890509
20041003 12:00, 1.00037242355482, -0.4881097
20041004 12:00, 1.00009073299277, -0.4874004
20041005 12:00, 0.99980938170937, -0.4869364
20041006 12:00, 0.99952822563917, -0.4867254
20041007 12:00, 0.99924711708226, -0.4867726
20041008 12:00, 0.99896590595012, -0.4870809
20041009 12:00, 0.99868444140595, -0.4876494
20041010 12:00, 0.99840257536197, -0.4884687
20041011 12:00, 0.99812016919964, -0.4895141
20041012 12:00, 0.99783710467089, -0.4907384
20041013 12:00, 0.99755329902735, -0.4920650
20041014 12:00, 0.99726872296225, -0.4933856
20041015 12:00, 0.99698341825866, -0.4945637
20041016 12:00, 0.99669751089062, -0.4954467
20041017 12:00, 0.99641121560001, -0.4958829
20041018 12:00, 0.99612482994446, -0.4957400
20041019 12:00, 0.99583871868990, -0.4949195
20041020 12:00, 0.99555329177321, -0.4933642
20041021 12:00, 0.99526897986407, -0.4910592
20041022 12:00, 0.99498621086041, -0.4880282
20041023 12:00, 0.99470538930433, -0.4843271
20041024 12:00, 0.99442687957340, -0.4800379
20041025 12:00, 0.99415099316171, -0.4752606
20041026 12:00, 0.99387798027785, -0.4701060
20041027 12:00, 0.99360802598350, -0.4646877
20041028 12:00, 0.99334125087311, -0.4591141
20041029 12:00, 0.99307771579744, -0.4534828
20041030 12:00, 0.99281742954511, -0.4478761
20041031 12:00, 0.99256035798876, -0.4423603
20041101 12:00, 0.99230643315309, -0.4369868
20041102 12:00, 0.99205556096759, -0.4317951
20041103 12:00, 0.99180762698777, -0.4268168
20041104 12:00, 0.99156249994393, -0.4220792
20041105 12:00, 0.99132003350418, -0.4176075
20041106 12:00, 0.99108006710276, -0.4134256
20041107 12:00, 0.99084242711397, -0.4095543
20041108 12:00, 0.99060693004919, -0.4060058
20041109 12:00, 0.99037338971372, -0.4027756
20041110 12:00, 0.99014163009661, -0.3998310
20041111 12:00, 0.98991150474711, -0.3971007
20041112 12:00, 0.98968292120492, -0.3944688
20041113 12:00, 0.98945586605494, -0.3917793
20041114 12:00, 0.98923042380519, -0.3888530
20041115 12:00, 0.98900678301931, -0.3855133
20041116 12:00, 0.98878522678787, -0.3816134
20041117 12:00, 0.98856611001821, -0.3770535
20041118 12:00, 0.98834982998837, -0.3717864
20041119 12:00, 0.98813679715584, -0.3658121
20041120 12:00, 0.98792741092447, -0.3591670
20041121 12:00, 0.98772204200330, -0.3519123
20041122 12:00, 0.98752102078522, -0.3441250
20041123 12:00, 0.98732463029707, -0.3358913
20041124 12:00, 0.98713310236422, -0.3273017
20041125 12:00, 0.98694661611946, -0.3184475
20041126 12:00, 0.98676529843383, -0.3094179
20041127 12:00, 0.98658922605369, -0.3002969
20041128 12:00, 0.98641842918302, -0.2911614
20041129 12:00, 0.98625289606205, -0.2820797
20041130 12:00, 0.98609257790842, -0.2731117
20041201 12:00, 0.98593739351970, -0.2643102
20041202 12:00, 0.98578723293268, -0.2557223
20041203 12:00, 0.98564195978561, -0.2473927
20041204 12:00, 0.98550141240204, -0.2393646
20041205 12:00, 0.98536540409150, -0.2316814
20041206 12:00, 0.98523372374392, -0.2243837
20041207 12:00, 0.98510613846167, -0.2175050
20041208 12:00, 0.98498240058411, -0.2110610
20041209 12:00, 0.98486226162510, -0.2050362
20041210 12:00, 0.98474549468412, -0.1993692
20041211 12:00, 0.98463192416082, -0.1939432
20041212 12:00, 0.98452145736606, -0.1885898
20041213 12:00, 0.98441410893919, -0.1831106
20041214 12:00, 0.98431000905641, -0.1773100
20041215 12:00, 0.98420939170068, -0.1710287
20041216 12:00, 0.98411256704085, -0.1641642
20041217 12:00, 0.98401988717392, -0.1566730
20041218 12:00, 0.98393171439386, -0.1485607
20041219 12:00, 0.98384839727671, -0.1398668
20041220 12:00, 0.98377025552981, -0.1306497
20041221 12:00, 0.98369757186592, -0.1209777
20041222 12:00, 0.98363058836792, -0.1109226
20041223 12:00, 0.98356950518631, -0.1005576
20041224 12:00, 0.98351448020020, -0.0899558
20041225 12:00, 0.98346562901364, -0.0791904
20041226 12:00, 0.98342302516538, -0.0683338
20041227 12:00, 0.98338670066479, -0.0574573
20041228 12:00, 0.98335664697262, -0.0466299
20041229 12:00, 0.98333281640458, -0.0359180
20041230 12:00, 0.98331512375101, -0.0253852
20041231 12:00, 0.98330344777681, -0.0150928
20050101 12:00, 0.98329763226862, -0.0051008
20050102 12:00, 0.98329748647961,  0.0045310
20050103 12:00, 0.98330278521311,  0.0137432
20050104 12:00, 0.98331326939509,  0.0224786
20050105 12:00, 0.98332864877922,  0.0306878
20050106 12:00, 0.98334860923498,  0.0383395
20050107 12:00, 0.98337282743374,  0.0454360
20050108 12:00, 0.98340099486142,  0.0520289
20050109 12:00, 0.98343285014462,  0.0582306
20050110 12:00, 0.98346821391064,  0.0642106
20050111 12:00, 0.98350701617535,  0.0701729
20050112 12:00, 0.98354930630554,  0.0763204
20050113 12:00, 0.98359524157800,  0.0828189
20050114 12:00, 0.98364505899701,  0.0897768
20050115 12:00, 0.98369904054934,  0.0972426
20050116 12:00, 0.98375748164126,  0.1052167
20050117 12:00, 0.98382066805943,  0.1136682
20050118 12:00, 0.98388886214415,  0.1225490
20050119 12:00, 0.98396229611433,  0.1318041
20050120 12:00, 0.98404116972961,  0.1413766
20050121 12:00, 0.98412564988486,  0.1512096
20050122 12:00, 0.98421587053356,  0.1612458
20050123 12:00, 0.98431193210900,  0.1714262
20050124 12:00, 0.98441390020850,  0.1816889
20050125 12:00, 0.98452180369954,  0.1919687
20050126 12:00, 0.98463563260753,  0.2021964
20050127 12:00, 0.98475533617127,  0.2122999
20050128 12:00, 0.98488082134132,  0.2222051
20050129 12:00, 0.98501195181727,  0.2318365
20050130 12:00, 0.98514854757122,  0.2411182
20050131 12:00, 0.98529038479442,  0.2499747
20050201 12:00, 0.98543719642467,  0.2583321
20050202 12:00, 0.98558867390646,  0.2661213
20050203 12:00, 0.98574447156004,  0.2732842
20050204 12:00, 0.98590421567348,  0.2797839
20050205 12:00, 0.98606752069879,  0.2856188
20050206 12:00, 0.98623401397822,  0.2908374
20050207 12:00, 0.98640336762779,  0.2955468
20050208 12:00, 0.98657533197814,  0.2999086
20050209 12:00, 0.98674976153608,  0.3041171
20050210 12:00, 0.98692662487833,  0.3083672
20050211 12:00, 0.98710599527589,  0.3128222
20050212 12:00, 0.98728802622831,  0.3175947
20050213 12:00, 0.98747292073704,  0.3227443
20050214 12:00, 0.98766090285276,  0.3282865
20050215 12:00, 0.98785219640383,  0.3342074
20050216 12:00, 0.98804701184213,  0.3404766
20050217 12:00, 0.98824553964173,  0.3470565
20050218 12:00, 0.98844794782681,  0.3539074
20050219 12:00, 0.98865438137235,  0.3609892
20050220 12:00, 0.98886496179068,  0.3682606
20050221 12:00, 0.98907978584006,  0.3756767
20050222 12:00, 0.98929892284565,  0.3831869
20050223 12:00, 0.98952241059574,  0.3907324
20050224 12:00, 0.98975025016914,  0.3982447
20050225 12:00, 0.98998240033924,  0.4056458
20050226 12:00, 0.99021877234232,  0.4128496
20050227 12:00, 0.99045922576368,  0.4197638
20050228 12:00, 0.99070356611742,  0.4262939
20050301 12:00, 0.99095154448384,  0.4323467
20050302 12:00, 0.99120285947531,  0.4378345
20050303 12:00, 0.99145716194506,  0.4426805
20050304 12:00, 0.99171406322410,  0.4468261
20050305 12:00, 0.99197314805569,  0.4502395
20050306 12:00, 0.99223399336247,  0.4529272
20050307 12:00, 0.99249619300356,  0.4549427
20050308 12:00, 0.99275938651410,  0.4563903
20050309 12:00, 0.99302328704819,  0.4574186
20050310 12:00, 0.99328770196142,  0.4582014
20050311 12:00, 0.99355254041395,  0.4589130
20050312 12:00, 0.99381780628467,  0.4597036
20050313 12:00, 0.99408357956236,  0.4606851
20050314 12:00, 0.99434999244272,  0.4619268
20050315 12:00, 0.99461720633101,  0.4634619
20050316 12:00, 0.99488539369513,  0.4652974
20050317 12:00, 0.99515472599388,  0.4674244
20050318 12:00, 0.99542536694217,  0.4698260
20050319 12:00, 0.99569746945083,  0.4724822
20050320 12:00, 0.99597117441310,  0.4753714
20050321 12:00, 0.99624660972218,  0.4784699
20050322 12:00, 0.99652388824975,  0.4817489
20050323 12:00, 0.99680310390700,  0.4851708
20050324 12:00, 0.99708432536471,  0.4886852
20050325 12:00, 0.99736758756293,  0.4922252
20050326 12:00, 0.99765288177730,  0.4957063
20050327 12:00, 0.99794014561447,  0.4990278
20050328 12:00, 0.99822925468447,  0.5020768
20050329 12:00, 0.99852001766246,  0.5047356
20050330 12:00, 0.99881217597707,  0.5068905
20050331 12:00, 0.99910540863722,  0.5084406
20050401 12:00, 0.99939934205142,  0.5093060
20050402 12:00, 0.99969356433722,  0.5094351
20050403 12:00, 0.99998764353315,  0.5088108
20050404 12:00, 1.00028114902392,  0.5074556
20050405 12:00, 1.00057367502058,  0.5054330
20050406 12:00, 1.00086486399878,  0.5028456
20050407 12:00, 1.00115442696208,  0.4998262
20050408 12:00, 1.00144215702287,  0.4965236
20050409 12:00, 1.00172793373718,  0.4930855
20050410 12:00, 1.00201171781153,  0.4896431
20050411 12:00, 1.00229353828035,  0.4863007
20050412 12:00, 1.00257347584313,  0.4831328
20050413 12:00, 1.00285164616570,  0.4801868
20050414 12:00, 1.00312818587790,  0.4774891
20050415 12:00, 1.00340324249438,  0.4750522
20050416 12:00, 1.00367696818797,  0.4728806
20050417 12:00, 1.00394951652078,  0.4709750
20050418 12:00, 1.00422104084119,  0.4693341
20050419 12:00, 1.00449169292671,  0.4679535
20050420 12:00, 1.00476162046505,  0.4668226
20050421 12:00, 1.00503096209302,  0.4659196
20050422 12:00, 1.00529983903336,  0.4652050
20050423 12:00, 1.00556834301661,  0.4646153
20050424 12:00, 1.00583652122604,  0.4640593
20050425 12:00, 1.00610436032311,  0.4634193
20050426 12:00, 1.00637177274847,  0.4625578
20050427 12:00, 1.00663858880771,  0.4613303
20050428 12:00, 1.00690455712017,  0.4596011
20050429 12:00, 1.00716935405653,  0.4572579
20050430 12:00, 1.00743260068059,  0.4542227
20050501 12:00, 1.00769388438192,  0.4504575
20050502 12:00, 1.00795278220560,  0.4459643
20050503 12:00, 1.00820888350956,  0.4407829
20050504 12:00, 1.00846181035436,  0.4349859
20050505 12:00, 1.00871123449886,  0.4286715
20050506 12:00, 1.00895689001670,  0.4219557
20050507 12:00, 1.00919858065537,  0.4149622
20050508 12:00, 1.00943618145539,  0.4078125
20050509 12:00, 1.00966963491059,  0.4006175
20050510 12:00, 1.00989894285323,  0.3934711
20050511 12:00, 1.01012415591151,  0.3864481
20050512 12:00, 1.01034536254754,  0.3796052
20050513 12:00, 1.01056267933284,  0.3729838
20050514 12:00, 1.01077624345854,  0.3666145
20050515 12:00, 1.01098620775760,  0.3605216
20050516 12:00, 1.01119273789724,  0.3547256
20050517 12:00, 1.01139601092382,  0.3492454
20050518 12:00, 1.01159621397307,  0.3440968
20050519 12:00, 1.01179354165862,  0.3392890
20050520 12:00, 1.01198819046085,  0.3348178
20050521 12:00, 1.01218034852320,  0.3306569
20050522 12:00, 1.01237017992387,  0.3267479
20050523 12:00, 1.01255780400216,  0.3229936
20050524 12:00, 1.01274327260174,  0.3192583
20050525 12:00, 1.01292655034453,  0.3153782
20050526 12:00, 1.01310750383990,  0.3111816
20050527 12:00, 1.01328590394911,  0.3065126
20050528 12:00, 1.01346144128284,  0.3012519
20050529 12:00, 1.01363375105794,  0.2953281
20050530 12:00, 1.01380244143270,  0.2887183
20050531 12:00, 1.01396712007167,  0.2814421
20050601 12:00, 1.01412741588397,  0.2735519
20050602 12:00, 1.01428299509553,  0.2651230
20050603 12:00, 1.01443357215642,  0.2562458
20050604 12:00, 1.01457891638438,  0.2470189
20050605 12:00, 1.01471885510085,  0.2375438
20050606 12:00, 1.01485327376363,  0.2279196
20050607 12:00, 1.01498211350468,  0.2182393
20050608 12:00, 1.01510536658894,  0.2085865
20050609 12:00, 1.01522307051851,  0.1990342
20050610 12:00, 1.01533530166486,  0.1896442
20050611 12:00, 1.01544216931199,  0.1804690
20050612 12:00, 1.01554381081339,  0.1715536
20050613 12:00, 1.01564038824349,  0.1629391
20050614 12:00, 1.01573208651833,  0.1546639
20050615 12:00, 1.01581911250238,  0.1467654
20050616 12:00, 1.01590169411149,  0.1392789
20050617 12:00, 1.01598007787383,  0.1322325
20050618 12:00, 1.01605452291100,  0.1256398
20050619 12:00, 1.01612528912166,  0.1194879
20050620 12:00, 1.01619261799197,  0.1137239
20050621 12:00, 1.01625670646252,  0.1082453
20050622 12:00, 1.01631767765611,  0.1029001
20050623 12:00, 1.01637555573499,  0.0975013
20050624 12:00, 1.01643025324540,  0.0918548
20050625 12:00, 1.01648157616157,  0.0857906
20050626 12:00, 1.01652924551471,  0.0791873
20050627 12:00, 1.01657292877828,  0.0719812
20050628 12:00, 1.01661227237726,  0.0641615
20050629 12:00, 1.01664692889778,  0.0557578
20050630 12:00, 1.01667657639912,  0.0468266
20050701 12:00, 1.01670093030924,  0.0374393
20050702 12:00, 1.01671974982458,  0.0276750
20050703 12:00, 1.01673284083940,  0.0176158
20050704 12:00, 1.01674005688248,  0.0073442
20050705 12:00, 1.01674129888298, -0.0030584
20050706 12:00, 1.01673651410477, -0.0135132
20050707 12:00, 1.01672569436332, -0.0239448
20050708 12:00, 1.01670887363269, -0.0342827
20050709 12:00, 1.01668612526839, -0.0444611
20050710 12:00, 1.01665755920366, -0.0544191
20050711 12:00, 1.01662331953314, -0.0640990
20050712 12:00, 1.01658358282263, -0.0734457
20050713 12:00, 1.01653855725264, -0.0824048
20050714 12:00, 1.01648848230677, -0.0909224
20050715 12:00, 1.01643362814900, -0.0989466
20050716 12:00, 1.01637429312096, -0.1064328
20050717 12:00, 1.01631079706775, -0.1133533
20050718 12:00, 1.01624346784510, -0.1197106
20050719 12:00, 1.01617261905997, -0.1255540
20050720 12:00, 1.01609851959878, -0.1309903
20050721 12:00, 1.01602135976972, -0.1361831
20050722 12:00, 1.01594122309031, -0.1413340
20050723 12:00, 1.01585807355771, -0.1466491
20050724 12:00, 1.01577176356670, -0.1523034
20050725 12:00, 1.01568205960935, -0.1584169
20050726 12:00, 1.01558867670166, -0.1650483
20050727 12:00, 1.01549131164617, -0.1722043
20050728 12:00, 1.01538966882004, -0.1798547
20050729 12:00, 1.01528347680027, -0.1879480
20050730 12:00, 1.01517249728813, -0.1964226
20050731 12:00, 1.01505652895045, -0.2052129
20050801 12:00, 1.01493540860249, -0.2142525
20050802 12:00, 1.01480901141711, -0.2234750
20050803 12:00, 1.01467725106468, -0.2328135
20050804 12:00, 1.01454008008772, -0.2422001
20050805 12:00, 1.01439749044862, -0.2515663
20050806 12:00, 1.01424951404252, -0.2608424
20050807 12:00, 1.01409622299441, -0.2699588
20050808 12:00, 1.01393772969016, -0.2788458
20050809 12:00, 1.01377418663851, -0.2874341
20050810 12:00, 1.01360578633411, -0.2956545
20050811 12:00, 1.01343276120592, -0.3034380
20050812 12:00, 1.01325538343185, -0.3107162
20050813 12:00, 1.01307396384943, -0.3174242
20050814 12:00, 1.01288884843553, -0.3235065
20050815 12:00, 1.01270041005789, -0.3289278
20050816 12:00, 1.01250903288504, -0.3336869
20050817 12:00, 1.01231508775048, -0.3378335
20050818 12:00, 1.01211889961252, -0.3414777
20050819 12:00, 1.01192071273106, -0.3447868
20050820 12:00, 1.01172066306693, -0.3479634
20050821 12:00, 1.01151876731803, -0.3512118
20050822 12:00, 1.01131493250375, -0.3547026
20050823 12:00, 1.01110898201162, -0.3585527
20050824 12:00, 1.01090068871896, -0.3628209
20050825 12:00, 1.01068980587973, -0.3675187
20050826 12:00, 1.01047609033608, -0.3726249
20050827 12:00, 1.01025931696895, -0.3781003
20050828 12:00, 1.01003928606115, -0.3838973
20050829 12:00, 1.00981582617105, -0.3899661
20050830 12:00, 1.00958879488874, -0.3962563
20050831 12:00, 1.00935807917262, -0.4027163
20050901 12:00, 1.00912359625375, -0.4092925
20050902 12:00, 1.00888529550197, -0.4159271
20050903 12:00, 1.00864316120440, -0.4225567
20050904 12:00, 1.00839721591424, -0.4291122
20050905 12:00, 1.00814752388823, -0.4355184
20050906 12:00, 1.00789419413906, -0.4416957
20050907 12:00, 1.00763738275023, -0.4475610
20050908 12:00, 1.00737729425465, -0.4530299
20050909 12:00, 1.00711418194829, -0.4580184
20050910 12:00, 1.00684834688360, -0.4624456
20050911 12:00, 1.00658013489700, -0.4662382
20050912 12:00, 1.00630993042549, -0.4693373
20050913 12:00, 1.00603814529715, -0.4717089
20050914 12:00, 1.00576520063261, -0.4733572
20050915 12:00, 1.00549150112309, -0.4743367
20050916 12:00, 1.00521740365027, -0.4747584
20050917 12:00, 1.00494318585590, -0.4747834
20050918 12:00, 1.00466902279831, -0.4746013
20050919 12:00, 1.00439497883044, -0.4744007
20050920 12:00, 1.00412101686805, -0.4743403
20050921 12:00, 1.00384702098830, -0.4745327
20050922 12:00, 1.00357282456989, -0.4750416
20050923 12:00, 1.00329823654081, -0.4758899
20050924 12:00, 1.00302306136565, -0.4770722
20050925 12:00, 1.00274711178783, -0.4785671
20050926 12:00, 1.00247021556287, -0.4803452
20050927 12:00, 1.00219221828276, -0.4823745
20050928 12:00, 1.00191298436274, -0.4846219
20050929 12:00, 1.00163239784066, -0.4870524
20050930 12:00, 1.00135036412632, -0.4896264
20051001 12:00, 1.00106681333684, -0.4922973
20051002 12:00, 1.00078170537269, -0.4950083
20051003 12:00, 1.00049503642238, -0.4976903
20051004 12:00, 1.00020684616542, -0.5002619
20051005 12:00, 0.99991722465250, -0.5026304
20051006 12:00, 0.99962631776421, -0.5046959
20051007 12:00, 0.99933433030843, -0.5063552
20051008 12:00, 0.99904152612522, -0.5075080
20051009 12:00, 0.99874822485123, -0.5080624
20051010 12:00, 0.99845479508292, -0.5079418
20051011 12:00, 0.99816164353819, -0.5070922
20051012 12:00, 0.99786919963921, -0.5054905
20051013 12:00, 0.99757789511668, -0.5031531
20051014 12:00, 0.99728813918275, -0.5001422
20051015 12:00, 0.99700029161792, -0.4965661
20051016 12:00, 0.99671463814871, -0.4925708
20051017 12:00, 0.99643137346980, -0.4883221
20051018 12:00, 0.99615059602783, -0.4839837
20051019 12:00, 0.99587231534640, -0.4796970
20051020 12:00, 0.99559646888575, -0.4755688
20051021 12:00, 0.99532294319589, -0.4716690
20051022 12:00, 0.99505159425765, -0.4680349
20051023 12:00, 0.99478226371556, -0.4646803
20051024 12:00, 0.99451478989050, -0.4616043
20051025 12:00, 0.99424901409842, -0.4587984
20051026 12:00, 0.99398478365113, -0.4562508
20051027 12:00, 0.99372195316074, -0.4539481
20051028 12:00, 0.99346038569058, -0.4518740
20051029 12:00, 0.99319995507803, -0.4500069
20051030 12:00, 0.99294055045240, -0.4483147
20051031 12:00, 0.99268208353919, -0.4467503
20051101 12:00, 0.99242449871311, -0.4452472
20051102 12:00, 0.99216778493722, -0.4437175
20051103 12:00, 0.99191198785896, -0.4420534
20051104 12:00, 0.99165721973693, -0.4401334
20051105 12:00, 0.99140366488065, -0.4378312
20051106 12:00, 0.99115157901497, -0.4350276
20051107 12:00, 0.99090128217407, -0.4316210
20051108 12:00, 0.99065314586746, -0.4275359
20051109 12:00, 0.99040757590247, -0.4227298
20051110 12:00, 0.99016499233361, -0.4171964
20051111 12:00, 0.98992580785264, -0.4109675
20051112 12:00, 0.98969040595324, -0.4041121
20051113 12:00, 0.98945912058578, -0.3967316
20051114 12:00, 0.98923221952977, -0.3889519
20051115 12:00, 0.98900989382514, -0.3809108
20051116 12:00, 0.98879225486623, -0.3727439
20051117 12:00, 0.98857933921500, -0.3645729
20051118 12:00, 0.98837111944289, -0.3564969
20051119 12:00, 0.98816751815080, -0.3485898
20051120 12:00, 0.98796842217283, -0.3409021
20051121 12:00, 0.98777369470059, -0.3334662
20051122 12:00, 0.98758318418475, -0.3263017
20051123 12:00, 0.98739672991711, -0.3194215
20051124 12:00, 0.98721416494304, -0.3128349
20051125 12:00, 0.98703531739839, -0.3065495
20051126 12:00, 0.98686001160899, -0.3005706
20051127 12:00, 0.98668807042199, -0.2948973
20051128 12:00, 0.98651932025304, -0.2895169
20051129 12:00, 0.98635360010932, -0.2843971
20051130 12:00, 0.98619077517372, -0.2794785
20051201 12:00, 0.98603075424817, -0.2746690
20051202 12:00, 0.98587350858573, -0.2698451
20051203 12:00, 0.98571908802545, -0.2648603
20051204 12:00, 0.98556762987987, -0.2595614
20051205 12:00, 0.98541935740783, -0.2538071
20051206 12:00, 0.98527456757263, -0.2474858
20051207 12:00, 0.98513361072903, -0.2405254
20051208 12:00, 0.98499686644605, -0.2328966
20051209 12:00, 0.98486471942010, -0.2246103
20051210 12:00, 0.98473753805065, -0.2157109
20051211 12:00, 0.98461565678996, -0.2062703
20051212 12:00, 0.98449936250202, -0.1963803
20051213 12:00, 0.98438888483148, -0.1861461
20051214 12:00, 0.98428439066232, -0.1756786
20051215 12:00, 0.98418598275100, -0.1650878
20051216 12:00, 0.98409370234567, -0.1544757
20051217 12:00, 0.98400753510427, -0.1439321
20051218 12:00, 0.98392741912985, -0.1335319
20051219 12:00, 0.98385325368900, -0.1233348
20051220 12:00, 0.98378490727163, -0.1133881
20051221 12:00, 0.98372222402910, -0.1037294
20051222 12:00, 0.98366502814906, -0.0943908
20051223 12:00, 0.98361312626056, -0.0854015
20051224 12:00, 0.98356630845471, -0.0767897
20051225 12:00, 0.98352434896361, -0.0685817
20051226 12:00, 0.98348700798547, -0.0607990
20051227 12:00, 0.98345403653323, -0.0534504
20051228 12:00, 0.98342518631675, -0.0465227
20051229 12:00, 0.98340022614672, -0.0399682
20051230 12:00, 0.98337896471017, -0.0336952
20051231 12:00, 0.98336127674055, -0.0275674
20060101 12:00, 0.98334712637885, -0.0214140
20060102 12:00, 0.98333658122097, -0.0150538
20060103 12:00, 0.98332980942840, -0.0083227
20060104 12:00, 0.98332706309319, -0.0010977
20060105 12:00, 0.98332865048165,  0.0066919
20060106 12:00, 0.98333490571340,  0.0150661
20060107 12:00, 0.98334616188650,  0.0240034
20060108 12:00, 0.98336273068852,  0.0334530
20060109 12:00, 0.98338488866473,  0.0433455
20060110 12:00, 0.98341286878620,  0.0536006
20060111 12:00, 0.98344685568813,  0.0641318
20060112 12:00, 0.98348698336294,  0.0748507
20060113 12:00, 0.98353333465406,  0.0856692
20060114 12:00, 0.98358594228813,  0.0965021
20060115 12:00, 0.98364479130342,  0.1072698
20060116 12:00, 0.98370982262885,  0.1178994
20060117 12:00, 0.98378093736837,  0.1283259
20060118 12:00, 0.98385800118652,  0.1384915
20060119 12:00, 0.98394084816423,  0.1483442
20060120 12:00, 0.98402928362954,  0.1578361
20060121 12:00, 0.98412308575301,  0.1669208
20060122 12:00, 0.98422200610882,  0.1755525
20060123 12:00, 0.98432576993479,  0.1836861
20060124 12:00, 0.98443407747279,  0.1912809
20060125 12:00, 0.98454660846852,  0.1983083
20060126 12:00, 0.98466303240004,  0.2047638
20060127 12:00, 0.98478302673024,  0.2106822
20060128 12:00, 0.98490630367961,  0.2161506
20060129 12:00, 0.98503264234161,  0.2213129
20060130 12:00, 0.98516191853241,  0.2263566
20060131 12:00, 0.98529412251511,  0.2314847
20060201 12:00, 0.98542935751169,  0.2368798
20060202 12:00, 0.98556781915999,  0.2426758
20060203 12:00, 0.98570976326894,  0.2489466
20060204 12:00, 0.98585547185958,  0.2557110
20060205 12:00, 0.98600522504664,  0.2629464
20060206 12:00, 0.98615928175219,  0.2706042
20060207 12:00, 0.98631786855710,  0.2786227
20060208 12:00, 0.98648117430648,  0.2869340
20060209 12:00, 0.98664934798725,  0.2954682
20060210 12:00, 0.98682249806149,  0.3041551
20060211 12:00, 0.98700069224986,  0.3129238
20060212 12:00, 0.98718395740921,  0.3217036
20060213 12:00, 0.98737227954046,  0.3304239
20060214 12:00, 0.98756560410188,  0.3390151
20060215 12:00, 0.98776383674510,  0.3474090
20060216 12:00, 0.98796684442395,  0.3555398
20060217 12:00, 0.98817445664973,  0.3633437
20060218 12:00, 0.98838646657522,  0.3707584
20060219 12:00, 0.98860263165506,  0.3777224
20060220 12:00, 0.98882267389721,  0.3841745
20060221 12:00, 0.98904628021383,  0.3900547
20060222 12:00, 0.98927310409163,  0.3953083
20060223 12:00, 0.98950277063709,  0.3998934
20060224 12:00, 0.98973488770091,  0.4037946
20060225 12:00, 0.98996906560199,  0.4070388
20060226 12:00, 0.99020494607617,  0.4097096
20060227 12:00, 0.99044223706826,  0.4119521
20060228 12:00, 0.99068074514608,  0.4139590
20060301 12:00, 0.99092039495217,  0.4159403
20060302 12:00, 0.99116122830217,  0.4180857
20060303 12:00, 0.99140338344932,  0.4205360
20060304 12:00, 0.99164706257098,  0.4233716
20060305 12:00, 0.99189249797513,  0.4266184
20060306 12:00, 0.99213992467966,  0.4302626
20060307 12:00, 0.99238956218240,  0.4342666
20060308 12:00, 0.99264160449624,  0.4385815
20060309 12:00, 0.99289621586838,  0.4431541
20060310 12:00, 0.99315352952579,  0.4479303
20060311 12:00, 0.99341364743949,  0.4528559
20060312 12:00, 0.99367663989742,  0.4578752
20060313 12:00, 0.99394254435797,  0.4629299
20060314 12:00, 0.99421136355438,  0.4679579
20060315 12:00, 0.99448306312923,  0.4728930
20060316 12:00, 0.99475756920828,  0.4776646
20060317 12:00, 0.99503476629412,  0.4821992
20060318 12:00, 0.99531449571855,  0.4864211
20060319 12:00, 0.99559655472020,  0.4902535
20060320 12:00, 0.99588069611868,  0.4936195
20060321 12:00, 0.99616662864618,  0.4964436
20060322 12:00, 0.99645401834618,  0.4986542
20060323 12:00, 0.99674249205924,  0.5001881
20060324 12:00, 0.99703164475112,  0.5009998
20060325 12:00, 0.99732105293805,  0.5010735
20060326 12:00, 0.99761029608817,  0.5004375
20060327 12:00, 0.99789898591385,  0.4991764
20060328 12:00, 0.99818679981419,  0.4974322
20060329 12:00, 0.99847351078920,  0.4953902
20060330 12:00, 0.99875900476260,  0.4932507
20060331 12:00, 0.99904327956248,  0.4911957
20060401 12:00, 0.99932642660578,  0.4893642
20060402 12:00, 0.99960860238792,  0.4878423
20060403 12:00, 0.99988999868785,  0.4866677
20060404 12:00, 1.00017081802425,  0.4858424
20060405 12:00, 1.00045125694181,  0.4853458
20060406 12:00, 1.00073149655612,  0.4851464
20060407 12:00, 1.00101169825995,  0.4852084
20060408 12:00, 1.00129200225405,  0.4854944
20060409 12:00, 1.00157252697155,  0.4859662
20060410 12:00, 1.00185336805857,  0.4865828
20060411 12:00, 1.00213459614784,  0.4872981
20060412 12:00, 1.00241625316576,  0.4880584
20060413 12:00, 1.00269834734833,  0.4888006
20060414 12:00, 1.00298084749466,  0.4894512
20060415 12:00, 1.00326367721899,  0.4899274
20060416 12:00, 1.00354671002846,  0.4901389
20060417 12:00, 1.00382976594936,  0.4899915
20060418 12:00, 1.00411261022087,  0.4893904
20060419 12:00, 1.00439495440707,  0.4882453
20060420 12:00, 1.00467646029011,  0.4864751
20060421 12:00, 1.00495674715041,  0.4840149
20060422 12:00, 1.00523540339197,  0.4808242
20060423 12:00, 1.00551200358868,  0.4768974
20060424 12:00, 1.00578613142065,  0.4722732
20060425 12:00, 1.00605740727591,  0.4670402
20060426 12:00, 1.00632551675910,  0.4613342
20060427 12:00, 1.00659023417897,  0.4553234
20060428 12:00, 1.00685143500062,  0.4491856
20060429 12:00, 1.00710909409322,  0.4430835
20060430 12:00, 1.00736327119666,  0.4371460
20060501 12:00, 1.00761408880297,  0.4314610
20060502 12:00, 1.00786170872321,  0.4260781
20060503 12:00, 1.00810631210757,  0.4210163
20060504 12:00, 1.00834808510293,  0.4162755
20060505 12:00, 1.00858721010035,  0.4118441
20060506 12:00, 1.00882386124552,  0.4077057
20060507 12:00, 1.00905820245783,  0.4038417
20060508 12:00, 1.00929038627857,  0.4002312
20060509 12:00, 1.00952055215558,  0.3968491
20060510 12:00, 1.00974882313157,  0.3936630
20060511 12:00, 1.00997530032244,  0.3906288
20060512 12:00, 1.01020005508230,  0.3876870
20060513 12:00, 1.01042311936678,  0.3847605
20060514 12:00, 1.01064447544894,  0.3817546
20060515 12:00, 1.01086404664319,  0.3785606
20060516 12:00, 1.01108169084632,  0.3750619
20060517 12:00, 1.01129719840344,  0.3711428
20060518 12:00, 1.01151029514656,  0.3666971
20060519 12:00, 1.01172065071393,  0.3616378
20060520 12:00, 1.01192789172874,  0.3559042
20060521 12:00, 1.01213161918537,  0.3494692
20060522 12:00, 1.01233142927601,  0.3423440
20060523 12:00, 1.01252693655881,  0.3345811
20060524 12:00, 1.01271779762368,  0.3262730
20060525 12:00, 1.01290373245070,  0.3175451
20060526 12:00, 1.01308454010074,  0.3085432
20060527 12:00, 1.01326010591394,  0.2994175
20060528 12:00, 1.01343039918308,  0.2903062
20060529 12:00, 1.01359546265069,  0.2813239
20060530 12:00, 1.01375539703703,  0.2725565
20060531 12:00, 1.01391034436414,  0.2640617
20060601 12:00, 1.01406047312520,  0.2558745
20060602 12:00, 1.01420596697599,  0.2480135
20060603 12:00, 1.01434701727527,  0.2404878
20060604 12:00, 1.01448381884328,  0.2333009
20060605 12:00, 1.01461656778786,  0.2264539
20060606 12:00, 1.01474546003713,  0.2199449
20060607 12:00, 1.01487068917966,  0.2137670
20060608 12:00, 1.01499244228967,  0.2079038
20060609 12:00, 1.01511089265315,  0.2023229
20060610 12:00, 1.01522618883130,  0.1969699
20060611 12:00, 1.01533844040932,  0.1917638
20060612 12:00, 1.01544770203287,  0.1865957
20060613 12:00, 1.01555395859102,  0.1813342
20060614 12:00, 1.01565711506071,  0.1758363
20060615 12:00, 1.01575699403692,  0.1699624
20060616 12:00, 1.01585334230703,  0.1635920
20060617 12:00, 1.01594584566087,  0.1566361
20060618 12:00, 1.01603414944391,  0.1490443
20060619 12:00, 1.01611788177345,  0.1408073
20060620 12:00, 1.01619667673487,  0.1319546
20060621 12:00, 1.01627019566426,  0.1225501
20060622 12:00, 1.01633814524546,  0.1126857
20060623 12:00, 1.01640029142712,  0.1024732
20060624 12:00, 1.01645646829399,  0.0920352
20060625 12:00, 1.01650658132897,  0.0814948
20060626 12:00, 1.01655060514263,  0.0709668
20060627 12:00, 1.01658857659604,  0.0605511
20060628 12:00, 1.01662058496951,  0.0503292
20060629 12:00, 1.01664676113326,  0.0403637
20060630 12:00, 1.01666726747332,  0.0307017
20060701 12:00, 1.01668228975736,  0.0213780
20060702 12:00, 1.01669203142661,  0.0124195
20060703 12:00, 1.01669671015843,  0.0038490
20060704 12:00, 1.01669655603182, -0.0043131
20060705 12:00, 1.01669181023068, -0.0120489
20060706 12:00, 1.01668272289581, -0.0193461
20060707 12:00, 1.01666954849860, -0.0262032
20060708 12:00, 1.01665253708459, -0.0326385
20060709 12:00, 1.01663192018696, -0.0386995
20060710 12:00, 1.01660789144609, -0.0444709
20060711 12:00, 1.01658058405810, -0.0500769
20060712 12:00, 1.01655004955182, -0.0556741
20060713 12:00, 1.01651624376894, -0.0614337
20060714 12:00, 1.01647902495937, -0.0675182
20060715 12:00, 1.01643816547407, -0.0740595
20060716 12:00, 1.01639337428274, -0.0811436
20060717 12:00, 1.01634432477911, -0.0888078
20060718 12:00, 1.01629068222127, -0.0970444
20060719 12:00, 1.01623212703091, -0.1058102
20060720 12:00, 1.01616837251213, -0.1150361
20060721 12:00, 1.01609917719491, -0.1246358
20060722 12:00, 1.01602435266623, -0.1345130
20060723 12:00, 1.01594376772337, -0.1445667
20060724 12:00, 1.01585734942338, -0.1546970
20060725 12:00, 1.01576508143858, -0.1648084
20060726 12:00, 1.01566700017120, -0.1748142
20060727 12:00, 1.01556318927035, -0.1846378
20060728 12:00, 1.01545377338296, -0.1942138
20060729 12:00, 1.01533891203231, -0.2034865
20060730 12:00, 1.01521879439718, -0.2124084
20060731 12:00, 1.01509363548661, -0.2209372
20060801 12:00, 1.01496367382211, -0.2290335
20060802 12:00, 1.01482917029488, -0.2366591
20060803 12:00, 1.01469040737076, -0.2437776
20060804 12:00, 1.01454768727046, -0.2503579
20060805 12:00, 1.01440132721494, -0.2563808
20060806 12:00, 1.01425164950389, -0.2618499
20060807 12:00, 1.01409896453016, -0.2668050
20060808 12:00, 1.01394354640068, -0.2713335
20060809 12:00, 1.01378560388191, -0.2755738
20060810 12:00, 1.01362525306306, -0.2797054
20060811 12:00, 1.01346250019505, -0.2839242
20060812 12:00, 1.01329724129991, -0.2884108
20060813 12:00, 1.01312927941322, -0.2933029
20060814 12:00, 1.01295835397400, -0.2986820
20060815 12:00, 1.01278417376193, -0.3045741
20060816 12:00, 1.01260644601936, -0.3109608
20060817 12:00, 1.01242489805556, -0.3177933
20060818 12:00, 1.01223929109765, -0.3250046
20060819 12:00, 1.01204942807145, -0.3325185
20060820 12:00, 1.01185515741273, -0.3402543
20060821 12:00, 1.01165637457300, -0.3481301
20060822 12:00, 1.01145302220819, -0.3560647
20060823 12:00, 1.01124508948085, -0.3639785
20060824 12:00, 1.01103261060136, -0.3717952
20060825 12:00, 1.01081566267503, -0.3794428
20060826 12:00, 1.01059436302505, -0.3868541
20060827 12:00, 1.01036886631428, -0.3939669
20060828 12:00, 1.01013936188872, -0.4007231
20060829 12:00, 1.00990607174246, -0.4070674
20060830 12:00, 1.00966924932427, -0.4129461
20060831 12:00, 1.00942917905887, -0.4183056
20060901 12:00, 1.00918617593555, -0.4230939
20060902 12:00, 1.00894058383382, -0.4272640
20060903 12:00, 1.00869277049613, -0.4307819
20060904 12:00, 1.00844311651013, -0.4336396
20060905 12:00, 1.00819199592519, -0.4358704
20060906 12:00, 1.00793974800747, -0.4375633
20060907 12:00, 1.00768664348579, -0.4388660
20060908 12:00, 1.00743285325345, -0.4399726
20060909 12:00, 1.00717842977147, -0.4410933
20060910 12:00, 1.00692330843833, -0.4424173
20060911 12:00, 1.00666732861981, -0.4440843
20060912 12:00, 1.00641026662629, -0.4461728
20060913 12:00, 1.00615187030557, -0.4487047
20060914 12:00, 1.00589188750912, -0.4516608
20060915 12:00, 1.00563008541080, -0.4549959
20060916 12:00, 1.00536626143797, -0.4586521
20060917 12:00, 1.00510024830578, -0.4625661
20060918 12:00, 1.00483191575945, -0.4666732
20060919 12:00, 1.00456117096896, -0.4709086
20060920 12:00, 1.00428795870223, -0.4752069
20060921 12:00, 1.00401226172287, -0.4795018
20060922 12:00, 1.00373410140990, -0.4837259
20060923 12:00, 1.00345353838298, -0.4878108
20060924 12:00, 1.00317067290032, -0.4916876
20060925 12:00, 1.00288564491597, -0.4952879
20060926 12:00, 1.00259863385476, -0.4985436
20060927 12:00, 1.00230985828808, -0.5013870
20060928 12:00, 1.00201957568306, -0.5037511
20060929 12:00, 1.00172808217857, -0.5055693
20060930 12:00, 1.00143571187460, -0.5067770
20061001 12:00, 1.00114283441654, -0.5073168
20061002 12:00, 1.00084984883724, -0.5071463
20061003 12:00, 1.00055717104222, -0.5062520
20061004 12:00, 1.00026521266482, -0.5046648
20061005 12:00, 0.99997435110865, -0.5024738
20061006 12:00, 0.99968489465379, -0.4998284
20061007 12:00, 0.99939705103959, -0.4969234
20061008 12:00, 0.99911090967844, -0.4939677
20061009 12:00, 0.99882644398568, -0.4911484
20061010 12:00, 0.99854353254840, -0.4886037
20061011 12:00, 0.99826199098408, -0.4864132
20061012 12:00, 0.99798160447769, -0.4846048
20061013 12:00, 0.99770215393050, -0.4831681
20061014 12:00, 0.99742343323603, -0.4820707
20061015 12:00, 0.99714525865766, -0.4812693
20061016 12:00, 0.99686747279784, -0.4807167
20061017 12:00, 0.99658994572106, -0.4803652
20061018 12:00, 0.99631257520010, -0.4801664
20061019 12:00, 0.99603528731923, -0.4800704
20061020 12:00, 0.99575803801685, -0.4800235
20061021 12:00, 0.99548081564323, -0.4799668
20061022 12:00, 0.99520364425153, -0.4798356
20061023 12:00, 0.99492658713725, -0.4795588
20061024 12:00, 0.99464975009800, -0.4790605
20061025 12:00, 0.99437328398501, -0.4782608
20061026 12:00, 0.99409738629530, -0.4770784
20061027 12:00, 0.99382230169901, -0.4754317
20061028 12:00, 0.99354832138164, -0.4732416
20061029 12:00, 0.99327578080978, -0.4704345
20061030 12:00, 0.99300505499750, -0.4669481
20061031 12:00, 0.99273654971072, -0.4627401
20061101 12:00, 0.99247068668349, -0.4577998
20061102 12:00, 0.99220788144311, -0.4521613
20061103 12:00, 0.99194851433546, -0.4459133
20061104 12:00, 0.99169289871863, -0.4391979
20061105 12:00, 0.99144125359579, -0.4321959
20061106 12:00, 0.99119368869102, -0.4250998
20061107 12:00, 0.99095020657066, -0.4180836
20061108 12:00, 0.99071072029345, -0.4112807
20061109 12:00, 0.99047507994746, -0.4047756
20061110 12:00, 0.99024310009487, -0.3986083
20061111 12:00, 0.99001458234863, -0.3927857
20061112 12:00, 0.98978933079508, -0.3872944
20061113 12:00, 0.98956716075559, -0.3821102
20061114 12:00, 0.98934790276610, -0.3772054
20061115 12:00, 0.98913140392731, -0.3725506
20061116 12:00, 0.98891752847623, -0.3681156
20061117 12:00, 0.98870615894071, -0.3638669
20061118 12:00, 0.98849719873440, -0.3597650
20061119 12:00, 0.98829057656166, -0.3557614
20061120 12:00, 0.98808625251671, -0.3517957
20061121 12:00, 0.98788422529398, -0.3477944
20061122 12:00, 0.98768453954444, -0.3436722
20061123 12:00, 0.98748729222047, -0.3393340
20061124 12:00, 0.98729263682020, -0.3346798
20061125 12:00, 0.98710078474103, -0.3296101
20061126 12:00, 0.98691200332566, -0.3240317
20061127 12:00, 0.98672661042478, -0.3178639
20061128 12:00, 0.98654496528236, -0.3110452
20061129 12:00, 0.98636745534597, -0.3035409
20061130 12:00, 0.98619447852375, -0.2953508
20061201 12:00, 0.98602642088611, -0.2865169
20061202 12:00, 0.98586363113711, -0.2771268
20061203 12:00, 0.98570639512572, -0.2673092
20061204 12:00, 0.98555491526347, -0.2572213
20061205 12:00, 0.98540929965636, -0.2470289
20061206 12:00, 0.98526956344044, -0.2368850
20061207 12:00, 0.98513564114106, -0.2269136
20061208 12:00, 0.98500740580199, -0.2172032
20061209 12:00, 0.98488468962788, -0.2078077
20061210 12:00, 0.98476730196151, -0.1987537
20061211 12:00, 0.98465504248384, -0.1900495
20061212 12:00, 0.98454770943835, -0.1816930
20061213 12:00, 0.98444510388681, -0.1736773
20061214 12:00, 0.98434703151323, -0.1659934
20061215 12:00, 0.98425330356101, -0.1586309
20061216 12:00, 0.98416373834845, -0.1515753
20061217 12:00, 0.98407816457335, -0.1448043
20061218 12:00, 0.98399642727494, -0.1382827
20061219 12:00, 0.98391839679686, -0.1319573
20061220 12:00, 0.98384398033026, -0.1257533
20061221 12:00, 0.98377313468191, -0.1195740
20061222 12:00, 0.98370587806812, -0.1133045
20061223 12:00, 0.98364229837094, -0.1068201
20061224 12:00, 0.98358255570345, -0.0999974
20061225 12:00, 0.98352687825311, -0.0927259
20061226 12:00, 0.98347555173588, -0.0849183
20061227 12:00, 0.98342890380593, -0.0765177
20061228 12:00, 0.98338728511062, -0.0675018
20061229 12:00, 0.98335104851193, -0.0578855
20061230 12:00, 0.98332052775609, -0.0477199
20061231 12:00, 0.98329601694308, -0.0370903
20070101 12:00, 0.98327775254823, -0.0261097
20070102 12:00, 0.98326590010837, -0.0149089
20070103 12:00, 0.98326054748124, -0.0036239
20070104 12:00, 0.98326170555550,  0.0076169
20070105 12:00, 0.98326931570381,  0.0187025
20070106 12:00, 0.98328326181944,  0.0295452
20070107 12:00, 0.98330338408792,  0.0400812
20070108 12:00, 0.98332949189453,  0.0502668
20070109 12:00, 0.98336137415803,  0.0600738
20070110 12:00, 0.98339880644238,  0.0694835
20070111 12:00, 0.98344155508431,  0.0784819
20070112 12:00, 0.98348937917153,  0.0870575
20070113 12:00, 0.98354203156321,  0.0952004
20070114 12:00, 0.98359926035967,  0.1029047
20070115 12:00, 0.98366081234706,  0.1101727
20070116 12:00, 0.98372643989933,  0.1170228
20070117 12:00, 0.98379591242758,  0.1234970
20070118 12:00, 0.98386903248951,  0.1296690
20070119 12:00, 0.98394565503401,  0.1356465
20070120 12:00, 0.98402570632534,  0.1415673
20070121 12:00, 0.98410919779203,  0.1475858
20070122 12:00, 0.98419623043259,  0.1538542
20070123 12:00, 0.98428698777973,  0.1605032
20070124 12:00, 0.98438171876237,  0.1676268
20070125 12:00, 0.98448071437386,  0.1752761
20070126 12:00, 0.98458428271236,  0.1834599
20070127 12:00, 0.98469272590140,  0.1921498
20070128 12:00, 0.98480632069834,  0.2012876
20070129 12:00, 0.98492530325999,  0.2107921
20070130 12:00, 0.98504985794318,  0.2205662
20070131 12:00, 0.98518010999693,  0.2305035
20070201 12:00, 0.98531612214261,  0.2404949
20070202 12:00, 0.98545789500354,  0.2504355
20070203 12:00, 0.98560537102848,  0.2602295
20070204 12:00, 0.98575844108235,  0.2697945
20070205 12:00, 0.98591695248777,  0.2790623
20070206 12:00, 0.98608071717993,  0.2879781
20070207 12:00, 0.98624951882860,  0.2964983
20070208 12:00, 0.98642311819784,  0.3045866
20070209 12:00, 0.98660125652421,  0.3122112
20070210 12:00, 0.98678365720399,  0.3193418
20070211 12:00, 0.98697002656303,  0.3259497
20070212 12:00, 0.98716005495575,  0.3320089
20070213 12:00, 0.98735341990073,  0.3375021
20070214 12:00, 0.98754979329203,  0.3424289
20070215 12:00, 0.98774885462179,  0.3468180
20070216 12:00, 0.98795031112506,  0.3507386
20070217 12:00, 0.98815392344264,  0.3543067
20070218 12:00, 0.98835953214193,  0.3576811
20070219 12:00, 0.98856707781126,  0.3610455
20070220 12:00, 0.98877660766522,  0.3645805
20070221 12:00, 0.98898826559209,  0.3684361
20070222 12:00, 0.98920226845178,  0.3727130
20070223 12:00, 0.98941887565284,  0.3774582
20070224 12:00, 0.98963835946208,  0.3826710
20070225 12:00, 0.98986098088781,  0.3883152
20070226 12:00, 0.99008697263232,  0.3943307
20070227 12:00, 0.99031652828410,  0.4006435
20070228 12:00, 0.99054979604804,  0.4071714
20070301 12:00, 0.99078687546246,  0.4138285
20070302 12:00, 0.99102781611291,  0.4205281
20070303 12:00, 0.99127261788085,  0.4271853
20070304 12:00, 0.99152123255352,  0.4337188
20070305 12:00, 0.99177356664633,  0.4400533
20070306 12:00, 0.99202948513983,  0.4461205
20070307 12:00, 0.99228881564463,  0.4518592
20070308 12:00, 0.99255135239840,  0.4572148
20070309 12:00, 0.99281685953613,  0.4621373
20070310 12:00, 0.99308507327154,  0.4665798
20070311 12:00, 0.99335570296808,  0.4704960
20070312 12:00, 0.99362843155020,  0.4738406
20070313 12:00, 0.99390291630605,  0.4765708
20070314 12:00, 0.99417879183154,  0.4786521
20070315 12:00, 0.99445567750631,  0.4800684
20070316 12:00, 0.99473319206167,  0.4808361
20070317 12:00, 0.99501097679539,  0.4810193
20070318 12:00, 0.99528872615741,  0.4807385
20070319 12:00, 0.99556622008860,  0.4801670
20070320 12:00, 0.99584334880057,  0.4795086
20070321 12:00, 0.99612012090691,  0.4789633
20070322 12:00, 0.99639665132201,  0.4786944
20070323 12:00, 0.99667313323773,  0.4788079
20070324 12:00, 0.99694980362889,  0.4793503
20070325 12:00, 0.99722691149617,  0.4803192
20070326 12:00, 0.99750469407551,  0.4816788
20070327 12:00, 0.99778336188014,  0.4833745
20070328 12:00, 0.99806309077614,  0.4853423
20070329 12:00, 0.99834401851917,  0.4875147
20070330 12:00, 0.99862624356214,  0.4898233
20070331 12:00, 0.99890982472934,  0.4921993
20070401 12:00, 0.99919478109454,  0.4945740
20070402 12:00, 0.99948109191941,  0.4968782
20070403 12:00, 0.99976869676930,  0.4990437
20070404 12:00, 1.00005749596217,  0.5010030
20070405 12:00, 1.00034735139334,  0.5026906
20070406 12:00, 1.00063808760901,  0.5040427
20070407 12:00, 1.00092949286900,  0.5049972
20070408 12:00, 1.00122131992979,  0.5054932
20070409 12:00, 1.00151328644979,  0.5054701
20070410 12:00, 1.00180507530718,  0.5048682
20070411 12:00, 1.00209633573539,  0.5036314
20070412 12:00, 1.00238668697066,  0.5017133
20070413 12:00, 1.00267572686073,  0.4990885
20070414 12:00, 1.00296304810468,  0.4957674
20070415 12:00, 1.00324826367593,  0.4918121
20070416 12:00, 1.00353103984047,  0.4873455
20070417 12:00, 1.00381113050103,  0.4825457
20070418 12:00, 1.00408840289682,  0.4776217
20070419 12:00, 1.00436284544760,  0.4727779
20070420 12:00, 1.00463455478344,  0.4681800
20070421 12:00, 1.00490370719163,  0.4639365
20070422 12:00, 1.00517052447563,  0.4600977
20070423 12:00, 1.00543524336574,  0.4566675
20070424 12:00, 1.00569809330209,  0.4536195
20070425 12:00, 1.00595928306455,  0.4509105
20070426 12:00, 1.00621899421892,  0.4484906
20070427 12:00, 1.00647737868731,  0.4463076
20070428 12:00, 1.00673455815047,  0.4443090
20070429 12:00, 1.00699062374439,  0.4424413
20070430 12:00, 1.00724563524252,  0.4406493
20070501 12:00, 1.00749961948239,  0.4388739
20070502 12:00, 1.00775256817831,  0.4370524
20070503 12:00, 1.00800443546671,  0.4351176
20070504 12:00, 1.00825513557398,  0.4329985
20070505 12:00, 1.00850454091139,  0.4306214
20070506 12:00, 1.00875248075153,  0.4279109
20070507 12:00, 1.00899874052156,  0.4247908
20070508 12:00, 1.00924306176562,  0.4211855
20070509 12:00, 1.00948514307297,  0.4170224
20070510 12:00, 1.00972464277146,  0.4122356
20070511 12:00, 1.00996118487182,  0.4067736
20070512 12:00, 1.01019437034455,  0.4006104
20070513 12:00, 1.01042379578428,  0.3937592
20070514 12:00, 1.01064908015781,  0.3862860
20070515 12:00, 1.01086989726080,  0.3783147
20070516 12:00, 1.01108600754004,  0.3700187
20070517 12:00, 1.01129728045813,  0.3615970
20070518 12:00, 1.01150370017431,  0.3532423
20070519 12:00, 1.01170535308761,  0.3451123
20070520 12:00, 1.01190240240408,  0.3373139
20070521 12:00, 1.01209505830241,  0.3299039
20070522 12:00, 1.01228355124291,  0.3228980
20070523 12:00, 1.01246811238603,  0.3162850
20070524 12:00, 1.01264896157171,  0.3100386
20070525 12:00, 1.01282630122720,  0.3041260
20070526 12:00, 1.01300031392110,  0.2985117
20070527 12:00, 1.01317116148878,  0.2931592
20070528 12:00, 1.01333898418877,  0.2880301
20070529 12:00, 1.01350389892444,  0.2830816
20070530 12:00, 1.01366599608336,  0.2782642
20070531 12:00, 1.01382533499681,  0.2735195
20070601 12:00, 1.01398193840222,  0.2687791
20070602 12:00, 1.01413578657361,  0.2639645
20070603 12:00, 1.01428681192531,  0.2589888
20070604 12:00, 1.01443489486978,  0.2537595
20070605 12:00, 1.01457986155709,  0.2481818
20070606 12:00, 1.01472148394963,  0.2421635
20070607 12:00, 1.01485948263098,  0.2356200
20070608 12:00, 1.01499353290115,  0.2284803
20070609 12:00, 1.01512327501501,  0.2206954
20070610 12:00, 1.01524832961407,  0.2122481
20070611 12:00, 1.01536831903537,  0.2031632
20070612 12:00, 1.01548289383241,  0.1935143
20070613 12:00, 1.01559176153041,  0.1834241
20070614 12:00, 1.01569471225893,  0.1730533
20070615 12:00, 1.01579163507994,  0.1625797
20070616 12:00, 1.01588252078278,  0.1521738
20070617 12:00, 1.01596745112246,  0.1419774
20070618 12:00, 1.01604657867597,  0.1320929
20070619 12:00, 1.01612010345129,  0.1225828
20070620 12:00, 1.01618825160031,  0.1134768
20070621 12:00, 1.01625125922886,  0.1047813
20070622 12:00, 1.01630936189943,  0.0964894
20070623 12:00, 1.01636278884679,  0.0885871
20070624 12:00, 1.01641176025817,  0.0810573
20070625 12:00, 1.01645648590804,  0.0738810
20070626 12:00, 1.01649716366501,  0.0670356
20070627 12:00, 1.01653397672070,  0.0604923
20070628 12:00, 1.01656708877934,  0.0542117
20070629 12:00, 1.01659663691756,  0.0481404
20070630 12:00, 1.01662272240225,  0.0422076
20070701 12:00, 1.01664540040076,  0.0363244
20070702 12:00, 1.01666467009228,  0.0303864
20070703 12:00, 1.01668046698918,  0.0242788
20070704 12:00, 1.01669265914381,  0.0178842
20070705 12:00, 1.01670104836617,  0.0110922
20070706 12:00, 1.01670537683318,  0.0038082
20070707 12:00, 1.01670533883628, -0.0040377
20070708 12:00, 1.01670059706497, -0.0124840
20070709 12:00, 1.01669080266990, -0.0215313
20070710 12:00, 1.01667561809161, -0.0311395
20070711 12:00, 1.01665474101838, -0.0412271
20070712 12:00, 1.01662792690909, -0.0516769
20070713 12:00, 1.01659500679039, -0.0623467
20070714 12:00, 1.01655589722202, -0.0730853
20070715 12:00, 1.01651060078340, -0.0837487
20070716 12:00, 1.01645919774222, -0.0942136
20070717 12:00, 1.01640183167446, -0.1043848
20070718 12:00, 1.01633869277683, -0.1141956
20070719 12:00, 1.01627000222846, -0.1236044
20070720 12:00, 1.01619599971210, -0.1325877
20070721 12:00, 1.01611693479810, -0.1411338
20070722 12:00, 1.01603306180587, -0.1492371
20070723 12:00, 1.01594463711410, -0.1568958
20070724 12:00, 1.01585191760138, -0.1641101
20070725 12:00, 1.01575515881441, -0.1708847
20070726 12:00, 1.01565461149899, -0.1772325
20070727 12:00, 1.01555051530396, -0.1831801
20070728 12:00, 1.01544308888831, -0.1887747
20070729 12:00, 1.01533251645429, -0.1940890
20070730 12:00, 1.01521893191258, -0.1992245
20070731 12:00, 1.01510240321319, -0.2043071
20070801 12:00, 1.01498292029730, -0.2094789
20070802 12:00, 1.01486039001571, -0.2148830
20070803 12:00, 1.01473463998907, -0.2206480
20070804 12:00, 1.01460543123668, -0.2268740
20070805 12:00, 1.01447247745361, -0.2336238
20070806 12:00, 1.01433546787247, -0.2409191
20070807 12:00, 1.01419409081117, -0.2487418
20070808 12:00, 1.01404805576948, -0.2570376
20070809 12:00, 1.01389711266077, -0.2657218
20070810 12:00, 1.01374106713907, -0.2746875
20070811 12:00, 1.01357979111043, -0.2838139
20070812 12:00, 1.01341322772847, -0.2929766
20070813 12:00, 1.01324139071009, -0.3020572
20070814 12:00, 1.01306435863225, -0.3109506
20070815 12:00, 1.01288226568655, -0.3195696
20070816 12:00, 1.01269529083155, -0.3278464
20070817 12:00, 1.01250364722924, -0.3357299
20070818 12:00, 1.01230757336479, -0.3431826
20070819 12:00, 1.01210732655631, -0.3501762
20070820 12:00, 1.01190317888145, -0.3566874
20070821 12:00, 1.01169541498924, -0.3626956
20070822 12:00, 1.01148433083450, -0.3681823
20070823 12:00, 1.01127023202373, -0.3731332
20070824 12:00, 1.01105343018345, -0.3775429
20070825 12:00, 1.01083423564072, -0.3814228
20070826 12:00, 1.01061294497321, -0.3848107
20070827 12:00, 1.01038982296793, -0.3877801
20070828 12:00, 1.01016508041494, -0.3904447
20070829 12:00, 1.00993885161747, -0.3929541
20070830 12:00, 1.00971117738783, -0.3954792
20070831 12:00, 1.00948199912555, -0.3981893
20070901 12:00, 1.00925116670643, -0.4012283
20070902 12:00, 1.00901845854456, -0.4046976
20070903 12:00, 1.00878360871792, -0.4086492
20070904 12:00, 1.00854633516308, -0.4130881
20070905 12:00, 1.00830636445714, -0.4179810
20070906 12:00, 1.00806345113042, -0.4232660
20070907 12:00, 1.00781739140109, -0.4288620
20070908 12:00, 1.00756803214766, -0.4346758
20070909 12:00, 1.00731527603153, -0.4406083
20070910 12:00, 1.00705908341524, -0.4465596
20070911 12:00, 1.00679947148704, -0.4524336
20070912 12:00, 1.00653651098072, -0.4581414
20070913 12:00, 1.00627032104927, -0.4636046
20070914 12:00, 1.00600106307347, -0.4687555
20070915 12:00, 1.00572893431164, -0.4735372
20070916 12:00, 1.00545416224136, -0.4779016
20070917 12:00, 1.00517700020965, -0.4818068
20070918 12:00, 1.00489772464907, -0.4852143
20070919 12:00, 1.00461663368528, -0.4880873
20070920 12:00, 1.00433404647956, -0.4903899
20070921 12:00, 1.00405030211265, -0.4920895
20070922 12:00, 1.00376575624789, -0.4931627
20070923 12:00, 1.00348077335816, -0.4936043
20070924 12:00, 1.00319571232804, -0.4934411
20070925 12:00, 1.00291090433598, -0.4927442
20070926 12:00, 1.00262662454921, -0.4916367
20070927 12:00, 1.00234306293186, -0.4902885
20070928 12:00, 1.00206030248598, -0.4888956
20070929 12:00, 1.00177831284850, -0.4876490
20070930 12:00, 1.00149696232994, -0.4867041
20071001 12:00, 1.00121604463910, -0.4861621
20071002 12:00, 1.00093531195930, -0.4860662
20071003 12:00, 1.00065450603114, -0.4864115
20071004 12:00, 1.00037338223400, -0.4871583
20071005 12:00, 1.00009172553129, -0.4882456
20071006 12:00, 0.99980935964562, -0.4896015
20071007 12:00, 0.99952615164705, -0.4911487
20071008 12:00, 0.99924201385786, -0.4928081
20071009 12:00, 0.99895690428926, -0.4945008
20071010 12:00, 0.99867082618099, -0.4961493
20071011 12:00, 0.99838382680939, -0.4976789
20071012 12:00, 0.99809599559367, -0.4990185
20071013 12:00, 0.99780746159735, -0.5001019
20071014 12:00, 0.99751839068304, -0.5008680
20071015 12:00, 0.99722898272086, -0.5012600
20071016 12:00, 0.99693946928877, -0.5012245
20071017 12:00, 0.99665011219013, -0.5007101
20071018 12:00, 0.99636120283415, -0.4996655
20071019 12:00, 0.99607306206988, -0.4980402
20071020 12:00, 0.99578603943409, -0.4957860
20071021 12:00, 0.99550051000586, -0.4928640
20071022 12:00, 0.99521686634580, -0.4892550
20071023 12:00, 0.99493550281130, -0.4849746
20071024 12:00, 0.99465679067699, -0.4800894
20071025 12:00, 0.99438104564777, -0.4747258
20071026 12:00, 0.99410849407850, -0.4690643
20071027 12:00, 0.99383924798548, -0.4633148
20071028 12:00, 0.99357329819266, -0.4576808
20071029 12:00, 0.99331052858218, -0.4523245
20071030 12:00, 0.99305074602598, -0.4473488
20071031 12:00, 0.99279371570773, -0.4427964
20071101 12:00, 0.99253919249237, -0.4386631
20071102 12:00, 0.99228694351381, -0.4349133
20071103 12:00, 0.99203676163786, -0.4314954
20071104 12:00, 0.99178847198224, -0.4283507
20071105 12:00, 0.99154193426826, -0.4254185
20071106 12:00, 0.99129704328207, -0.4226381
20071107 12:00, 0.99105372888881, -0.4199487
20071108 12:00, 0.99081195627789, -0.4172887
20071109 12:00, 0.99057172656713, -0.4145952
20071110 12:00, 0.99033307758275, -0.4118040
20071111 12:00, 0.99009608453716, -0.4088499
20071112 12:00, 0.98986086039909, -0.4056675
20071113 12:00, 0.98962755591816, -0.4021914
20071114 12:00, 0.98939635943516, -0.3983569
20071115 12:00, 0.98916749668293, -0.3940992
20071116 12:00, 0.98894123067567, -0.3893539
20071117 12:00, 0.98871786143841, -0.3840575
20071118 12:00, 0.98849772472346, -0.3781506
20071119 12:00, 0.98828118805511, -0.3715841
20071120 12:00, 0.98806864167028, -0.3643306
20071121 12:00, 0.98786048171507, -0.3563998
20071122 12:00, 0.98765708424564, -0.3478539
20071123 12:00, 0.98745877182507, -0.3388163
20071124 12:00, 0.98726577921371, -0.3294651
20071125 12:00, 0.98707822817436, -0.3200080
20071126 12:00, 0.98689612031886, -0.3106471
20071127 12:00, 0.98671935045508, -0.3015458
20071128 12:00, 0.98654773484511, -0.2928113
20071129 12:00, 0.98638104440267, -0.2844947
20071130 12:00, 0.98621903400325, -0.2766030
20071201 12:00, 0.98606146342573, -0.2691148
20071202 12:00, 0.98590810964730, -0.2619939
20071203 12:00, 0.98575877257343, -0.2551981
20071204 12:00, 0.98561327688085, -0.2486843
20071205 12:00, 0.98547147226040, -0.2424090
20071206 12:00, 0.98533323363128, -0.2363280
20071207 12:00, 0.98519846220058, -0.2303942
20071208 12:00, 0.98506708767007, -0.2245557
20071209 12:00, 0.98493907145881, -0.2187544
20071210 12:00, 0.98481441051735, -0.2129253
20071211 12:00, 0.98469314116831, -0.2069972
20071212 12:00, 0.98457534242684, -0.2008939
20071213 12:00, 0.98446113840257, -0.1945356
20071214 12:00, 0.98435069957570, -0.1878419
20071215 12:00, 0.98424424284674, -0.1807329
20071216 12:00, 0.98414203015277, -0.1731330
20071217 12:00, 0.98404436505789, -0.1649747
20071218 12:00, 0.98395158612221, -0.1562057
20071219 12:00, 0.98386405529423, -0.1467993
20071220 12:00, 0.98378213956213, -0.1367669
20071221 12:00, 0.98370618528958, -0.1261701
20071222 12:00, 0.98363648738906, -0.1151255
20071223 12:00, 0.98357325903270, -0.1037970
20071224 12:00, 0.98351660987403, -0.0923746
20071225 12:00, 0.98346653945743, -0.0810446
20071226 12:00, 0.98342294743750, -0.0699629
20071227 12:00, 0.98338565623846, -0.0592397
20071228 12:00, 0.98335443845264, -0.0489381
20071229 12:00, 0.98332904190688, -0.0390828
20071230 12:00, 0.98330920841634, -0.0296719
20071231 12:00, 0.98329468548651, -0.0206893
20080101 12:00, 0.98328523228230, -0.0121118
20080102 12:00, 0.98328062194685, -0.0039146
20080103 12:00, 0.98328064229485,  0.0039282
20080104 12:00, 0.98328509650065,  0.0114444
20080105 12:00, 0.98329380491898,  0.0186661
20080106 12:00, 0.98330660869667,  0.0256338
20080107 12:00, 0.98332337534963,  0.0323989
20080108 12:00, 0.98334400597519,  0.0390264
20080109 12:00, 0.98336844328720,  0.0455954
20080110 12:00, 0.98339667930074,  0.0521971
20080111 12:00, 0.98342876137892,  0.0589310
20080112 12:00, 0.98346479553927,  0.0658998
20080113 12:00, 0.98350494632158,  0.0732024
20080114 12:00, 0.98354943293281,  0.0809280
20080115 12:00, 0.98359852159498,  0.0891493
20080116 12:00, 0.98365251395707,  0.0979149
20080117 12:00, 0.98371173126877,  0.1072427
20080118 12:00, 0.98377649413730,  0.1171116
20080119 12:00, 0.98384709850107,  0.1274568
20080120 12:00, 0.98392379003716,  0.1381696
20080121 12:00, 0.98400674100939,  0.1491065
20080122 12:00, 0.98409603440336,  0.1601053
20080123 12:00, 0.98419165905572,  0.1710057
20080124 12:00, 0.98429351646665,  0.1816681
20080125 12:00, 0.98440143654971,  0.1919853
20080126 12:00, 0.98451519750608,  0.2018852
20080127 12:00, 0.98463454507490,  0.2113265
20080128 12:00, 0.98475920802362,  0.2202902
20080129 12:00, 0.98488890874720,  0.2287719
20080130 12:00, 0.98502336939303,  0.2367743
20080131 12:00, 0.98516231477116,  0.2443033
20080201 12:00, 0.98530547359525,  0.2513665
20080202 12:00, 0.98545257957938,  0.2579740
20080203 12:00, 0.98560337375891,  0.2641417
20080204 12:00, 0.98575760915314,  0.2698962
20080205 12:00, 0.98591505848237,  0.2752801
20080206 12:00, 0.98607552500024,  0.2803570
20080207 12:00, 0.98623885558216,  0.2852146
20080208 12:00, 0.98640495418352,  0.2899623
20080209 12:00, 0.98657379302069,  0.2947255
20080210 12:00, 0.98674541877148,  0.2996347
20080211 12:00, 0.98691995193611,  0.3048128
20080212 12:00, 0.98709757896358,  0.3103635
20080213 12:00, 0.98727853818305,  0.3163616
20080214 12:00, 0.98746310139847,  0.3228475
20080215 12:00, 0.98765155307526,  0.3298244
20080216 12:00, 0.98784416871593,  0.3372583
20080217 12:00, 0.98804119378001,  0.3450796
20080218 12:00, 0.98824282461716,  0.3531889
20080219 12:00, 0.98844919319901,  0.3614645
20080220 12:00, 0.98866035750612,  0.3697738
20080221 12:00, 0.98887629884168,  0.3779858
20080222 12:00, 0.98909692608828,  0.3859825
20080223 12:00, 0.98932208546269,  0.3936658
20080224 12:00, 0.98955157330032,  0.4009610
20080225 12:00, 0.98978514920696,  0.4078152
20080226 12:00, 0.99002254748438,  0.4141928
20080227 12:00, 0.99026348568958,  0.4200705
20080228 12:00, 0.99050767013259,  0.4254319
20080229 12:00, 0.99075479883699,  0.4302643
20080301 12:00, 0.99100456295716,  0.4345565
20080302 12:00, 0.99125664794255,  0.4383002
20080303 12:00, 0.99151073593466,  0.4414931
20080304 12:00, 0.99176651096324,  0.4441453
20080305 12:00, 0.99202366833895,  0.4462873
20080306 12:00, 0.99228192897664,  0.4479786
20080307 12:00, 0.99254105802151,  0.4493133
20080308 12:00, 0.99280088519549,  0.4504201
20080309 12:00, 0.99306132242299,  0.4514527
20080310 12:00, 0.99332237368343,  0.4525729
20080311 12:00, 0.99358413352880,  0.4539291
20080312 12:00, 0.99384677393688,  0.4556384
20080313 12:00, 0.99411052252291,  0.4577753
20080314 12:00, 0.99437563689729,  0.4603693
20080315 12:00, 0.99464237961351,  0.4634091
20080316 12:00, 0.99491099650395,  0.4668495
20080317 12:00, 0.99518169946715,  0.4706194
20080318 12:00, 0.99545465370724,  0.4746294
20080319 12:00, 0.99572996910846,  0.4787785
20080320 12:00, 0.99600769551323,  0.4829608
20080321 12:00, 0.99628782176202,  0.4870720
20080322 12:00, 0.99657027822116,  0.4910147
20080323 12:00, 0.99685494217853,  0.4947031
20080324 12:00, 0.99714164510439,  0.4980646
20080325 12:00, 0.99743018055430,  0.5010402
20080326 12:00, 0.99772031154140,  0.5035827
20080327 12:00, 0.99801177650328,  0.5056538
20080328 12:00, 0.99830429343184,  0.5072204
20080329 12:00, 0.99859756222305,  0.5082525
20080330 12:00, 0.99889126578448,  0.5087213
20080331 12:00, 0.99918507091555,  0.5086001
20080401 12:00, 0.99947863045651,  0.5078682
20080402 12:00, 0.99977158862817,  0.5065180
20080403 12:00, 1.00006359163304,  0.5045659
20080404 12:00, 1.00035430503299,  0.5020646
20080405 12:00, 1.00064343767477,  0.4991123
20080406 12:00, 1.00093076894820,  0.4958543
20080407 12:00, 1.00121617295821,  0.4924701
20080408 12:00, 1.00149963189690,  0.4891495
20080409 12:00, 1.00178123330909,  0.4860630
20080410 12:00, 1.00206115145725,  0.4833373
20080411 12:00, 1.00233961843496,  0.4810452
20080412 12:00, 1.00261689289797,  0.4792073
20080413 12:00, 1.00289323275608,  0.4778025
20080414 12:00, 1.00316887481713,  0.4767808
20080415 12:00, 1.00344402141605,  0.4760744
20080416 12:00, 1.00371883252503,  0.4756055
20080417 12:00, 1.00399342158846,  0.4752915
20080418 12:00, 1.00426785375761,  0.4750482
20080419 12:00, 1.00454214577628,  0.4747925
20080420 12:00, 1.00481626718348,  0.4744444
20080421 12:00, 1.00509014266001,  0.4739288
20080422 12:00, 1.00536365529340,  0.4731770
20080423 12:00, 1.00563665038400,  0.4721269
20080424 12:00, 1.00590893928327,  0.4707227
20080425 12:00, 1.00618030273153,  0.4689140
20080426 12:00, 1.00645049328244,  0.4666534
20080427 12:00, 1.00671923666861,  0.4638950
20080428 12:00, 1.00698623236738,  0.4605938
20080429 12:00, 1.00725115416689,  0.4567064
20080430 12:00, 1.00751365219632,  0.4521951
20080501 12:00, 1.00777335857077,  0.4470371
20080502 12:00, 1.00802989920648,  0.4412362
20080503 12:00, 1.00828291388141,  0.4348390
20080504 12:00, 1.00853208451900,  0.4279463
20080505 12:00, 1.00877716779437,  0.4207151
20080506 12:00, 1.00901802391888,  0.4133429
20080507 12:00, 1.00925463189634,  0.4060377
20080508 12:00, 1.00948708510841,  0.3989821
20080509 12:00, 1.00971556855698,  0.3923076
20080510 12:00, 1.00994032574447,  0.3860853
20080511 12:00, 1.01016162501564,  0.3803322
20080512 12:00, 1.01037973232201,  0.3750256
20080513 12:00, 1.01059489286191,  0.3701186
20080514 12:00, 1.01080732063661,  0.3655518
20080515 12:00, 1.01101719350633,  0.3612602
20080516 12:00, 1.01122465133850,  0.3571776
20080517 12:00, 1.01142979551516,  0.3532371
20080518 12:00, 1.01163268884109,  0.3493719
20080519 12:00, 1.01183335550149,  0.3455152
20080520 12:00, 1.01203178107976,  0.3416002
20080521 12:00, 1.01222791277576,  0.3375608
20080522 12:00, 1.01242165992030,  0.3333320
20080523 12:00, 1.01261289474293,  0.3288503
20080524 12:00, 1.01280145320965,  0.3240537
20080525 12:00, 1.01298713569153,  0.3188809
20080526 12:00, 1.01316970732413,  0.3132710
20080527 12:00, 1.01334889821943,  0.3071637
20080528 12:00, 1.01352440422022,  0.3005013
20080529 12:00, 1.01369588961781,  0.2932334
20080530 12:00, 1.01386299404008,  0.2853269
20080531 12:00, 1.01402534616425,  0.2767797
20080601 12:00, 1.01418258630047,  0.2676368
20080602 12:00, 1.01433439744353,  0.2580021
20080603 12:00, 1.01448054009287,  0.2480386
20080604 12:00, 1.01462088183043,  0.2379497
20080605 12:00, 1.01475541170203,  0.2279464
20080606 12:00, 1.01488423402363,  0.2182115
20080607 12:00, 1.01500754425288,  0.2088752
20080608 12:00, 1.01512559581839,  0.2000084
20080609 12:00, 1.01523866774235,  0.1916310
20080610 12:00, 1.01534703941672,  0.1837270
20080611 12:00, 1.01545097432955,  0.1762596
20080612 12:00, 1.01555071138115,  0.1691820
20080613 12:00, 1.01564646121500,  0.1624437
20080614 12:00, 1.01573840509910,  0.1559937
20080615 12:00, 1.01582669456354,  0.1497801
20080616 12:00, 1.01591145074494,  0.1437491
20080617 12:00, 1.01599276300858,  0.1378443
20080618 12:00, 1.01607068686119,  0.1320049
20080619 12:00, 1.01614524143591,  0.1261655
20080620 12:00, 1.01621640693483,  0.1202569
20080621 12:00, 1.01628412237989,  0.1142059
20080622 12:00, 1.01634828389878,  0.1079372
20080623 12:00, 1.01640874364160,  0.1013742
20080624 12:00, 1.01646530939058,  0.0944400
20080625 12:00, 1.01651774508840,  0.0870600
20080626 12:00, 1.01656577292712,  0.0791652
20080627 12:00, 1.01660907827458,  0.0706984
20080628 12:00, 1.01664731936236,  0.0616248
20080629 12:00, 1.01668014386490,  0.0519451
20080630 12:00, 1.01670721358078,  0.0417095
20080701 12:00, 1.01672823584420,  0.0310261
20080702 12:00, 1.01674299644073,  0.0200565
20080703 12:00, 1.01675138563858,  0.0089964
20080704 12:00, 1.01675340922026, -0.0019554
20080705 12:00, 1.01674918113734, -0.0126276
20080706 12:00, 1.01673890117601, -0.0228962
20080707 12:00, 1.01672282561832, -0.0326893
20080708 12:00, 1.01670123907577, -0.0419787
20080709 12:00, 1.01667443259519, -0.0507679
20080710 12:00, 1.01664268942608, -0.0590786
20080711 12:00, 1.01660627729759, -0.0669416
20080712 12:00, 1.01656544502169, -0.0743910
20080713 12:00, 1.01652042124373, -0.0814625
20080714 12:00, 1.01647141362782, -0.0881932
20080715 12:00, 1.01641860733676, -0.0946242
20080716 12:00, 1.01636216220201, -0.1008027
20080717 12:00, 1.01630220845217, -0.1067843
20080718 12:00, 1.01623884127776, -0.1126349
20080719 12:00, 1.01617211483508, -0.1184307
20080720 12:00, 1.01610203648847, -0.1242572
20080721 12:00, 1.01602856211988, -0.1302066
20080722 12:00, 1.01595159321090, -0.1363744
20080723 12:00, 1.01587097621285, -0.1428550
20080724 12:00, 1.01578650460558, -0.1497365
20080725 12:00, 1.01569792412221, -0.1570950
20080726 12:00, 1.01560494188448, -0.1649867
20080727 12:00, 1.01550724045025, -0.1734387
20080728 12:00, 1.01540449761624, -0.1824388
20080729 12:00, 1.01529641177932, -0.1919268
20080730 12:00, 1.01518273058231, -0.2017927
20080731 12:00, 1.01506327807845, -0.2118843
20080801 12:00, 1.01493797422702, -0.2220254
20080802 12:00, 1.01480684166731, -0.2320407
20080803 12:00, 1.01466999845848, -0.2417784
20080804 12:00, 1.01452763993455, -0.2511242
20080805 12:00, 1.01438001555455, -0.2600046
20080806 12:00, 1.01422740655304, -0.2683817
20080807 12:00, 1.01407010811769, -0.2762433
20080808 12:00, 1.01390841730728, -0.2835937
20080809 12:00, 1.01374262607607, -0.2904452
20080810 12:00, 1.01357301786396, -0.2968145
20080811 12:00, 1.01339986601158, -0.3027198
20080812 12:00, 1.01322343242649, -0.3081827
20080813 12:00, 1.01304396523786, -0.3132301
20080814 12:00, 1.01286169454921, -0.3178981
20080815 12:00, 1.01267682584814, -0.3222364
20080816 12:00, 1.01248953119292, -0.3263115
20080817 12:00, 1.01229993895084, -0.3302083
20080818 12:00, 1.01210812349569, -0.3340285
20080819 12:00, 1.01191409667610, -0.3378857
20080820 12:00, 1.01171780284797, -0.3418986
20080821 12:00, 1.01151911878139, -0.3461810
20080822 12:00, 1.01131785898781, -0.3508332
20080823 12:00, 1.01111378629113, -0.3559325
20080824 12:00, 1.01090662703411, -0.3615268
20080825 12:00, 1.01069609015673, -0.3676276
20080826 12:00, 1.01048188923722, -0.3742068
20080827 12:00, 1.01026376612694, -0.3811949
20080828 12:00, 1.01004151396417, -0.3884848
20080829 12:00, 1.00981499649176, -0.3959411
20080830 12:00, 1.00958416042989, -0.4034146
20080831 12:00, 1.00934903870958, -0.4107586
20080901 12:00, 1.00910974449567, -0.4178441
20080902 12:00, 1.00886645820808, -0.4245682
20080903 12:00, 1.00861941112744, -0.4308574
20080904 12:00, 1.00836886917380, -0.4366646
20080905 12:00, 1.00811511938739, -0.4419627
20080906 12:00, 1.00785846021652, -0.4467381
20080907 12:00, 1.00759919550391, -0.4509849
20080908 12:00, 1.00733763128834, -0.4547009
20080909 12:00, 1.00707407415632, -0.4578864
20080910 12:00, 1.00680882974171, -0.4605448
20080911 12:00, 1.00654219996909, -0.4626863
20080912 12:00, 1.00627447775519, -0.4643329
20080913 12:00, 1.00600593821250, -0.4655253
20080914 12:00, 1.00573682608050, -0.4663289
20080915 12:00, 1.00546734021726, -0.4668375
20080916 12:00, 1.00519761735842, -0.4671717
20080917 12:00, 1.00492771849707, -0.4674712
20080918 12:00, 1.00465762147853, -0.4678818
20080919 12:00, 1.00438722232276, -0.4685383
20080920 12:00, 1.00411634568240, -0.4695508
20080921 12:00, 1.00384476266588, -0.4709935
20080922 12:00, 1.00357221297954, -0.4729006
20080923 12:00, 1.00329842829283, -0.4752661
20080924 12:00, 1.00302315448893, -0.4780474
20080925 12:00, 1.00274617132535, -0.4811709
20080926 12:00, 1.00246730853707, -0.4845384
20080927 12:00, 1.00218645755880, -0.4880359
20080928 12:00, 1.00190357813061, -0.4915426
20080929 12:00, 1.00161869940312, -0.4949404
20080930 12:00, 1.00133191586193, -0.4981222
20081001 12:00, 1.00104337922846, -0.5009976
20081002 12:00, 1.00075328811313, -0.5034948
20081003 12:00, 1.00046187734177, -0.5055598
20081004 12:00, 1.00016940853975, -0.5071531
20081005 12:00, 0.99987616292758, -0.5082456
20081006 12:00, 0.99958243658974, -0.5088143
20081007 12:00, 0.99928853787761, -0.5088394
20081008 12:00, 0.99899478613387, -0.5083025
20081009 12:00, 0.99870151054621, -0.5071883
20081010 12:00, 0.99840904761554, -0.5054877
20081011 12:00, 0.99811773550702, -0.5032054
20081012 12:00, 0.99782790362453, -0.5003689
20081013 12:00, 0.99753985643811, -0.4970385
20081014 12:00, 0.99725385220135, -0.4933145
20081015 12:00, 0.99697007962731, -0.4893365
20081016 12:00, 0.99668863795053, -0.4852720
20081017 12:00, 0.99640952652477, -0.4812954
20081018 12:00, 0.99613264803430, -0.4775629
20081019 12:00, 0.99585782511215, -0.4741929
20081020 12:00, 0.99558482597423, -0.4712547
20081021 12:00, 0.99531339284547, -0.4687698
20081022 12:00, 0.99504326791918, -0.4667184
20081023 12:00, 0.99477421404439, -0.4650504
20081024 12:00, 0.99450602963814, -0.4636943
20081025 12:00, 0.99423855860262, -0.4625651
20081026 12:00, 0.99397169631196, -0.4615705
20081027 12:00, 0.99370539247211, -0.4606155
20081028 12:00, 0.99343965131306, -0.4596068
20081029 12:00, 0.99317452941643, -0.4584571
20081030 12:00, 0.99291013156669, -0.4570872
20081031 12:00, 0.99264660523692, -0.4554285
20081101 12:00, 0.99238413451962, -0.4534228
20081102 12:00, 0.99212293436548, -0.4510211
20081103 12:00, 0.99186324585730, -0.4481815
20081104 12:00, 0.99160533295280, -0.4448663
20081105 12:00, 0.99134948073649, -0.4410397
20081106 12:00, 0.99109599476002, -0.4366664
20081107 12:00, 0.99084520052850, -0.4317131
20081108 12:00, 0.99059744160475, -0.4261516
20081109 12:00, 0.99035307423715, -0.4199678
20081110 12:00, 0.99011245613761, -0.4131730
20081111 12:00, 0.98987592757982, -0.4058186
20081112 12:00, 0.98964378498365, -0.3980063
20081113 12:00, 0.98941625070377, -0.3898897
20081114 12:00, 0.98919344655935, -0.3816598
20081115 12:00, 0.98897538002375, -0.3735160
20081116 12:00, 0.98876194877071, -0.3656339
20081117 12:00, 0.98855296248912, -0.3581397
20081118 12:00, 0.98834817471333, -0.3511014
20081119 12:00, 0.98814731553804, -0.3445340
20081120 12:00, 0.98795011856454, -0.3384129
20081121 12:00, 0.98775633956704, -0.3326881
20081122 12:00, 0.98756576760638, -0.3272958
20081123 12:00, 0.98737823075415, -0.3221658
20081124 12:00, 0.98719359861378, -0.3172248
20081125 12:00, 0.98701178318492, -0.3123995
20081126 12:00, 0.98683273887976, -0.3076166
20081127 12:00, 0.98665646195288, -0.3028045
20081128 12:00, 0.98648298933680, -0.2978942
20081129 12:00, 0.98631239685520, -0.2928203
20081130 12:00, 0.98614479692464, -0.2875215
20081201 12:00, 0.98598033603914, -0.2819409
20081202 12:00, 0.98581919245462, -0.2760253
20081203 12:00, 0.98566157447947, -0.2697236
20081204 12:00, 0.98550771959767, -0.2629857
20081205 12:00, 0.98535789428855, -0.2557612
20081206 12:00, 0.98521239385500, -0.2480010
20081207 12:00, 0.98507154084006, -0.2396611
20081208 12:00, 0.98493567980277, -0.2307110
20081209 12:00, 0.98480516566568, -0.2211478
20081210 12:00, 0.98468034321887, -0.2110124
20081211 12:00, 0.98456151753855, -0.2004031
20081212 12:00, 0.98444891933083, -0.1894781
20081213 12:00, 0.98434267399956, -0.1784395
20081214 12:00, 0.98424278506566, -0.1675009
20081215 12:00, 0.98414913858969, -0.1568497
20081216 12:00, 0.98406152692160, -0.1466200
20081217 12:00, 0.98397968288712, -0.1368840
20081218 12:00, 0.98390331383160, -0.1276600
20081219 12:00, 0.98383212836809, -0.1189281
20081220 12:00, 0.98376585363823, -0.1106464
20081221 12:00, 0.98370424444557, -0.1027626
20081222 12:00, 0.98364708700978, -0.0952210
20081223 12:00, 0.98359419996629, -0.0879652
20081224 12:00, 0.98354543447430, -0.0809390
20081225 12:00, 0.98350067445978, -0.0740850
20081226 12:00, 0.98345983734977, -0.0673443
20081227 12:00, 0.98342287521333, -0.0606559
20081228 12:00, 0.98338977600959, -0.0539566
20081229 12:00, 0.98336056462449, -0.0471819
20081230 12:00, 0.98333530350521, -0.0402663
20081231 12:00, 0.98331409289307, -0.0331444
20090101 12:00, 0.98329707064110, -0.0257508
20090102 12:00, 0.98328441287877, -0.0180204
20090103 12:00, 0.98327633266621, -0.0098885
20090104 12:00, 0.98327308010133, -0.0012927
20090105 12:00, 0.98327493959233,  0.0078224
20090106 12:00, 0.98328222353505,  0.0174964
20090107 12:00, 0.98329525954940,  0.0277398
20090108 12:00, 0.98331436902957,  0.0385179
20090109 12:00, 0.98333983693877,  0.0497378
20090110 12:00, 0.98337187692587,  0.0612465
20090111 12:00, 0.98341060034788,  0.0728470
20090112 12:00, 0.98345599930144,  0.0843293
20090113 12:00, 0.98350794980090,  0.0955068
20090114 12:00, 0.98356623337871,  0.1062420
20090115 12:00, 0.98363056873145,  0.1164549
20090116 12:00, 0.98370064351537,  0.1261158
20090117 12:00, 0.98377613953371,  0.1352314
20090118 12:00, 0.98385674911226,  0.1438293
20090119 12:00, 0.98394218378326,  0.1519469
20090120 12:00, 0.98403217779435,  0.1596247
20090121 12:00, 0.98412648898078,  0.1669037
20090122 12:00, 0.98422489894655,  0.1738255
20090123 12:00, 0.98432721378695,  0.1804336
20090124 12:00, 0.98443326595133,  0.1867760
20090125 12:00, 0.98454291733488,  0.1929070
20090126 12:00, 0.98465606330256,  0.1988883
20090127 12:00, 0.98477263709773,  0.2047894
20090128 12:00, 0.98489261399633,  0.2106861
20090129 12:00, 0.98501601463887,  0.2166593
20090130 12:00, 0.98514290715914,  0.2227922
20090131 12:00, 0.98527340791944,  0.2291680
20090201 12:00, 0.98540768071449,  0.2358674
20090202 12:00, 0.98554593410430,  0.2429640
20090203 12:00, 0.98568841606263,  0.2505194
20090204 12:00, 0.98583540453828,  0.2585741
20090205 12:00, 0.98598719220411,  0.2671366
20090206 12:00, 0.98614406420481,  0.2761704
20090207 12:00, 0.98630626963923,  0.2855864
20090208 12:00, 0.98647399068890,  0.2952433
20090209 12:00, 0.98664731632219,  0.3049630
20090210 12:00, 0.98682622806029,  0.3145566
20090211 12:00, 0.98701060202106,  0.3238524
20090212 12:00, 0.98720022573481,  0.3327178
20090213 12:00, 0.98739482346872,  0.3410665
20090214 12:00, 0.98759408254146,  0.3488554
20090215 12:00, 0.98779767513239,  0.3560733
20090216 12:00, 0.98800527333665,  0.3627291
20090217 12:00, 0.98821655784744,  0.3688424
20090218 12:00, 0.98843122200265,  0.3744366
20090219 12:00, 0.98864897324935,  0.3795369
20090220 12:00, 0.98886953384221,  0.3841698
20090221 12:00, 0.98909264216322,  0.3883649
20090222 12:00, 0.98931805558806,  0.3921590
20090223 12:00, 0.98954555535301,  0.3955986
20090224 12:00, 0.98977495337250,  0.3987437
20090225 12:00, 0.99000610042805,  0.4016690
20090226 12:00, 0.99023889467143,  0.4044636
20090227 12:00, 0.99047328909007,  0.4072277
20090228 12:00, 0.99070929659189,  0.4100675
20090301 12:00, 0.99094699168679,  0.4130889
20090302 12:00, 0.99118650822533,  0.4163904
20090303 12:00, 0.99142803306007,  0.4200559
20090304 12:00, 0.99167179564390,  0.4241477
20090305 12:00, 0.99191805350371,  0.4286996
20090306 12:00, 0.99216707350923,  0.4337091
20090307 12:00, 0.99241910929813,  0.4391320
20090308 12:00, 0.99267437636970,  0.4448806
20090309 12:00, 0.99293302797953,  0.4508286
20090310 12:00, 0.99319513619797,  0.4568240
20090311 12:00, 0.99346068225357,  0.4627075
20090312 12:00, 0.99372955814372,  0.4683324
20090313 12:00, 0.99400157828861,  0.4735785
20090314 12:00, 0.99427649736801,  0.4783595
20090315 12:00, 0.99455402962487,  0.4826211
20090316 12:00, 0.99483386584697,  0.4863350
20090317 12:00, 0.99511568604207,  0.4894908
20090318 12:00, 0.99539916753475,  0.4920885
20090319 12:00, 0.99568398934013,  0.4941332
20090320 12:00, 0.99596983419461,  0.4956326
20090321 12:00, 0.99625638974993,  0.4965962
20090322 12:00, 0.99654335036330,  0.4970382
20090323 12:00, 0.99683042073789,  0.4969811
20090324 12:00, 0.99711732236250,  0.4964614
20090325 12:00, 0.99740380317803,  0.4955350
20090326 12:00, 0.99768965008700,  0.4942815
20090327 12:00, 0.99797470288327,  0.4928042
20090328 12:00, 0.99825886719437,  0.4912265
20090329 12:00, 0.99854212355416,  0.4896827
20090330 12:00, 0.99882453013612,  0.4883051
20090331 12:00, 0.99910621795231,  0.4872114
20090401 12:00, 0.99938737894155,  0.4864934
20090402 12:00, 0.99966824862419,  0.4862093
20090403 12:00, 0.99994908547744,  0.4863800
20090404 12:00, 1.00023014900412,  0.4869882
20090405 12:00, 1.00051167809303,  0.4879804
20090406 12:00, 1.00079387111413,  0.4892707
20090407 12:00, 1.00107686931854,  0.4907487
20090408 12:00, 1.00136074522306,  0.4922886
20090409 12:00, 1.00164549733924,  0.4937618
20090410 12:00, 1.00193105167446,  0.4950477
20090411 12:00, 1.00221726913254,  0.4960426
20090412 12:00, 1.00250395681028,  0.4966642
20090413 12:00, 1.00279088069245,  0.4968522
20090414 12:00, 1.00307777750395,  0.4965648
20090415 12:00, 1.00336436424298,  0.4957747
20090416 12:00, 1.00365034482710,  0.4944632
20090417 12:00, 1.00393541406353,  0.4926168
20090418 12:00, 1.00421925971065,  0.4902243
20090419 12:00, 1.00450156376470,  0.4872772
20090420 12:00, 1.00478200435521,  0.4837713
20090421 12:00, 1.00506025978633,  0.4797123
20090422 12:00, 1.00533601623074,  0.4751232
20090423 12:00, 1.00560898016310,  0.4700528
20090424 12:00, 1.00587889556320,  0.4645831
20090425 12:00, 1.00614556416229,  0.4588319
20090426 12:00, 1.00640886497635,  0.4529473
20090427 12:00, 1.00666876807917,  0.4470936
20090428 12:00, 1.00692533812433,  0.4414304
20090429 12:00, 1.00717872577003,  0.4360927
20090430 12:00, 1.00742914873025,  0.4311761
20090501 12:00, 1.00767686680441,  0.4267305
20090502 12:00, 1.00792215578586,  0.4227620
20090503 12:00, 1.00816528391184,  0.4192397
20090504 12:00, 1.00840649266335,  0.4161034
20090505 12:00, 1.00864598228245,  0.4132716
20090506 12:00, 1.00888390171130,  0.4106493
20090507 12:00, 1.00912034257725,  0.4081342
20090508 12:00, 1.00935533695520,  0.4056233
20090509 12:00, 1.00958885862629,  0.4030187
20090510 12:00, 1.00982082732851,  0.4002318
20090511 12:00, 1.01005111516176,  0.3971864
20090512 12:00, 1.01027955404980,  0.3938196
20090513 12:00, 1.01050594311321,  0.3900804
20090514 12:00, 1.01073005500123,  0.3859277
20090515 12:00, 1.01095164060113,  0.3813267
20090516 12:00, 1.01117043199765,  0.3762466
20090517 12:00, 1.01138614402732,  0.3706584
20090518 12:00, 1.01159847524613,  0.3645349
20090519 12:00, 1.01180710961410,  0.3578534
20090520 12:00, 1.01201172066300,  0.3506018
20090521 12:00, 1.01221198019747,  0.3427881
20090522 12:00, 1.01240757332866,  0.3344525
20090523 12:00, 1.01259822036335,  0.3256781
20090524 12:00, 1.01278370349738,  0.3165960
20090525 12:00, 1.01296389297345,  0.3073777
20090526 12:00, 1.01313876514907,  0.2982147
20090527 12:00, 1.01330840590084,  0.2892899
20090528 12:00, 1.01347299739340,  0.2807500
20090529 12:00, 1.01363279208506,  0.2726902
20090530 12:00, 1.01378808143963,  0.2651510
20090531 12:00, 1.01393916655414,  0.2581271
20090601 12:00, 1.01408633498785,  0.2515792
20090602 12:00, 1.01422984480929,  0.2454462
20090603 12:00, 1.01436991478568,  0.2396543
20090604 12:00, 1.01450671895550,  0.2341233
20090605 12:00, 1.01464038405501,  0.2287701
20090606 12:00, 1.01477098882622,  0.2235119
20090607 12:00, 1.01489856472412,  0.2182682
20090608 12:00, 1.01502309780176,  0.2129626
20090609 12:00, 1.01514453157837,  0.2075244
20090610 12:00, 1.01526277057941,  0.2018892
20090611 12:00, 1.01537768409589,  0.1959994
20090612 12:00, 1.01548910964392,  0.1898023
20090613 12:00, 1.01559685567161,  0.1832496
20090614 12:00, 1.01570070327291,  0.1762948
20090615 12:00, 1.01580040702438,  0.1688923
20090616 12:00, 1.01589569555648,  0.1609981
20090617 12:00, 1.01598627309912,  0.1525727
20090618 12:00, 1.01607182393658,  0.1435880
20090619 12:00, 1.01615202223798,  0.1340392
20090620 12:00, 1.01622654958978,  0.1239594
20090621 12:00, 1.01629512102038,  0.1134332
20090622 12:00, 1.01635751694596,  0.1026023
20090623 12:00, 1.01641361412476,  0.0916554
20090624 12:00, 1.01646340600812,  0.0808024
20090625 12:00, 1.01650700475022,  0.0702387
20090626 12:00, 1.01654462370279,  0.0601154
20090627 12:00, 1.01657654660039,  0.0505240
20090628 12:00, 1.01660309317446,  0.0414991
20090629 12:00, 1.01662458935249,  0.0330303
20090630 12:00, 1.01664134591226,  0.0250780
20090701 12:00, 1.01665364555307,  0.0175863
20090702 12:00, 1.01666173627980,  0.0104920
20090703 12:00, 1.01666582860905,  0.0037291
20090704 12:00, 1.01666609462940, -0.0027694
20090705 12:00, 1.01666266772216, -0.0090704
20090706 12:00, 1.01665564242156, -0.0152415
20090707 12:00, 1.01664507433532, -0.0213500
20090708 12:00, 1.01663098024607, -0.0274629
20090709 12:00, 1.01661333851752, -0.0336461
20090710 12:00, 1.01659208980977, -0.0399641
20090711 12:00, 1.01656713795762, -0.0464801
20090712 12:00, 1.01653835077475, -0.0532558
20090713 12:00, 1.01650556059329, -0.0603523
20090714 12:00, 1.01646856458625, -0.0678302
20090715 12:00, 1.01642712538222, -0.0757482
20090716 12:00, 1.01638097316060, -0.0841589
20090717 12:00, 1.01632981120773, -0.0931011
20090718 12:00, 1.01627332751160, -0.1025866
20090719 12:00, 1.01621121474923, -0.1125846
20090720 12:00, 1.01614319916333, -0.1230079
20090721 12:00, 1.01606907499156, -0.1337088
20090722 12:00, 1.01598873653243, -0.1444923
20090723 12:00, 1.01590219769205, -0.1551452
20090724 12:00, 1.01580959181508, -0.1654728
20090725 12:00, 1.01571115204548, -0.1753277
20090726 12:00, 1.01560717971804, -0.1846217
20090727 12:00, 1.01549801087038, -0.1933211
20090728 12:00, 1.01538398849888, -0.2014327
20090729 12:00, 1.01526544362312, -0.2089888
20090730 12:00, 1.01514268452884, -0.2160343
20090731 12:00, 1.01501599180817, -0.2226192
20090801 12:00, 1.01488561661829, -0.2287950
20090802 12:00, 1.01475178014697, -0.2346141
20090803 12:00, 1.01461467302823, -0.2401301
20090804 12:00, 1.01447445412085, -0.2453997
20090805 12:00, 1.01433124856240, -0.2504831
20090806 12:00, 1.01418514533176, -0.2554452
20090807 12:00, 1.01403619470212, -0.2603552
20090808 12:00, 1.01388440596223, -0.2652857
20090809 12:00, 1.01372974566953, -0.2703118
20090810 12:00, 1.01357213654924, -0.2755100
20090811 12:00, 1.01341145707347, -0.2809569
20090812 12:00, 1.01324754184722, -0.2867274
20090813 12:00, 1.01308018326876, -0.2928921
20090814 12:00, 1.01290913551658, -0.2995116
20090815 12:00, 1.01273412259718, -0.3066279
20090816 12:00, 1.01255485259657, -0.3142519
20090817 12:00, 1.01237103978181, -0.3223491
20090818 12:00, 1.01218243415226, -0.3308291
20090819 12:00, 1.01198885445274, -0.3395453
20090820 12:00, 1.01179021700875, -0.3483103
20090821 12:00, 1.01158655173379, -0.3569236
20090822 12:00, 1.01137800013192, -0.3652041
20090823 12:00, 1.01116479669166, -0.3730138
20090824 12:00, 1.01094724069802, -0.3802665
20090825 12:00, 1.01072566702335, -0.3869236
20090826 12:00, 1.01050042209694, -0.3929814
20090827 12:00, 1.01027184747260, -0.3984583
20090828 12:00, 1.01004027042432, -0.4033840
20090829 12:00, 1.00980599954791, -0.4077927
20090830 12:00, 1.00956932310977, -0.4117203
20090831 12:00, 1.00933050826449, -0.4152042
20090901 12:00, 1.00908979983083, -0.4182847
20090902 12:00, 1.00884741787284, -0.4210077
20090903 12:00, 1.00860355383051, -0.4234268
20090904 12:00, 1.00835836537961, -0.4256054
20090905 12:00, 1.00811197055842, -0.4276175
20090906 12:00, 1.00786444193690, -0.4295463
20090907 12:00, 1.00761580167393, -0.4314826
20090908 12:00, 1.00736601820482, -0.4335210
20090909 12:00, 1.00711500509420, -0.4357562
20090910 12:00, 1.00686262241573, -0.4382780
20090911 12:00, 1.00660868102107, -0.4411660
20090912 12:00, 1.00635295028550, -0.4444830
20090913 12:00, 1.00609517023660, -0.4482662
20090914 12:00, 1.00583506903934, -0.4525178
20090915 12:00, 1.00557238615025, -0.4571952
20090916 12:00, 1.00530689974375, -0.4622068
20090917 12:00, 1.00503845455580, -0.4674152
20090918 12:00, 1.00476698430277, -0.4726530
20090919 12:00, 1.00449252295335, -0.4777446
20090920 12:00, 1.00421520205774, -0.4825313
20090921 12:00, 1.00393523580824, -0.4868877
20090922 12:00, 1.00365289903665, -0.4907294
20090923 12:00, 1.00336850423467, -0.4940094
20090924 12:00, 1.00308238213186, -0.4967098
20090925 12:00, 1.00279486784667, -0.4988317
20090926 12:00, 1.00250629249022, -0.5003867
20090927 12:00, 1.00221697889136, -0.5013911
20090928 12:00, 1.00192723971266, -0.5018637
20090929 12:00, 1.00163737630155, -0.5018251
20090930 12:00, 1.00134767689513, -0.5013004
20091001 12:00, 1.00105841314757, -0.5003228
20091002 12:00, 1.00076983436770, -0.4989372
20091003 12:00, 1.00048215938187, -0.4972047
20091004 12:00, 1.00019556658290, -0.4952044
20091005 12:00, 0.99991018340327, -0.4930334
20091006 12:00, 0.99962607696676, -0.4908025
20091007 12:00, 0.99934324780066, -0.4886302
20091008 12:00, 0.99906162811737, -0.4866330
20091009 12:00, 0.99878108541976, -0.4849169
20091010 12:00, 0.99850143137195, -0.4835680
20091011 12:00, 0.99822243533002, -0.4826456
20091012 12:00, 0.99794384174216, -0.4821757
20091013 12:00, 0.99766539060269, -0.4821471
20091014 12:00, 0.99738683991837, -0.4825086
20091015 12:00, 0.99710798849424, -0.4831707
20091016 12:00, 0.99682869643908, -0.4840122
20091017 12:00, 0.99654890022392, -0.4848922
20091018 12:00, 0.99626861958272, -0.4856661
20091019 12:00, 0.99598795521876, -0.4862005
20091020 12:00, 0.99570707856658, -0.4863851
20091021 12:00, 0.99542621668458, -0.4861380
20091022 12:00, 0.99514563593997, -0.4854045
20091023 12:00, 0.99486562748623, -0.4841524
20091024 12:00, 0.99458649620848, -0.4823652
20091025 12:00, 0.99430855348681, -0.4800359
20091026 12:00, 0.99403211317468, -0.4771623
20091027 12:00, 0.99375748966012, -0.4737446
20091028 12:00, 0.99348499664833, -0.4697853
20091029 12:00, 0.99321494523963, -0.4652914
20091030 12:00, 0.99294763992295, -0.4602797
20091031 12:00, 0.99268337131777, -0.4547826
20091101 12:00, 0.99242240501903, -0.4488555
20091102 12:00, 0.99216496686295, -0.4425813
20091103 12:00, 0.99191122629672, -0.4360719
20091104 12:00, 0.99166128092134, -0.4294629
20091105 12:00, 0.99141514599136, -0.4229014
20091106 12:00, 0.99117275206557, -0.4165307
20091107 12:00, 0.99093395209594, -0.4104740
20091108 12:00, 0.99069853683329, -0.4048218
20091109 12:00, 0.99046625566487, -0.3996262
20091110 12:00, 0.99023683954619, -0.3948992
20091111 12:00, 0.99001002334424, -0.3906159
20091112 12:00, 0.98978556593695, -0.3867189
20091113 12:00, 0.98956326716027, -0.3831250
20091114 12:00, 0.98934298095202, -0.3797313
20091115 12:00, 0.98912462403040, -0.3764247
20091116 12:00, 0.98890817954407, -0.3730899
20091117 12:00, 0.98869369558587, -0.3696184
20091118 12:00, 0.98848127921853, -0.3659155
20091119 12:00, 0.98827108741526, -0.3619036
20091120 12:00, 0.98806331673497, -0.3575229
20091121 12:00, 0.98785819348039, -0.3527296
20091122 12:00, 0.98765596561222, -0.3474919
20091123 12:00, 0.98745689703204, -0.3417857
20091124 12:00, 0.98726126420003, -0.3355910
20091125 12:00, 0.98706935451516, -0.3288898
20091126 12:00, 0.98688146545113, -0.3216654
20091127 12:00, 0.98669790306863, -0.3139054
20091128 12:00, 0.98651897821152, -0.3056068
20091129 12:00, 0.98634499856347, -0.2967852
20091130 12:00, 0.98617625507661, -0.2874848
20091201 12:00, 0.98601300246462, -0.2777880
20091202 12:00, 0.98585543565451, -0.2678194
20091203 12:00, 0.98570366680478, -0.2577391
20091204 12:00, 0.98555770929328, -0.2477252
20091205 12:00, 0.98541747430254, -0.2379491
20091206 12:00, 0.98528278192939, -0.2285515
20091207 12:00, 0.98515338392335, -0.2196267
20091208 12:00, 0.98502899197031, -0.2112194
20091209 12:00, 0.98490930532288, -0.2033294
20091210 12:00, 0.98479403377728, -0.1959221
20091211 12:00, 0.98468291468654, -0.1889384
20091212 12:00, 0.98457572453803, -0.1823030
20091213 12:00, 0.98447228628870, -0.1759312
20091214 12:00, 0.98437247350645, -0.1697332
20091215 12:00, 0.98427621193593, -0.1636188
20091216 12:00, 0.98418347877800, -0.1575006
20091217 12:00, 0.98409429990644, -0.1512978
20091218 12:00, 0.98400874541081, -0.1449385
20091219 12:00, 0.98392692410420, -0.1383606
20091220 12:00, 0.98384897780900, -0.1315116
20091221 12:00, 0.98377507623237, -0.1243472
20091222 12:00, 0.98370541305360, -0.1168283
20091223 12:00, 0.98364020351085, -0.1089187
20091224 12:00, 0.98357968334610, -0.1005835
20091225 12:00, 0.98352410846480, -0.0917880
20091226 12:00, 0.98347375408879, -0.0825006
20091227 12:00, 0.98342891155341, -0.0726984
20091228 12:00, 0.98338988038736, -0.0623780
20091229 12:00, 0.98335695332967, -0.0515689
20091230 12:00, 0.98333039314431, -0.0403472
20091231 12:00, 0.98331040300326, -0.0288435
20100101 12:00, 0.98329709632251, -0.0172357
20100102 12:00, 0.98329047505046, -0.0057267
20100103 12:00, 0.98329042458150,  0.0054885
20100104 12:00, 0.98329672785538,  0.0162542
20100105 12:00, 0.98330909386978,  0.0264717
20100106 12:00, 0.98332719146996,  0.0360997
20100107 12:00, 0.98335067993613,  0.0451439
20100108 12:00, 0.98337923177694,  0.0536419
20100109 12:00, 0.98341254716257,  0.0616500
20100110 12:00, 0.98345036179046,  0.0692338
20100111 12:00, 0.98349245058048,  0.0764628
20100112 12:00, 0.98353862915673,  0.0834083
20100113 12:00, 0.98358875429876,  0.0901413
20100114 12:00, 0.98364272385515,  0.0967328
20100115 12:00, 0.98370047618102,  0.1032521
20100116 12:00, 0.98376198900789,  0.1097660
20100117 12:00, 0.98382727772097,  0.1163379
20100118 12:00, 0.98389639320045,  0.1230273
20100119 12:00, 0.98396941956509,  0.1298900
20100120 12:00, 0.98404647224150,  0.1369788
20100121 12:00, 0.98412769670985,  0.1443451
20100122 12:00, 0.98421326801965,  0.1520400
20100123 12:00, 0.98430339071561,  0.1601145
20100124 12:00, 0.98439829816237,  0.1686168
20100125 12:00, 0.98449824945290,  0.1775862
20100126 12:00, 0.98460352132561,  0.1870423
20100127 12:00, 0.98471439230027,  0.1969689
20100128 12:00, 0.98483111740437,  0.2072984
20100129 12:00, 0.98495389512576,  0.2179021
20100130 12:00, 0.98508283310626,  0.2285968
20100131 12:00, 0.98521792292600,  0.2391693
20100201 12:00, 0.98535903343854,  0.2494143
20100202 12:00, 0.98550592545798,  0.2591676
20100203 12:00, 0.98565828203946,  0.2683255
20100204 12:00, 0.98581574382497,  0.2768435
20100205 12:00, 0.98597794010774,  0.2847240
20100206 12:00, 0.98614451094150,  0.2919992
20100207 12:00, 0.98631512012127,  0.2987172
20100208 12:00, 0.98648946132518,  0.3049322
20100209 12:00, 0.98666726023858,  0.3107003
20100210 12:00, 0.98684827495564,  0.3160776
20100211 12:00, 0.98703229611330,  0.3211209
20100212 12:00, 0.98721914744466,  0.3258881
20100213 12:00, 0.98740868687601,  0.3304398
20100214 12:00, 0.98760080795505,  0.3348388
20100215 12:00, 0.98779544127021,  0.3391505
20100216 12:00, 0.98799255556815,  0.3434415
20100217 12:00, 0.98819215843616,  0.3477795
20100218 12:00, 0.98839429660176,  0.3522323
20100219 12:00, 0.98859905600711,  0.3568679
20100220 12:00, 0.98880656174507,  0.3617538
20100221 12:00, 0.98901697762650,  0.3669563
20100222 12:00, 0.98923050456135,  0.3725367
20100223 12:00, 0.98944737614774,  0.3785454
20100224 12:00, 0.98966784911896,  0.3850100
20100225 12:00, 0.98989218613885,  0.3919207
20100226 12:00, 0.99012062966588,  0.3992151
20100227 12:00, 0.99035336881364,  0.4067707
20100228 12:00, 0.99059050566527,  0.4144113
20100301 12:00, 0.99083203076067,  0.4219320
20100302 12:00, 0.99107781625080,  0.4291338
20100303 12:00, 0.99132762892904,  0.4358552
20100304 12:00, 0.99158115768199,  0.4419892
20100305 12:00, 0.99183804577420,  0.4474836
20100306 12:00, 0.99209791948292,  0.4523294
20100307 12:00, 0.99236040872613,  0.4565458
20100308 12:00, 0.99262515934229,  0.4601668
20100309 12:00, 0.99289183897091,  0.4632327
20100310 12:00, 0.99316013910303,  0.4657855
20100311 12:00, 0.99342977553665,  0.4678673
20100312 12:00, 0.99370048881118,  0.4695219
20100313 12:00, 0.99397204553240,  0.4707963
20100314 12:00, 0.99424424093983,  0.4717430
20100315 12:00, 0.99451690262583,  0.4724216
20100316 12:00, 0.99478989498950,  0.4729000
20100317 12:00, 0.99506312382027,  0.4732536
20100318 12:00, 0.99533654037447,  0.4735642
20100319 12:00, 0.99561014442024,  0.4739174
20100320 12:00, 0.99588398590986,  0.4744010
20100321 12:00, 0.99615816506732,  0.4751008
20100322 12:00, 0.99643283061913,  0.4760982
20100323 12:00, 0.99670817557575,  0.4774642
20100324 12:00, 0.99698442945564,  0.4792527
20100325 12:00, 0.99726184540563,  0.4814898
20100326 12:00, 0.99754068080674,  0.4841620
20100327 12:00, 0.99782117123513,  0.4872060
20100328 12:00, 0.99810350027002,  0.4905054
20100329 12:00, 0.99838777078825,  0.4938997
20100330 12:00, 0.99867398510926,  0.4972056
20100331 12:00, 0.99896203976935,  0.5002448
20100401 12:00, 0.99925173593568,  0.5028686
20100402 12:00, 0.99954280115449,  0.5049720
20100403 12:00, 0.99983491532569,  0.5064943
20100404 12:00, 1.00012773448094,  0.5074118
20100405 12:00, 1.00042090874047,  0.5077258
20100406 12:00, 1.00071409373782,  0.5074524
20100407 12:00, 1.00100695668089,  0.5066147
20100408 12:00, 1.00129917895469,  0.5052382
20100409 12:00, 1.00159045716497,  0.5033501
20100410 12:00, 1.00188050418554,  0.5009800
20100411 12:00, 1.00216905134434,  0.4981627
20100412 12:00, 1.00245585243767,  0.4949417
20100413 12:00, 1.00274068978778,  0.4913728
20100414 12:00, 1.00302338204186,  0.4875264
20100415 12:00, 1.00330379288754,  0.4834880
20100416 12:00, 1.00358183944077,  0.4793565
20100417 12:00, 1.00385749888375,  0.4752401
20100418 12:00, 1.00413081207539,  0.4712501
20100419 12:00, 1.00440188326579,  0.4674934
20100420 12:00, 1.00467087552210,  0.4640654
20100421 12:00, 1.00493800179561,  0.4610423
20100422 12:00, 1.00520351164430,  0.4584735
20100423 12:00, 1.00546767362989,  0.4563741
20100424 12:00, 1.00573075367953,  0.4547190
20100425 12:00, 1.00599299055957,  0.4534392
20100426 12:00, 1.00625457102183,  0.4524245
20100427 12:00, 1.00651560854673,  0.4515337
20100428 12:00, 1.00677612992124,  0.4506110
20100429 12:00, 1.00703607245471,  0.4495054
20100430 12:00, 1.00729529179949,  0.4480875
20100501 12:00, 1.00755357746222,  0.4462585
20100502 12:00, 1.00781067156779,  0.4439528
20100503 12:00, 1.00806628672281,  0.4411328
20100504 12:00, 1.00832012032387,  0.4377820
20100505 12:00, 1.00857186440503,  0.4338972
20100506 12:00, 1.00882121145372,  0.4294823
20100507 12:00, 1.00906785736266,  0.4245448
20100508 12:00, 1.00931150295859,  0.4190943
20100509 12:00, 1.00955185555795,  0.4131441
20100510 12:00, 1.00978863187841,  0.4067141
20100511 12:00, 1.01002156340267,  0.3998365
20100512 12:00, 1.01025040487849,  0.3925607
20100513 12:00, 1.01047494595256,  0.3849586
20100514 12:00, 1.01069502496643,  0.3771271
20100515 12:00, 1.01091054287252,  0.3691854
20100516 12:00, 1.01112147446080,  0.3612682
20100517 12:00, 1.01132787407818,  0.3535142
20100518 12:00, 1.01152987396345,  0.3460523
20100519 12:00, 1.01172767489722,  0.3389890
20100520 12:00, 1.01192153039641,  0.3323991
20100521 12:00, 1.01211172656463,  0.3263200
20100522 12:00, 1.01229855981690,  0.3207500
20100523 12:00, 1.01248231437283,  0.3156491
20100524 12:00, 1.01266324112513,  0.3109426
20100525 12:00, 1.01284153946165,  0.3065281
20100526 12:00, 1.01301734369305,  0.3022846
20100527 12:00, 1.01319071553892,  0.2980836
20100528 12:00, 1.01336164338111,  0.2938015
20100529 12:00, 1.01353004780186,  0.2893285
20100530 12:00, 1.01369579172847,  0.2845754
20100531 12:00, 1.01385869280674,  0.2794745
20100601 12:00, 1.01401853564947,  0.2739785
20100602 12:00, 1.01417508222257,  0.2680556
20100603 12:00, 1.01432807950333,  0.2616848
20100604 12:00, 1.01447726436966,  0.2548514
20100605 12:00, 1.01462236630423,  0.2475442
20100606 12:00, 1.01476310892324,  0.2397542
20100607 12:00, 1.01489921162879,  0.2314762
20100608 12:00, 1.01503039287980,  0.2227131
20100609 12:00, 1.01515637663045,  0.2134823
20100610 12:00, 1.01527690322841,  0.2038246
20100611 12:00, 1.01539174524734,  0.1938121
20100612 12:00, 1.01550072719051,  0.1835527
20100613 12:00, 1.01560374597130,  0.1731881
20100614 12:00, 1.01570078738229,  0.1628818
20100615 12:00, 1.01579193358016,  0.1528003
20100616 12:00, 1.01587735859640,  0.1430919
20100617 12:00, 1.01595731235237,  0.1338689
20100618 12:00, 1.01603209683939,  0.1251985
20100619 12:00, 1.01610203946945,  0.1171020
20100620 12:00, 1.01616746789666,  0.1095600
20100621 12:00, 1.01622868882722,  0.1025208
20100622 12:00, 1.01628597165599,  0.0959085
20100623 12:00, 1.01633953680781,  0.0896305
20100624 12:00, 1.01638954839280,  0.0835854
20100625 12:00, 1.01643611084247,  0.0776692
20100626 12:00, 1.01647926922476,  0.0717813
20100627 12:00, 1.01651901277444,  0.0658295
20100628 12:00, 1.01655528086897,  0.0597338
20100629 12:00, 1.01658797039344,  0.0534272
20100630 12:00, 1.01661694333148,  0.0468555
20100701 12:00, 1.01664203355108,  0.0399751
20100702 12:00, 1.01666305208551,  0.0327501
20100703 12:00, 1.01667979064768,  0.0251490
20100704 12:00, 1.01669202358508,  0.0171428
20100705 12:00, 1.01669950895509,  0.0087042
20100706 12:00, 1.01670198988071, -0.0001907
20100707 12:00, 1.01669919782509, -0.0095571
20100708 12:00, 1.01669085978783, -0.0193936
20100709 12:00, 1.01667671138286, -0.0296699
20100710 12:00, 1.01665651683585, -0.0403153
20100711 12:00, 1.01663009474169, -0.0512116
20100712 12:00, 1.01659734520572, -0.0621966
20100713 12:00, 1.01655827120367, -0.0730801
20100714 12:00, 1.01651298684501, -0.0836724
20100715 12:00, 1.01646170887077, -0.0938123
20100716 12:00, 1.01640473358779, -0.1033877
20100717 12:00, 1.01634240604904, -0.1123417
20100718 12:00, 1.01627508919732, -0.1206677
20100719 12:00, 1.01620313832640, -0.1283966
20100720 12:00, 1.01612688280981, -0.1355852
20100721 12:00, 1.01604661450412, -0.1423054
20100722 12:00, 1.01596258114650, -0.1486370
20100723 12:00, 1.01587498308252, -0.1546637
20100724 12:00, 1.01578397216775, -0.1604693
20100725 12:00, 1.01568965222110, -0.1661360
20100726 12:00, 1.01559208073916, -0.1717417
20100727 12:00, 1.01549127166816, -0.1773590
20100728 12:00, 1.01538719894415, -0.1830539
20100729 12:00, 1.01527980036994, -0.1888855
20100730 12:00, 1.01516898130762, -0.1949072
20100731 12:00, 1.01505461769668, -0.2011678
20100801 12:00, 1.01493655808282, -0.2077137
20100802 12:00, 1.01481462466001, -0.2145900
20100803 12:00, 1.01468861378295, -0.2218408
20100804 12:00, 1.01455829699836, -0.2295073
20100805 12:00, 1.01442342433312, -0.2376216
20100806 12:00, 1.01428373219959, -0.2461966
20100807 12:00, 1.01413895841329, -0.2552119
20100808 12:00, 1.01398886577130, -0.2645993
20100809 12:00, 1.01383327279618, -0.2742335
20100810 12:00, 1.01367208596744, -0.2839374
20100811 12:00, 1.01350532419542, -0.2935037
20100812 12:00, 1.01333312661549, -0.3027295
20100813 12:00, 1.01315574026216, -0.3114488
20100814 12:00, 1.01297349194433, -0.3195531
20100815 12:00, 1.01278675368030, -0.3269935
20100816 12:00, 1.01259591081607, -0.3337703
20100817 12:00, 1.01240133804640, -0.3399175
20100818 12:00, 1.01220338425330, -0.3454884
20100819 12:00, 1.01200236441981, -0.3505458
20100820 12:00, 1.01179855607959, -0.3551559
20100821 12:00, 1.01159219811534, -0.3593862
20100822 12:00, 1.01138349048147, -0.3633039
20100823 12:00, 1.01117259415571, -0.3669767
20100824 12:00, 1.01095963113938, -0.3704719
20100825 12:00, 1.01074468459235, -0.3738566
20100826 12:00, 1.01052779923928, -0.3771967
20100827 12:00, 1.01030898208875, -0.3805568
20100828 12:00, 1.01008820335369, -0.3839998
20100829 12:00, 1.00986539734244, -0.3875873
20100830 12:00, 1.00964046308774, -0.3913799
20100831 12:00, 1.00941326465489, -0.3954380
20100901 12:00, 1.00918363146071, -0.3998209
20100902 12:00, 1.00895135955139, -0.4045842
20100903 12:00, 1.00871621557100, -0.4097727
20100904 12:00, 1.00847794587977, -0.4154096
20100905 12:00, 1.00823629343061, -0.4214807
20100906 12:00, 1.00799102377600, -0.4279195
20100907 12:00, 1.00774195832486, -0.4345990
20100908 12:00, 1.00748900830137, -0.4413379
20100909 12:00, 1.00723219939695, -0.4479264
20100910 12:00, 1.00697167823889, -0.4541618
20100911 12:00, 1.00670769826635, -0.4598814
20100912 12:00, 1.00644059064598, -0.4649801
20100913 12:00, 1.00617073024820, -0.4694104
20100914 12:00, 1.00589850556371, -0.4731700
20100915 12:00, 1.00562429707405, -0.4762864
20100916 12:00, 1.00534846435747, -0.4788025
20100917 12:00, 1.00507133983784, -0.4807683
20100918 12:00, 1.00479322650175, -0.4822354
20100919 12:00, 1.00451439733428, -0.4832559
20100920 12:00, 1.00423509497472, -0.4838830
20100921 12:00, 1.00395553081157, -0.4841720
20100922 12:00, 1.00367588329439, -0.4841818
20100923 12:00, 1.00339629561945, -0.4839757
20100924 12:00, 1.00311687315077, -0.4836214
20100925 12:00, 1.00283768098174, -0.4831904
20100926 12:00, 1.00255874195515, -0.4827573
20100927 12:00, 1.00228003530470, -0.4823985
20100928 12:00, 1.00200149595452, -0.4821908
20100929 12:00, 1.00172301452473, -0.4822105
20100930 12:00, 1.00144443833262, -0.4825307
20101001 12:00, 1.00116557418346, -0.4832177
20101002 12:00, 1.00088619443235, -0.4843231
20101003 12:00, 1.00060604839138, -0.4858728
20101004 12:00, 1.00032488111001, -0.4878532
20101005 12:00, 1.00004246016150, -0.4901983
20101006 12:00, 0.99975860796151, -0.4927844
20101007 12:00, 0.99947323318592, -0.4954392
20101008 12:00, 0.99918635247127, -0.4979662
20101009 12:00, 0.99889809533231, -0.5001765
20101010 12:00, 0.99860869110163, -0.5019170
20101011 12:00, 0.99831844325672, -0.5030851
20101012 12:00, 0.99802769974237, -0.5036284
20101013 12:00, 0.99773682671047, -0.5035341
20101014 12:00, 0.99744618947009, -0.5028156
20101015 12:00, 0.99715614096412, -0.5015007
20101016 12:00, 0.99686701607272, -0.4996231
20101017 12:00, 0.99657912944380, -0.4972187
20101018 12:00, 0.99629277477874, -0.4943243
20101019 12:00, 0.99600822403808, -0.4909786
20101020 12:00, 0.99572572560118, -0.4872250
20101021 12:00, 0.99544550093347, -0.4831139
20101022 12:00, 0.99516773977782, -0.4787049
20101023 12:00, 0.99489259429173, -0.4740687
20101024 12:00, 0.99462017286108, -0.4692861
20101025 12:00, 0.99435053447658, -0.4644468
20101026 12:00, 0.99408368452108, -0.4596461
20101027 12:00, 0.99381957261718, -0.4549812
20101028 12:00, 0.99355809294424, -0.4505462
20101029 12:00, 0.99329908731308, -0.4464272
20101030 12:00, 0.99304235140126, -0.4426969
20101031 12:00, 0.99278764486206, -0.4394060
20101101 12:00, 0.99253470627394, -0.4365749
20101102 12:00, 0.99228327364712, -0.4341838
20101103 12:00, 0.99203311000176, -0.4321652
20101104 12:00, 0.99178403133606, -0.4304038
20101105 12:00, 0.99153593191685, -0.4287464
20101106 12:00, 0.99128880083051, -0.4270217
20101107 12:00, 0.99104272543131, -0.4250649
20101108 12:00, 0.99079788136371, -0.4227378
20101109 12:00, 0.99055451305992, -0.4199413
20101110 12:00, 0.99031291073656, -0.4166154
20101111 12:00, 0.99007338928771, -0.4127331
20101112 12:00, 0.98983627218132, -0.4082900
20101113 12:00, 0.98960188105534, -0.4032955
20101114 12:00, 0.98937053008936, -0.3977651
20101115 12:00, 0.98914252351605, -0.3917173
20101116 12:00, 0.98891815454180, -0.3851719
20101117 12:00, 0.98869770414593, -0.3781518
20101118 12:00, 0.98848143853557, -0.3706859
20101119 12:00, 0.98826960440500, -0.3628137
20101120 12:00, 0.98806242162369, -0.3545892
20101121 12:00, 0.98786007359975, -0.3460850
20101122 12:00, 0.98766269629953, -0.3373928
20101123 12:00, 0.98747036758634, -0.3286215
20101124 12:00, 0.98728309891154, -0.3198909
20101125 12:00, 0.98710083122785, -0.3113236
20101126 12:00, 0.98692343629727, -0.3030351
20101127 12:00, 0.98675072361376, -0.2951240
20101128 12:00, 0.98658245236747, -0.2876647
20101129 12:00, 0.98641834751230, -0.2807006
20101130 12:00, 0.98625811899527, -0.2742395
20101201 12:00, 0.98610148322148, -0.2682508
20101202 12:00, 0.98594818549540, -0.2626655
20101203 12:00, 0.98579802142656, -0.2573795
20101204 12:00, 0.98565085449767, -0.2522637
20101205 12:00, 0.98550662685863, -0.2471774
20101206 12:00, 0.98536536143582, -0.2419841
20101207 12:00, 0.98522715545632, -0.2365650
20101208 12:00, 0.98509216759833, -0.2308269
20101209 12:00, 0.98496060220673, -0.2247046
20101210 12:00, 0.98483269394424, -0.2181576
20101211 12:00, 0.98470869520593, -0.2111638
20101212 12:00, 0.98458886726904, -0.2037135
20101213 12:00, 0.98447347500981, -0.1958032
20101214 12:00, 0.98436278429182, -0.1874325
20101215 12:00, 0.98425706076046, -0.1786026
20101216 12:00, 0.98415656862448, -0.1693178
20101217 12:00, 0.98406156796807, -0.1595888
20101218 12:00, 0.98397230922483, -0.1494394
20101219 12:00, 0.98388902377778, -0.1389131
20101220 12:00, 0.98381191040493, -0.1280802
20101221 12:00, 0.98374111855975, -0.1170415
20101222 12:00, 0.98367673105336, -0.1059261
20101223 12:00, 0.98361874996879, -0.0948822
20101224 12:00, 0.98356708975909, -0.0840622
20101225 12:00, 0.98352158002252, -0.0736048
20101226 12:00, 0.98348197789355, -0.0636200
20101227 12:00, 0.98344798757398, -0.0541802
20101228 12:00, 0.98341928336700, -0.0453165
20101229 12:00, 0.98339553288780, -0.0370216
20101230 12:00, 0.98337641825983, -0.0292535
20101231 12:00, 0.98336165420515, -0.0219422
20110101 12:00, 0.98335100251025, -0.0149960
20110102 12:00, 0.98334428242937, -0.0083090
20110103 12:00, 0.98334137653464, -0.0017691
20110104 12:00, 0.98334223169958,  0.0047329
20110105 12:00, 0.98334685544081,  0.0112966
20110106 12:00, 0.98335530857277,  0.0180064
20110107 12:00, 0.98336769572549,  0.0249295
20110108 12:00, 0.98338415547143,  0.0321166
20110109 12:00, 0.98340485155864,  0.0396048
20110110 12:00, 0.98342996619803,  0.0474217
20110111 12:00, 0.98345969571153,  0.0555891
20110112 12:00, 0.98349424826171,  0.0641266
20110113 12:00, 0.98353384289682,  0.0730524
20110114 12:00, 0.98357870872657,  0.0823826
20110115 12:00, 0.98362908266609,  0.0921273
20110116 12:00, 0.98368520389824,  0.1022828
20110117 12:00, 0.98374730322186,  0.1128218
20110118 12:00, 0.98381558615183,  0.1236824
20110119 12:00, 0.98389021038755,  0.1347601
20110120 12:00, 0.98397126098698,  0.1459089
20110121 12:00, 0.98405872924253,  0.1569533
20110122 12:00, 0.98415250202083,  0.1677116
20110123 12:00, 0.98425236587319,  0.1780223
20110124 12:00, 0.98435802532361,  0.1877654
20110125 12:00, 0.98446913016032,  0.1968720
20110126 12:00, 0.98458530482377,  0.2053221
20110127 12:00, 0.98470617438580,  0.2131361
20110128 12:00, 0.98483138449435,  0.2203631
20110129 12:00, 0.98496061516458,  0.2270715
20110130 12:00, 0.98509358957782,  0.2333414
20110131 12:00, 0.98523007923018,  0.2392592
20110201 12:00, 0.98536990638576,  0.2449137
20110202 12:00, 0.98551294432836,  0.2503922
20110203 12:00, 0.98565911565163,  0.2557776
20110204 12:00, 0.98580838884069,  0.2611456
20110205 12:00, 0.98596077359140,  0.2665630
20110206 12:00, 0.98611631552822,  0.2720875
20110207 12:00, 0.98627509108616,  0.2777684
20110208 12:00, 0.98643720325142,  0.2836486
20110209 12:00, 0.98660277861780,  0.2897675
20110210 12:00, 0.98677196585443,  0.2961625
20110211 12:00, 0.98694493522581,  0.3028709
20110212 12:00, 0.98712187826332,  0.3099287
20110213 12:00, 0.98730300606189,  0.3173666
20110214 12:00, 0.98748854404869,  0.3252019
20110215 12:00, 0.98767872072725,  0.3334256
20110216 12:00, 0.98787374840990,  0.3419881
20110217 12:00, 0.98807379600743,  0.3507875
20110218 12:00, 0.98827895769300,  0.3596679
20110219 12:00, 0.98848922534050,  0.3684347
20110220 12:00, 0.98870447413719,  0.3768843
20110221 12:00, 0.98892446733635,  0.3848381
20110222 12:00, 0.98914887889326,  0.3921684
20110223 12:00, 0.98937732625164,  0.3988073
20110224 12:00, 0.98960940370703,  0.4047405
20110225 12:00, 0.98984470952270,  0.4099935
20110226 12:00, 0.99008286436657,  0.4146161
20110227 12:00, 0.99032352198238,  0.4186715
20110228 12:00, 0.99056637443489,  0.4222284
20110301 12:00, 0.99081115424358,  0.4253577
20110302 12:00, 0.99105763503431,  0.4281306
20110303 12:00, 0.99130563156643,  0.4306183
20110304 12:00, 0.99155499941295,  0.4328910
20110305 12:00, 0.99180563426442,  0.4350171
20110306 12:00, 0.99205747076846,  0.4370630
20110307 12:00, 0.99231048092828,  0.4390916
20110308 12:00, 0.99256467226036,  0.4411630
20110309 12:00, 0.99282008604972,  0.4433342
20110310 12:00, 0.99307679606158,  0.4456609
20110311 12:00, 0.99333490791997,  0.4481979
20110312 12:00, 0.99359455902273,  0.4510003
20110313 12:00, 0.99385591831410,  0.4541219
20110314 12:00, 0.99411918449743,  0.4576109
20110315 12:00, 0.99438458045442,  0.4615008
20110316 12:00, 0.99465234109443,  0.4657972
20110317 12:00, 0.99492269228353,  0.4704606
20110318 12:00, 0.99519582075889,  0.4753932
20110319 12:00, 0.99547183923262,  0.4804377
20110320 12:00, 0.99575075559925,  0.4853928
20110321 12:00, 0.99603245677962,  0.4900472
20110322 12:00, 0.99631671357397,  0.4942158
20110323 12:00, 0.99660320459122,  0.4977673
20110324 12:00, 0.99689155031518,  0.5006317
20110325 12:00, 0.99718134686853,  0.5027923
20110326 12:00, 0.99747219249176,  0.5042703
20110327 12:00, 0.99776370463261,  0.5051087
20110328 12:00, 0.99805552900302,  0.5053609
20110329 12:00, 0.99834734331226,  0.5050834
20110330 12:00, 0.99863885826869,  0.5043338
20110331 12:00, 0.99892981771015,  0.5031694
20110401 12:00, 0.99921999891398,  0.5016487
20110402 12:00, 0.99950921348401,  0.4998323
20110403 12:00, 0.99979730876963,  0.4977835
20110404 12:00, 1.00008416953775,  0.4955685
20110405 12:00, 1.00036971956652,  0.4932562
20110406 12:00, 1.00065392291912,  0.4909170
20110407 12:00, 1.00093678481722,  0.4886229
20110408 12:00, 1.00121835217414,  0.4864462
20110409 12:00, 1.00149871386608,  0.4844599
20110410 12:00, 1.00177800062672,  0.4827357
20110411 12:00, 1.00205638399491,  0.4813424
20110412 12:00, 1.00233407304782,  0.4803402
20110413 12:00, 1.00261130687590,  0.4797708
20110414 12:00, 1.00288834031643,  0.4796444
20110415 12:00, 1.00316542107136,  0.4799238
20110416 12:00, 1.00344275872742,  0.4805130
20110417 12:00, 1.00372049030764,  0.4812581
20110418 12:00, 1.00399865100618,  0.4819648
20110419 12:00, 1.00427715952435,  0.4824299
20110420 12:00, 1.00455582303853,  0.4824754
20110421 12:00, 1.00483435931919,  0.4819724
20110422 12:00, 1.00511242768866,  0.4808473
20110423 12:00, 1.00538965956874,  0.4790749
20110424 12:00, 1.00566568252219,  0.4766645
20110425 12:00, 1.00594013591654,  0.4736456
20110426 12:00, 1.00621267934305,  0.4700574
20110427 12:00, 1.00648299616879,  0.4659423
20110428 12:00, 1.00675079460875,  0.4613437
20110429 12:00, 1.00701580816247,  0.4563060
20110430 12:00, 1.00727779660356,  0.4508761
20110501 12:00, 1.00753654812060,  0.4451059
20110502 12:00, 1.00779188272308,  0.4390541
20110503 12:00, 1.00804365664603,  0.4327875
20110504 12:00, 1.00829176722403,  0.4263815
20110505 12:00, 1.00853615758238,  0.4199191
20110506 12:00, 1.00877682052082,  0.4134889
20110507 12:00, 1.00901380110468,  0.4071828
20110508 12:00, 1.00924719762991,  0.4010927
20110509 12:00, 1.00947716065878,  0.3953071
20110510 12:00, 1.00970388962700,  0.3899058
20110511 12:00, 1.00992762610287,  0.3849534
20110512 12:00, 1.01014864232444,  0.3804897
20110513 12:00, 1.01036722356835,  0.3765182
20110514 12:00, 1.01058364377431,  0.3729945
20110515 12:00, 1.01079813602353,  0.3698212
20110516 12:00, 1.01101086251038,  0.3668521
20110517 12:00, 1.01122189096849,  0.3639102
20110518 12:00, 1.01143118409416,  0.3608136
20110519 12:00, 1.01163860470085,  0.3574021
20110520 12:00, 1.01184393399128,  0.3535552
20110521 12:00, 1.01204689655391,  0.3491973
20110522 12:00, 1.01224718524195,  0.3442927
20110523 12:00, 1.01244448130802,  0.3388349
20110524 12:00, 1.01263846813430,  0.3328361
20110525 12:00, 1.01282883914620,  0.3263177
20110526 12:00, 1.01301530160109,  0.3193056
20110527 12:00, 1.01319757816748,  0.3118271
20110528 12:00, 1.01337540797912,  0.3039121
20110529 12:00, 1.01354854845650,  0.2955946
20110530 12:00, 1.01371677875973,  0.2869164
20110531 12:00, 1.01387990528019,  0.2779306
20110601 12:00, 1.01403776907321,  0.2687045
20110602 12:00, 1.01419025459426,  0.2593212
20110603 12:00, 1.01433729860965,  0.2498784
20110604 12:00, 1.01447889785065,  0.2404853
20110605 12:00, 1.01461511398470,  0.2312564
20110606 12:00, 1.01474607479846,  0.2223048
20110607 12:00, 1.01487197097548,  0.2137340
20110608 12:00, 1.01499304827832,  0.2056299
20110609 12:00, 1.01510959515825,  0.1980531
20110610 12:00, 1.01522192587690,  0.1910312
20110611 12:00, 1.01533035942145,  0.1845519
20110612 12:00, 1.01543519517049,  0.1785593
20110613 12:00, 1.01553668751750,  0.1729543
20110614 12:00, 1.01563502305554,  0.1676030
20110615 12:00, 1.01573030456456,  0.1623522
20110616 12:00, 1.01582254509302,  0.1570477
20110617 12:00, 1.01591167291451,  0.1515525
20110618 12:00, 1.01599754517788,  0.1457587
20110619 12:00, 1.01607996611216,  0.1395910
20110620 12:00, 1.01615870544487,  0.1330043
20110621 12:00, 1.01623351391098,  0.1259766
20110622 12:00, 1.01630413446078,  0.1185017
20110623 12:00, 1.01637030924735,  0.1105822
20110624 12:00, 1.01643178337759,  0.1022252
20110625 12:00, 1.01648830680532,  0.0934402
20110626 12:00, 1.01653963582319,  0.0842399
20110627 12:00, 1.01658553552874,  0.0746427
20110628 12:00, 1.01662578445066,  0.0646777
20110629 12:00, 1.01666018217518,  0.0543897
20110630 12:00, 1.01668856021290,  0.0438451
20110701 12:00, 1.01671079544502,  0.0331349
20110702 12:00, 1.01672682440125,  0.0223742
20110703 12:00, 1.01673665569609,  0.0116962
20110704 12:00, 1.01674037766482,  0.0012416
20110705 12:00, 1.01673815890883, -0.0088548
20110706 12:00, 1.01673024093023, -0.0184773
20110707 12:00, 1.01671692369285, -0.0275406
20110708 12:00, 1.01669854609787, -0.0359961
20110709 12:00, 1.01667546370543, -0.0438348
20110710 12:00, 1.01664802579208, -0.0510871
20110711 12:00, 1.01661655348086, -0.0578194
20110712 12:00, 1.01658132054247, -0.0641280
20110713 12:00, 1.01654253849713, -0.0701304
20110714 12:00, 1.01650034751873, -0.0759543
20110715 12:00, 1.01645481403754, -0.0817254
20110716 12:00, 1.01640593484453, -0.0875577
20110717 12:00, 1.01635364628324, -0.0935458
20110718 12:00, 1.01629783627600, -0.0997625
20110719 12:00, 1.01623835677921, -0.1062600
20110720 12:00, 1.01617503475035, -0.1130736
20110721 12:00, 1.01610768053823, -0.1202262
20110722 12:00, 1.01603609345523, -0.1277339
20110723 12:00, 1.01596006496571, -0.1356082
20110724 12:00, 1.01587938039479, -0.1438588
20110725 12:00, 1.01579382038161, -0.1524921
20110726 12:00, 1.01570316352493, -0.1615079
20110727 12:00, 1.01560719177857, -0.1708935
20110728 12:00, 1.01550570001130, -0.1806155
20110729 12:00, 1.01539851050956, -0.1906110
20110730 12:00, 1.01528549185811, -0.2007819
20110731 12:00, 1.01516657966831, -0.2109950
20110801 12:00, 1.01504179470313, -0.2210909
20110802 12:00, 1.01491125322954, -0.2309017
20110803 12:00, 1.01477516583034, -0.2402723
20110804 12:00, 1.01463382415396, -0.2490798
20110805 12:00, 1.01448757857360, -0.2572449
20110806 12:00, 1.01433681168121, -0.2647350
20110807 12:00, 1.01418191232142, -0.2715600
20110808 12:00, 1.01402325322185, -0.2777645
20110809 12:00, 1.01386117344254, -0.2834191
20110810 12:00, 1.01369596566965, -0.2886124
20110811 12:00, 1.01352786794146, -0.2934438
20110812 12:00, 1.01335705940787, -0.2980169
20110813 12:00, 1.01318365979998, -0.3024329
20110814 12:00, 1.01300773219765, -0.3067860
20110815 12:00, 1.01282928841932, -0.3111590
20110816 12:00, 1.01264829606093, -0.3156220
20110817 12:00, 1.01246468604871, -0.3202322
20110818 12:00, 1.01227835963486, -0.3250356
20110819 12:00, 1.01208919404159, -0.3300698
20110820 12:00, 1.01189704636710, -0.3353674
20110821 12:00, 1.01170175582404, -0.3409581
20110822 12:00, 1.01150314484627, -0.3468704
20110823 12:00, 1.01130102007584, -0.3531301
20110824 12:00, 1.01109517473038, -0.3597568
20110825 12:00, 1.01088539428139, -0.3667562
20110826 12:00, 1.01067146750838, -0.3741092
20110827 12:00, 1.01045320439478, -0.3817596
20110828 12:00, 1.01023046051606, -0.3896046
20110829 12:00, 1.01000316452037, -0.3974948
20110830 12:00, 1.00977134211076, -0.4052470
20110831 12:00, 1.00953512877653, -0.4126691
20110901 12:00, 1.00929476613304, -0.4195904
20110902 12:00, 1.00905058237706, -0.4258848
20110903 12:00, 1.00880296277124, -0.4314812
20110904 12:00, 1.00855231812680, -0.4363609
20110905 12:00, 1.00829905756705, -0.4405464
20110906 12:00, 1.00804356843204, -0.4440885
20110907 12:00, 1.00778620323838, -0.4470553
20110908 12:00, 1.00752727211507, -0.4495246
20110909 12:00, 1.00726703892057, -0.4515781
20110910 12:00, 1.00700571969669, -0.4532992
20110911 12:00, 1.00674348269783, -0.4547698
20110912 12:00, 1.00648044965417, -0.4560686
20110913 12:00, 1.00621669809462, -0.4572698
20110914 12:00, 1.00595226451373, -0.4584412
20110915 12:00, 1.00568714802394, -0.4596444
20110916 12:00, 1.00542131400854, -0.4609347
20110917 12:00, 1.00515469726520, -0.4623630
20110918 12:00, 1.00488720424599, -0.4639770
20110919 12:00, 1.00461871426208, -0.4658231
20110920 12:00, 1.00434907992589, -0.4679474
20110921 12:00, 1.00407812765222, -0.4703941
20110922 12:00, 1.00380565971729, -0.4732015
20110923 12:00, 1.00353146007490, -0.4763929
20110924 12:00, 1.00325530652657, -0.4799638
20110925 12:00, 1.00297699130540, -0.4838662
20110926 12:00, 1.00269634991210, -0.4879970
20110927 12:00, 1.00241329401712, -0.4921968
20110928 12:00, 1.00212783996649, -0.4962667
20110929 12:00, 1.00184012308113, -0.4999996
20110930 12:00, 1.00155039189623, -0.5032160
20111001 12:00, 1.00125898422272, -0.5057891
20111002 12:00, 1.00096629346206, -0.5076530
20111003 12:00, 1.00067273508231, -0.5087952
20111004 12:00, 1.00037871998541, -0.5092412
20111005 12:00, 1.00008463689736, -0.5090400
20111006 12:00, 0.99979084258479, -0.5082518
20111007 12:00, 0.99949765737339, -0.5069418
20111008 12:00, 0.99920536354515, -0.5051762
20111009 12:00, 0.99891420491153, -0.5030218
20111010 12:00, 0.99862438664920, -0.5005458
20111011 12:00, 0.99833607509536, -0.4978155
20111012 12:00, 0.99804939756029, -0.4948986
20111013 12:00, 0.99776444234144, -0.4918624
20111014 12:00, 0.99748125906948, -0.4887735
20111015 12:00, 0.99719985936314, -0.4856968
20111016 12:00, 0.99692021760976, -0.4826964
20111017 12:00, 0.99664227161359, -0.4798350
20111018 12:00, 0.99636592293829, -0.4771754
20111019 12:00, 0.99609103706498, -0.4747797
20111020 12:00, 0.99581744401837, -0.4727081
20111021 12:00, 0.99554494086068, -0.4710134
20111022 12:00, 0.99527329827243, -0.4697320
20111023 12:00, 0.99500227393643, -0.4688700
20111024 12:00, 0.99473163488267, -0.4683863
20111025 12:00, 0.99446118850482, -0.4681809
20111026 12:00, 0.99419081757146, -0.4680942
20111027 12:00, 0.99392051008356, -0.4679260
20111028 12:00, 0.99365037379153, -0.4674681
20111029 12:00, 0.99338062986390, -0.4665413
20111030 12:00, 0.99311158845257, -0.4650194
20111031 12:00, 0.99284361529384, -0.4628356
20111101 12:00, 0.99257709936125, -0.4599739
20111102 12:00, 0.99231242793812, -0.4564535
20111103 12:00, 0.99204997079338, -0.4523136
20111104 12:00, 0.99179007196633, -0.4476027
20111105 12:00, 0.99153304648866, -0.4423721
20111106 12:00, 0.99127917952781, -0.4366737
20111107 12:00, 0.99102872613477, -0.4305600
20111108 12:00, 0.99078191054211, -0.4240856
20111109 12:00, 0.99053892459339, -0.4173083
20111110 12:00, 0.99029992534868, -0.4102909
20111111 12:00, 0.99006503220321, -0.4031010
20111112 12:00, 0.98983432397963, -0.3958113
20111113 12:00, 0.98960783642085, -0.3884982
20111114 12:00, 0.98938556036250, -0.3812405
20111115 12:00, 0.98916744068580, -0.3741184
20111116 12:00, 0.98895337605684, -0.3672114
20111117 12:00, 0.98874321956260, -0.3605975
20111118 12:00, 0.98853678072860, -0.3543489
20111119 12:00, 0.98833383002919, -0.3485273
20111120 12:00, 0.98813410769932, -0.3431739
20111121 12:00, 0.98793733900101, -0.3382969
20111122 12:00, 0.98774325741475, -0.3338576
20111123 12:00, 0.98755163489681, -0.3297607
20111124 12:00, 0.98736231456612, -0.3258566
20111125 12:00, 0.98717523772995, -0.3219590
20111126 12:00, 0.98699045683630, -0.3178749
20111127 12:00, 0.98680813019928, -0.3134354
20111128 12:00, 0.98662850113683, -0.3085172
20111129 12:00, 0.98645186922917, -0.3030486
20111130 12:00, 0.98627856208415, -0.2970024
20111201 12:00, 0.98610891310755, -0.2903834
20111202 12:00, 0.98594324698333, -0.2832151
20111203 12:00, 0.98578187185327, -0.2755299
20111204 12:00, 0.98562507602026, -0.2673634
20111205 12:00, 0.98547312693197, -0.2587522
20111206 12:00, 0.98532627064085, -0.2497340
20111207 12:00, 0.98518473050024, -0.2403501
20111208 12:00, 0.98504870439756, -0.2306479
20111209 12:00, 0.98491836032119, -0.2206840
20111210 12:00, 0.98479383051616, -0.2105258
20111211 12:00, 0.98467520488059, -0.2002525
20111212 12:00, 0.98456252452593, -0.1899535
20111213 12:00, 0.98445577649555, -0.1797260
20111214 12:00, 0.98435489048637, -0.1696707
20111215 12:00, 0.98425973812698, -0.1598871
20111216 12:00, 0.98417013509932, -0.1504686
20111217 12:00, 0.98408584632294, -0.1414966
20111218 12:00, 0.98400659461655, -0.1330342
20111219 12:00, 0.98393207356896, -0.1251181
20111220 12:00, 0.98386196542749, -0.1177494
20111221 12:00, 0.98379596416712, -0.1108853
20111222 12:00, 0.98373380224489, -0.1044352
20111223 12:00, 0.98367527721548, -0.0982659
20111224 12:00, 0.98362027260015, -0.0922162
20111225 12:00, 0.98356876770504, -0.0861197
20111226 12:00, 0.98352083403047, -0.0798270
20111227 12:00, 0.98347662018359, -0.0732222
20111228 12:00, 0.98343633043524, -0.0662286
20111229 12:00, 0.98340020272614, -0.0588051
20111230 12:00, 0.98336849033929, -0.0509381
20111231 12:00, 0.98334144903447, -0.0426312
20120101 12:00, 0.98331932943385, -0.0338973
20120102 12:00, 0.98330237332606, -0.0247534
20120103 12:00, 0.98329081218825, -0.0152182
20120104 12:00, 0.98328486628727, -0.0053120
20120105 12:00, 0.98328474296162,  0.0049402
20120106 12:00, 0.98329063300142,  0.0155053
20120107 12:00, 0.98330270445118,  0.0263368
20120108 12:00, 0.98332109372021,  0.0373710
20120109 12:00, 0.98334589461950,  0.0485241
20120110 12:00, 0.98337714674902,  0.0596924
20120111 12:00, 0.98341482528734,  0.0707575
20120112 12:00, 0.98345883438057,  0.0815935
20120113 12:00, 0.98350900582771,  0.0920775
20120114 12:00, 0.98356510376605,  0.1020998
20120115 12:00, 0.98362683500069,  0.1115728
20120116 12:00, 0.98369386393449,  0.1204382
20120117 12:00, 0.98376583088393,  0.1286717
20120118 12:00, 0.98384237268437,  0.1362858
20120119 12:00, 0.98392314447924,  0.1433313
20120120 12:00, 0.98400784117489,  0.1498945
20120121 12:00, 0.98409621634471,  0.1560907
20120122 12:00, 0.98418809590494,  0.1620528
20120123 12:00, 0.98428338427213,  0.1679173
20120124 12:00, 0.98438206214627,  0.1738098
20120125 12:00, 0.98448417704827,  0.1798347
20120126 12:00, 0.98458982936052,  0.1860704
20120127 12:00, 0.98469915718110,  0.1925696
20120128 12:00, 0.98481232275910,  0.1993641
20120129 12:00, 0.98492950211390,  0.2064708
20120130 12:00, 0.98505087823274,  0.2138980
20120131 12:00, 0.98517663733713,  0.2216492
20120201 12:00, 0.98530696717106,  0.2297262
20120202 12:00, 0.98544205599341,  0.2381288
20120203 12:00, 0.98558209083438,  0.2468524
20120204 12:00, 0.98572725355793,  0.2558827
20120205 12:00, 0.98587771343231,  0.2651891
20120206 12:00, 0.98603361542022,  0.2747168
20120207 12:00, 0.98619506443480,  0.2843812
20120208 12:00, 0.98636210735109,  0.2940663
20120209 12:00, 0.98653471618745,  0.3036304
20120210 12:00, 0.98671277674397,  0.3129193
20120211 12:00, 0.98689608631110,  0.3217838
20120212 12:00, 0.98708436180213,  0.3300974
20120213 12:00, 0.98727725681549,  0.3377690
20120214 12:00, 0.98747438411486,  0.3447486
20120215 12:00, 0.98767533961648,  0.3510274
20120216 12:00, 0.98787972490802,  0.3566330
20120217 12:00, 0.98808716667865,  0.3616236
20120218 12:00, 0.98829733243391,  0.3660813
20120219 12:00, 0.98850994225332,  0.3701047
20120220 12:00, 0.98872477634451,  0.3738021
20120221 12:00, 0.98894167814141,  0.3772830
20120222 12:00, 0.98916055295980,  0.3806509
20120223 12:00, 0.98938136276657,  0.3839977
20120224 12:00, 0.98960411821790,  0.3873999
20120225 12:00, 0.98982886949554,  0.3909179
20120226 12:00, 0.99005569746238,  0.3945980
20120227 12:00, 0.99028470630150,  0.3984753
20120228 12:00, 0.99051601825385,  0.4025777
20120229 12:00, 0.99074977049079,  0.4069296
20120301 12:00, 0.99098611363818,  0.4115535
20120302 12:00, 0.99122521101418,  0.4164706
20120303 12:00, 0.99146723722460,  0.4216981
20120304 12:00, 0.99171237438630,  0.4272436
20120305 12:00, 0.99196080405463,  0.4330958
20120306 12:00, 0.99221269322668,  0.4392136
20120307 12:00, 0.99246817400402,  0.4455160
20120308 12:00, 0.99272731884731,  0.4518775
20120309 12:00, 0.99299011631027,  0.4581352
20120310 12:00, 0.99325645413416,  0.4641069
20120311 12:00, 0.99352611575922,  0.4696182
20120312 12:00, 0.99379879225758,  0.4745273
20120313 12:00, 0.99407410643019,  0.4787411
20120314 12:00, 0.99435164240690,  0.4822184
20120315 12:00, 0.99463097409161,  0.4849634
20120316 12:00, 0.99491168828793,  0.4870146
20120317 12:00, 0.99519340129111,  0.4884339
20120318 12:00, 0.99547576970223,  0.4892978
20120319 12:00, 0.99575849691177,  0.4896910
20120320 12:00, 0.99604133652650,  0.4897020
20120321 12:00, 0.99632409352881,  0.4894196
20120322 12:00, 0.99660662355260,  0.4889299
20120323 12:00, 0.99688883050209,  0.4883137
20120324 12:00, 0.99717066281370,  0.4876441
20120325 12:00, 0.99745210885073,  0.4869861
20120326 12:00, 0.99773319208067,  0.4863966
20120327 12:00, 0.99801396671702,  0.4859254
20120328 12:00, 0.99829451437477,  0.4856178
20120329 12:00, 0.99857494200948,  0.4855168
20120330 12:00, 0.99885538101358,  0.4856642
20120331 12:00, 0.99913598684570,  0.4861012
20120401 12:00, 0.99941693797101,  0.4868656
20120402 12:00, 0.99969843223647,  0.4879854
20120403 12:00, 0.99998067828129,  0.4894678
20120404 12:00, 1.00026387963861,  0.4912853
20120405 12:00, 1.00054821050255,  0.4933619
20120406 12:00, 1.00083378520220,  0.4955662
20120407 12:00, 1.00112062762771,  0.4977191
20120408 12:00, 1.00140864984622,  0.4996177
20120409 12:00, 1.00169764797891,  0.5010691
20120410 12:00, 1.00198731746927,  0.5019218
20120411 12:00, 1.00227728249169,  0.5020820
20120412 12:00, 1.00256713012848,  0.5015137
20120413 12:00, 1.00285644089224,  0.5002277
20120414 12:00, 1.00314481119718,  0.4982658
20120415 12:00, 1.00343186738824,  0.4956879
20120416 12:00, 1.00371727321866,  0.4925626
20120417 12:00, 1.00400073321321,  0.4889618
20120418 12:00, 1.00428199389807,  0.4849588
20120419 12:00, 1.00456084411034,  0.4806267
20120420 12:00, 1.00483711491955,  0.4760386
20120421 12:00, 1.00511067925584,  0.4712663
20120422 12:00, 1.00538145116230,  0.4663802
20120423 12:00, 1.00564938461803,  0.4614481
20120424 12:00, 1.00591447202472,  0.4565352
20120425 12:00, 1.00617674260799,  0.4517039
20120426 12:00, 1.00643626106509,  0.4470148
20120427 12:00, 1.00669312672399,  0.4425274
20120428 12:00, 1.00694747322624,  0.4383010
20120429 12:00, 1.00719946828571,  0.4343941
20120430 12:00, 1.00744931240929,  0.4308609
20120501 12:00, 1.00769723466465,  0.4277445
20120502 12:00, 1.00794348289666,  0.4250644
20120503 12:00, 1.00818830579005,  0.4228013
20120504 12:00, 1.00843192568483,  0.4208812
20120505 12:00, 1.00867450461941,  0.4191691
20120506 12:00, 1.00891611085619,  0.4174786
20120507 12:00, 1.00915669623738,  0.4155988
20120508 12:00, 1.00939609280683,  0.4133318
20120509 12:00, 1.00963403003071,  0.4105245
20120510 12:00, 1.00987016596677,  0.4070837
20120511 12:00, 1.01010412200440,  0.4029740
20120512 12:00, 1.01033551261721,  0.3982041
20120513 12:00, 1.01056396620333,  0.3928110
20120514 12:00, 1.01078913721019,  0.3868461
20120515 12:00, 1.01101071186623,  0.3803670
20120516 12:00, 1.01122841021692,  0.3734327
20120517 12:00, 1.01144198661882,  0.3661030
20120518 12:00, 1.01165123004817,  0.3584382
20120519 12:00, 1.01185596486375,  0.3505006
20120520 12:00, 1.01205605214010,  0.3423553
20120521 12:00, 1.01225139137092,  0.3340702
20120522 12:00, 1.01244192221721,  0.3257163
20120523 12:00, 1.01262762600798,  0.3173668
20120524 12:00, 1.01280852683583,  0.3090966
20120525 12:00, 1.01298469224172,  0.3009811
20120526 12:00, 1.01315623355188,  0.2930964
20120527 12:00, 1.01332330581796,  0.2855176
20120528 12:00, 1.01348610695234,  0.2783175
20120529 12:00, 1.01364487503616,  0.2715615
20120530 12:00, 1.01379988202036,  0.2652996
20120531 12:00, 1.01395142146464,  0.2595543
20120601 12:00, 1.01409978818354,  0.2543050
20120602 12:00, 1.01424524944847,  0.2494752
20120603 12:00, 1.01438801099716,  0.2449288
20120604 12:00, 1.01452818532739,  0.2404826
20120605 12:00, 1.01466577176968,  0.2359336
20120606 12:00, 1.01480065510019,  0.2310935
20120607 12:00, 1.01493262265332,  0.2258166
20120608 12:00, 1.01506139319328,  0.2200119
20120609 12:00, 1.01518664823630,  0.2136399
20120610 12:00, 1.01530805854659,  0.2067004
20120611 12:00, 1.01542530261617,  0.1992181
20120612 12:00, 1.01553807741280,  0.1912306
20120613 12:00, 1.01564610346728,  0.1827810
20120614 12:00, 1.01574912672791,  0.1739139
20120615 12:00, 1.01584691921122,  0.1646750
20120616 12:00, 1.01593927984523,  0.1551121
20120617 12:00, 1.01602603628785,  0.1452773
20120618 12:00, 1.01610704798343,  0.1352289
20120619 12:00, 1.01618221030573,  0.1250332
20120620 12:00, 1.01625145933045,  0.1147648
20120621 12:00, 1.01631477660970,  0.1045064
20120622 12:00, 1.01637219329993,  0.0943468
20120623 12:00, 1.01642379310367,  0.0843786
20120624 12:00, 1.01646971364162,  0.0746954
20120625 12:00, 1.01651014595051,  0.0653880
20120626 12:00, 1.01654533168195,  0.0565400
20120627 12:00, 1.01657555722653,  0.0482215
20120628 12:00, 1.01660114353077,  0.0404803
20120629 12:00, 1.01662243016377,  0.0333311
20120630 12:00, 1.01663975275023,  0.0267439
20120701 12:00, 1.01665341480823,  0.0206363
20120702 12:00, 1.01666365687191,  0.0148755
20120703 12:00, 1.01667063156509,  0.0092915
20120704 12:00, 1.01667438835721,  0.0037022
20120705 12:00, 1.01667487446772, -0.0020600
20120706 12:00, 1.01667194978418, -0.0081275
20120707 12:00, 1.01666541045237, -0.0145882
20120708 12:00, 1.01665501420051, -0.0214883
20120709 12:00, 1.01664050203653, -0.0288414
20120710 12:00, 1.01662161383807, -0.0366396
20120711 12:00, 1.01659809786105, -0.0448631
20120712 12:00, 1.01656971561170, -0.0534866
20120713 12:00, 1.01653624396949, -0.0624825
20120714 12:00, 1.01649747632232, -0.0718210
20120715 12:00, 1.01645322411772, -0.0814690
20120716 12:00, 1.01640331981447, -0.0913864
20120717 12:00, 1.01634762177227, -0.1015228
20120718 12:00, 1.01628602112703, -0.1118147
20120719 12:00, 1.01621845016525, -0.1221830
20120720 12:00, 1.01614489119855, -0.1325338
20120721 12:00, 1.01606538457461, -0.1427608
20120722 12:00, 1.01598003437807, -0.1527505
20120723 12:00, 1.01588901061795, -0.1623893
20120724 12:00, 1.01579254716089, -0.1715710
20120725 12:00, 1.01569093513377, -0.1802049
20120726 12:00, 1.01558451179615, -0.1882232
20120727 12:00, 1.01547364496583, -0.1955891
20120728 12:00, 1.01535871319938, -0.2023033
20120729 12:00, 1.01524008243155, -0.2084094
20120730 12:00, 1.01511808085771, -0.2139940
20120731 12:00, 1.01499297524567, -0.2191816
20120801 12:00, 1.01486495279982, -0.2241206
20120802 12:00, 1.01473411225889, -0.2289657
20120803 12:00, 1.01460046581360, -0.2338591
20120804 12:00, 1.01446395049431, -0.2389171
20120805 12:00, 1.01432444534406, -0.2442239
20120806 12:00, 1.01418178997743, -0.2498326
20120807 12:00, 1.01403580099493, -0.2557709
20120808 12:00, 1.01388628437397, -0.2620491
20120809 12:00, 1.01373304353792, -0.2686669
20120810 12:00, 1.01357588387063, -0.2756184
20120811 12:00, 1.01341461496753, -0.2828952
20120812 12:00, 1.01324905206784, -0.2904860
20120813 12:00, 1.01307901807191, -0.2983750
20120814 12:00, 1.01290434739396, -0.3065373
20120815 12:00, 1.01272489261137, -0.3149339
20120816 12:00, 1.01254053435501, -0.3235059
20120817 12:00, 1.01235119406718, -0.3321704
20120818 12:00, 1.01215684819296, -0.3408200
20120819 12:00, 1.01195754135245, -0.3493272
20120820 12:00, 1.01175339553232, -0.3575536
20120821 12:00, 1.01154461273501, -0.3653629
20120822 12:00, 1.01133146982699, -0.3726342
20120823 12:00, 1.01111430601552, -0.3792741
20120824 12:00, 1.01089350472342, -0.3852238
20120825 12:00, 1.01066947217575, -0.3904636
20120826 12:00, 1.01044261485334, -0.3950121
20120827 12:00, 1.01021331756485, -0.3989250
20120828 12:00, 1.00998192365572, -0.4022893
20120829 12:00, 1.00974871888750, -0.4052158
20120830 12:00, 1.00951392051830, -0.4078291
20120831 12:00, 1.00927767272619, -0.4102557
20120901 12:00, 1.00904004859917, -0.4126137
20120902 12:00, 1.00880105770836, -0.4150039
20120903 12:00, 1.00856065727275, -0.4175063
20120904 12:00, 1.00831876452112, -0.4201798
20120905 12:00, 1.00807526813922, -0.4230650
20120906 12:00, 1.00783003742821, -0.4261893
20120907 12:00, 1.00758292865984, -0.4295712
20120908 12:00, 1.00733378885284, -0.4332247
20120909 12:00, 1.00708245773054, -0.4371613
20120910 12:00, 1.00682876898624, -0.4413902
20120911 12:00, 1.00657255224467, -0.4459156
20120912 12:00, 1.00631363727434, -0.4507317
20120913 12:00, 1.00605186197950, -0.4558147
20120914 12:00, 1.00578708525801, -0.4611143
20120915 12:00, 1.00551920469671, -0.4665459
20120916 12:00, 1.00524817723547, -0.4719888
20120917 12:00, 1.00497403883741, -0.4772918
20120918 12:00, 1.00469691794124, -0.4822891
20120919 12:00, 1.00441703818462, -0.4868205
20120920 12:00, 1.00413470875033, -0.4907530
20120921 12:00, 1.00385030439467, -0.4939943
20120922 12:00, 1.00356423980896, -0.4964984
20120923 12:00, 1.00327694334139, -0.4982631
20120924 12:00, 1.00298883368470, -0.4993227
20120925 12:00, 1.00270030117727, -0.4997397
20120926 12:00, 1.00241169391185, -0.4995966
20120927 12:00, 1.00212330822284, -0.4989891
20120928 12:00, 1.00183538309596, -0.4980190
20120929 12:00, 1.00154809819761, -0.4967888
20120930 12:00, 1.00126157524436, -0.4953960
20121001 12:00, 1.00097588223311, -0.4939285
20121002 12:00, 1.00069103973230, -0.4924623
20121003 12:00, 1.00040702817472, -0.4910605
20121004 12:00, 1.00012379503595, -0.4897744
20121005 12:00, 0.99984126096303, -0.4886461
20121006 12:00, 0.99955932427634, -0.4877113
20121007 12:00, 0.99927786371318, -0.4870026
20121008 12:00, 0.99899673975234, -0.4865508
20121009 12:00, 0.99871579534074, -0.4863855
20121010 12:00, 0.99843485734665, -0.4865322
20121011 12:00, 0.99815374055729, -0.4870058
20121012 12:00, 0.99787225635488, -0.4878013
20121013 12:00, 0.99759022796326, -0.4888806
20121014 12:00, 0.99730751282428, -0.4901617
20121015 12:00, 0.99702402993831, -0.4915135
20121016 12:00, 0.99673978652334, -0.4927642
20121017 12:00, 0.99645489606260, -0.4937222
20121018 12:00, 0.99616958099710, -0.4942069
20121019 12:00, 0.99588415832932, -0.4940752
20121020 12:00, 0.99559901254266, -0.4932379
20121021 12:00, 0.99531456377722, -0.4916599
20121022 12:00, 0.99503123860934, -0.4893518
20121023 12:00, 0.99474944753759, -0.4863566
20121024 12:00, 0.99446956987874, -0.4827376
20121025 12:00, 0.99419194472831, -0.4785695
20121026 12:00, 0.99391686607044, -0.4739330
20121027 12:00, 0.99364458045869, -0.4689113
20121028 12:00, 0.99337528632118, -0.4635876
20121029 12:00, 0.99310913447775, -0.4580431
20121030 12:00, 0.99284622973681, -0.4523557
20121031 12:00, 0.99258663346348, -0.4465978
20121101 12:00, 0.99233036687235, -0.4408358
20121102 12:00, 0.99207741462178, -0.4351301
20121103 12:00, 0.99182772818346, -0.4295354
20121104 12:00, 0.99158122849567, -0.4241029
20121105 12:00, 0.99133780760088, -0.4188819
20121106 12:00, 0.99109732931516, -0.4139210
20121107 12:00, 0.99085962947370, -0.4092683
20121108 12:00, 0.99062451694279, -0.4049682
20121109 12:00, 0.99039177733093, -0.4010554
20121110 12:00, 0.99016118195643, -0.3975425
20121111 12:00, 0.98993250462298, -0.3944055
20121112 12:00, 0.98970554733086, -0.3915687
20121113 12:00, 0.98948017264916, -0.3888980
20121114 12:00, 0.98925633583136, -0.3862096
20121115 12:00, 0.98903410660994, -0.3832965
20121116 12:00, 0.98881367225540, -0.3799647
20121117 12:00, 0.98859532032380, -0.3760652
20121118 12:00, 0.98837940745598, -0.3715088
20121119 12:00, 0.98816632446970, -0.3662646
20121120 12:00, 0.98795646631992, -0.3603466
20121121 12:00, 0.98775021091292, -0.3537973
20121122 12:00, 0.98754790661399, -0.3466747
20121123 12:00, 0.98734986614697, -0.3390431
20121124 12:00, 0.98715636422970, -0.3309692
20121125 12:00, 0.98696763687671, -0.3225204
20121126 12:00, 0.98678388113473, -0.3137643
20121127 12:00, 0.98660525473917, -0.3047694
20121128 12:00, 0.98643187566356, -0.2956049
20121129 12:00, 0.98626382176642, -0.2863404
20121130 12:00, 0.98610113075698, -0.2770452
20121201 12:00, 0.98594380057049, -0.2677876
20121202 12:00, 0.98579179005522, -0.2586347
20121203 12:00, 0.98564501972577, -0.2496522
20121204 12:00, 0.98550337232138, -0.2409052
20121205 12:00, 0.98536669308812, -0.2324586
20121206 12:00, 0.98523479012118, -0.2243758
20121207 12:00, 0.98510743576286, -0.2167164
20121208 12:00, 0.98498437088092, -0.2095283
20121209 12:00, 0.98486531459335, -0.2028364
20121210 12:00, 0.98474998208128, -0.1966267
20121211 12:00, 0.98463811168079, -0.1908309
20121212 12:00, 0.98452949887695, -0.1853194
20121213 12:00, 0.98442402997923, -0.1799104
20121214 12:00, 0.98432170509051, -0.1743974
20121215 12:00, 0.98422264189817, -0.1685859
20121216 12:00, 0.98412705899362, -0.1623250
20121217 12:00, 0.98403524544127, -0.1555225
20121218 12:00, 0.98394752697191, -0.1481421
20121219 12:00, 0.98386423725521, -0.1401898
20121220 12:00, 0.98378569804038, -0.1316984
20121221 12:00, 0.98371220787458, -0.1227137
20121222 12:00, 0.98364403703664, -0.1132867
20121223 12:00, 0.98358142596980, -0.1034693
20121224 12:00, 0.98352458502637, -0.0933140
20121225 12:00, 0.98347369410846, -0.0828740
20121226 12:00, 0.98342890149627, -0.0722058
20121227 12:00, 0.98339032170659, -0.0613701
20121228 12:00, 0.98335803260873, -0.0504332
20121229 12:00, 0.98333207224529, -0.0394666
20121230 12:00, 0.98331243585815, -0.0285468
20121231 12:00, 0.98329907352599, -0.0177536
20130101 12:00, 0.98329188863629, -0.0071686
20130102 12:00, 0.98329073724590,  0.0031263
20130103 12:00, 0.98329542835382,  0.0130503
20130104 12:00, 0.98330572532281,  0.0225266
20130105 12:00, 0.98332134917792,  0.0314863
20130106 12:00, 0.98334198519124,  0.0398761
20130107 12:00, 0.98336729473977,  0.0476688
20130108 12:00, 0.98339693434534,  0.0548769
20130109 12:00, 0.98343058238096,  0.0615651
20130110 12:00, 0.98346797084945,  0.0678542
20130111 12:00, 0.98350891582709,  0.0739117
20130112 12:00, 0.98355333802067,  0.0799274
20130113 12:00, 0.98360126681114,  0.0860826
20130114 12:00, 0.98365282695902,  0.0925228
20130115 12:00, 0.98370821340742,  0.0993446
20130116 12:00, 0.98376766255418,  0.1065961
20130117 12:00, 0.98383142706773,  0.1142876
20130118 12:00, 0.98389975777804,  0.1224046
20130119 12:00, 0.98397289285428,  0.1309194
20130120 12:00, 0.98405105257941,  0.1397988
20130121 12:00, 0.98413443747447,  0.1490079
20130122 12:00, 0.98422322774301,  0.1585111
20130123 12:00, 0.98431758250947,  0.1682707
20130124 12:00, 0.98441763786403,  0.1782441
20130125 12:00, 0.98452350323138,  0.1883811
20130126 12:00, 0.98463525605804,  0.1986208
20130127 12:00, 0.98475293526149,  0.2088905
20130128 12:00, 0.98487653425926,  0.2191055
20130129 12:00, 0.98500599461422,  0.2291714
20130130 12:00, 0.98514120132288,  0.2389876
20130131 12:00, 0.98528198054699,  0.2484517
20130201 12:00, 0.98542810026305,  0.2574654
20130202 12:00, 0.98557927406898,  0.2659398
20130203 12:00, 0.98573516838835,  0.2738016
20130204 12:00, 0.98589541353734,  0.2810003
20130205 12:00, 0.98605961932786,  0.2875169
20130206 12:00, 0.98622739564716,  0.2933719
20130207 12:00, 0.98639837737234,  0.2986319
20130208 12:00, 0.98657225103310,  0.3034084
20130209 12:00, 0.98674877857268,  0.3078486
20130210 12:00, 0.98692781276722,  0.3121163
20130211 12:00, 0.98710930045369,  0.3163696
20130212 12:00, 0.98729327333933,  0.3207417
20130213 12:00, 0.98747982994010,  0.3253298
20130214 12:00, 0.98766911412725,  0.3301943
20130215 12:00, 0.98786129525826,  0.3353645
20130216 12:00, 0.98805655284557,  0.3408477
20130217 12:00, 0.98825506652233,  0.3466384
20130218 12:00, 0.98845701053611,  0.3527244
20130219 12:00, 0.98866255127985,  0.3590910
20130220 12:00, 0.98887184621671,  0.3657219
20130221 12:00, 0.98908504268797,  0.3725981
20130222 12:00, 0.98930227534017,  0.3796939
20130223 12:00, 0.98952366123538,  0.3869732
20130224 12:00, 0.98974929216822,  0.3943839
20130225 12:00, 0.98997922436406,  0.4018544
20130226 12:00, 0.99021346655422,  0.4092919
20130227 12:00, 0.99045196823845,  0.4165847
20130228 12:00, 0.99069461044120,  0.4236089
20130301 12:00, 0.99094120114797,  0.4302372
20130302 12:00, 0.99119147681528,  0.4363510
20130303 12:00, 0.99144511018059,  0.4418500
20130304 12:00, 0.99170172356141,  0.4466609
20130305 12:00, 0.99196090629742,  0.4507437
20130306 12:00, 0.99222223495118,  0.4540946
20130307 12:00, 0.99248529500297,  0.4567483
20130308 12:00, 0.99274970266462,  0.4587761
20130309 12:00, 0.99301512497921,  0.4602814
20130310 12:00, 0.99328129586270,  0.4613906
20130311 12:00, 0.99354802573644,  0.4622400
20130312 12:00, 0.99381520329916,  0.4629620
20130313 12:00, 0.99408278965114,  0.4636732
20130314 12:00, 0.99435080672154,  0.4644670
20130315 12:00, 0.99461932298028,  0.4654112
20130316 12:00, 0.99488843939290,  0.4665511
20130317 12:00, 0.99515827772835,  0.4679146
20130318 12:00, 0.99542897217584,  0.4695178
20130319 12:00, 0.99570066420865,  0.4713705
20130320 12:00, 0.99597349993635,  0.4734793
20130321 12:00, 0.99624762878876,  0.4758491
20130322 12:00, 0.99652320216499,  0.4784814
20130323 12:00, 0.99680037058329,  0.4813708
20130324 12:00, 0.99707927790166,  0.4844984
20130325 12:00, 0.99736005147867,  0.4878247
20130326 12:00, 0.99764278790916,  0.4912816
20130327 12:00, 0.99792753531588,  0.4947691
20130328 12:00, 0.99821427490198,  0.4981565
20130329 12:00, 0.99850290589513,  0.5012928
20130330 12:00, 0.99879323820248,  0.5040228
20130331 12:00, 0.99908499551854,  0.5062063
20130401 12:00, 0.99937782879025,  0.5077337
20130402 12:00, 0.99967133723501,  0.5085365
20130403 12:00, 0.99996509280372,  0.5085887
20130404 12:00, 1.00025866435062,  0.5079046
20130405 12:00, 1.00055163909802,  0.5065326
20130406 12:00, 1.00084364030464,  0.5045478
20130407 12:00, 1.00113434080691,  0.5020454
20130408 12:00, 1.00142347230849,  0.4991330
20130409 12:00, 1.00171083028020,  0.4959225
20130410 12:00, 1.00199627444534,  0.4925232
20130411 12:00, 1.00227972520645,  0.4890352
20130412 12:00, 1.00256115690748,  0.4855445
20130413 12:00, 1.00284058927408,  0.4821221
20130414 12:00, 1.00311807852446,  0.4788239
20130415 12:00, 1.00339370944310,  0.4756933
20130416 12:00, 1.00366758925582,  0.4727652
20130417 12:00, 1.00393984359300,  0.4700691
20130418 12:00, 1.00421061429238,  0.4676318
20130419 12:00, 1.00448005831304,  0.4654790
20130420 12:00, 1.00474834659227,  0.4636329
20130421 12:00, 1.00501566126531,  0.4621090
20130422 12:00, 1.00528218936283,  0.4609073
20130423 12:00, 1.00554811114026,  0.4600024
20130424 12:00, 1.00581358197748,  0.4593318
20130425 12:00, 1.00607870868358,  0.4587892
20130426 12:00, 1.00634352389718,  0.4582253
20130427 12:00, 1.00660796493424,  0.4574626
20130428 12:00, 1.00687186398117,  0.4563193
20130429 12:00, 1.00713495371412,  0.4546368
20130430 12:00, 1.00739688725634,  0.4523008
20130501 12:00, 1.00765726681264,  0.4492496
20130502 12:00, 1.00791567382116,  0.4454718
20130503 12:00, 1.00817169512474,  0.4409956
20130504 12:00, 1.00842494268495,  0.4358778
20130505 12:00, 1.00867506688483,  0.4301932
20130506 12:00, 1.00892176471262,  0.4240274
20130507 12:00, 1.00916478426913,  0.4174710
20130508 12:00, 1.00940392664654,  0.4106163
20130509 12:00, 1.00963904576346,  0.4035535
20130510 12:00, 1.00987004646924,  0.3963684
20130511 12:00, 1.01009688120335,  0.3891396
20130512 12:00, 1.01031954563217,  0.3819381
20130513 12:00, 1.01053807385042,  0.3748260
20130514 12:00, 1.01075253381112,  0.3678587
20130515 12:00, 1.01096302357540,  0.3610855
20130516 12:00, 1.01116966875039,  0.3545527
20130517 12:00, 1.01137262113336,  0.3483051
20130518 12:00, 1.01157205812307,  0.3423864
20130519 12:00, 1.01176818189841,  0.3368382
20130520 12:00, 1.01196121672271,  0.3316943
20130521 12:00, 1.01215140213558,  0.3269717
20130522 12:00, 1.01233897959068,  0.3226577
20130523 12:00, 1.01252417090500,  0.3186948
20130524 12:00, 1.01270714932550,  0.3149713
20130525 12:00, 1.01288800796953,  0.3113232
20130526 12:00, 1.01306673412423,  0.3075525
20130527 12:00, 1.01324319842907,  0.3034590
20130528 12:00, 1.01341716356158,  0.2988740
20130529 12:00, 1.01358830967276,  0.2936829
20130530 12:00, 1.01375626813794,  0.2878310
20130531 12:00, 1.01392065436439,  0.2813157
20130601 12:00, 1.01408109364357,  0.2741711
20130602 12:00, 1.01423723831764,  0.2664546
20130603 12:00, 1.01438877750969,  0.2582348
20130604 12:00, 1.01453544179019,  0.2495857
20130605 12:00, 1.01467700498691,  0.2405828
20130606 12:00, 1.01481328464324,  0.2313018
20130607 12:00, 1.01494414190072,  0.2218180
20130608 12:00, 1.01506948105592,  0.2122054
20130609 12:00, 1.01518924877747,  0.2025365
20130610 12:00, 1.01530343292966,  0.1928814
20130611 12:00, 1.01541206105501,  0.1833074
20130612 12:00, 1.01551519872006,  0.1738789
20130613 12:00, 1.01561294803033,  0.1646582
20130614 12:00, 1.01570544659916,  0.1557062
20130615 12:00, 1.01579286706231,  0.1470832
20130616 12:00, 1.01587541683913,  0.1388492
20130617 12:00, 1.01595333724268,  0.1310611
20130618 12:00, 1.01602690027756,  0.1237668
20130619 12:00, 1.01609640071708,  0.1169951
20130620 12:00, 1.01616214077685,  0.1107403
20130621 12:00, 1.01622440566736,  0.1049467
20130622 12:00, 1.01628343123023,  0.0994984
20130623 12:00, 1.01633936943716,  0.0942230
20130624 12:00, 1.01639226147574,  0.0889143
20130625 12:00, 1.01644202799073,  0.0833675
20130626 12:00, 1.01648848032711,  0.0774139
20130627 12:00, 1.01653134837662,  0.0709421
20130628 12:00, 1.01657031525492,  0.0639005
20130629 12:00, 1.01660504926567,  0.0562869
20130630 12:00, 1.01663522771308,  0.0481320
20130701 12:00, 1.01666055163290,  0.0394852
20130702 12:00, 1.01668075328735,  0.0304040
20130703 12:00, 1.01669559911845,  0.0209485
20130704 12:00, 1.01670489052354,  0.0111796
20130705 12:00, 1.01670846405798,  0.0011583
20130706 12:00, 1.01670619191561, -0.0090529
20130707 12:00, 1.01669798295529, -0.0193894
20130708 12:00, 1.01668378416736, -0.0297837
20130709 12:00, 1.01666358229530, -0.0401656
20130710 12:00, 1.01663740531607, -0.0504627
20130711 12:00, 1.01660532358793, -0.0606008
20130712 12:00, 1.01656745062139, -0.0705047
20130713 12:00, 1.01652394352340, -0.0800987
20130714 12:00, 1.01647500310795, -0.0893073
20130715 12:00, 1.01642087338310, -0.0980568
20130716 12:00, 1.01636183958342, -0.1062791
20130717 12:00, 1.01629822318674, -0.1139182
20130718 12:00, 1.01623037168379, -0.1209422
20130719 12:00, 1.01615864078659, -0.1273573
20130720 12:00, 1.01608336801969, -0.1332222
20130721 12:00, 1.01600483973965, -0.1386555
20130722 12:00, 1.01592325788962, -0.1438283
20130723 12:00, 1.01583871577871, -0.1489406
20130724 12:00, 1.01575119095129, -0.1541875
20130725 12:00, 1.01566055730270, -0.1597286
20130726 12:00, 1.01556661138104, -0.1656708
20130727 12:00, 1.01546910381357, -0.1720671
20130728 12:00, 1.01536776765392, -0.1789277
20130729 12:00, 1.01526233924025, -0.1862334
20130730 12:00, 1.01515257098760, -0.1939495
20130731 12:00, 1.01503823782973, -0.2020340
20130801 12:00, 1.01491913973402, -0.2104427
20130802 12:00, 1.01479510247203, -0.2191303
20130803 12:00, 1.01466597822916, -0.2280505
20130804 12:00, 1.01453164700745, -0.2371529
20130805 12:00, 1.01439201923015, -0.2463821
20130806 12:00, 1.01424703951410, -0.2556750
20130807 12:00, 1.01409669123991, -0.2649604
20130808 12:00, 1.01394100133725, -0.2741588
20130809 12:00, 1.01378004463596, -0.2831840
20130810 12:00, 1.01361394720600, -0.2919453
20130811 12:00, 1.01344288826067, -0.3003499
20130812 12:00, 1.01326710031089, -0.3083065
20130813 12:00, 1.01308686720772, -0.3157295
20130814 12:00, 1.01290251942435, -0.3225442
20130815 12:00, 1.01271442547642, -0.3286950
20130816 12:00, 1.01252297803716, -0.3341558
20130817 12:00, 1.01232857355804, -0.3389415
20130818 12:00, 1.01213158558133, -0.3431176
20130819 12:00, 1.01193233453108, -0.3468020
20130820 12:00, 1.01173105970014, -0.3501550
20130821 12:00, 1.01152790052660, -0.3533578
20130822 12:00, 1.01132289241921, -0.3565849
20130823 12:00, 1.01111597769111, -0.3599810
20130824 12:00, 1.01090702718347, -0.3636478
20130825 12:00, 1.01069586569171, -0.3676438
20130826 12:00, 1.01048229510181, -0.3719917
20130827 12:00, 1.01026611184685, -0.3766895
20130828 12:00, 1.01004711805104, -0.3817209
20130829 12:00, 1.00982512749946, -0.3870628
20130830 12:00, 1.00959996827332, -0.3926893
20130831 12:00, 1.00937148389338, -0.3985728
20130901 12:00, 1.00913953450334, -0.4046829
20130902 12:00, 1.00890399921880, -0.4109838
20130903 12:00, 1.00866478033341, -0.4174305
20130904 12:00, 1.00842180959912, -0.4239653
20130905 12:00, 1.00817505626713, -0.4305159
20130906 12:00, 1.00792453603274, -0.4369939
20130907 12:00, 1.00767031958608, -0.4432976
20130908 12:00, 1.00741253928105, -0.4493163
20130909 12:00, 1.00715139258791, -0.4549364
20130910 12:00, 1.00688714143264, -0.4600495
20130911 12:00, 1.00662010704527, -0.4645600
20130912 12:00, 1.00635066030540, -0.4683929
20130913 12:00, 1.00607920769718, -0.4715011
20130914 12:00, 1.00580617302188, -0.4738728
20130915 12:00, 1.00553197530873, -0.4755371
20130916 12:00, 1.00525700421385, -0.4765666
20130917 12:00, 1.00498159554624, -0.4770740
20130918 12:00, 1.00470601079312, -0.4772017
20130919 12:00, 1.00443042467680, -0.4771046
20130920 12:00, 1.00415492325243, -0.4769318
20130921 12:00, 1.00387951226449, -0.4768102
20130922 12:00, 1.00360413275536, -0.4768361
20130923 12:00, 1.00332867956253, -0.4770736
20130924 12:00, 1.00305301871483, -0.4775594
20130925 12:00, 1.00277700123092, -0.4783101
20130926 12:00, 1.00250047251410, -0.4793297
20130927 12:00, 1.00222327781157, -0.4806156
20130928 12:00, 1.00194526490799, -0.4821619
20130929 12:00, 1.00166628548656, -0.4839610
20130930 12:00, 1.00138619660910, -0.4860016
20131001 12:00, 1.00110486366017, -0.4882652
20131002 12:00, 1.00082216587707, -0.4907214
20131003 12:00, 1.00053800516438, -0.4933213
20131004 12:00, 1.00025231816391, -0.4959927
20131005 12:00, 0.99996509051042, -0.4986381
20131006 12:00, 0.99967637106136, -0.5011370
20131007 12:00, 0.99938628310014, -0.5033539
20131008 12:00, 0.99909502958171, -0.5051507
20131009 12:00, 0.99880289059677, -0.5064007
20131010 12:00, 0.99851021298503, -0.5070014
20131011 12:00, 0.99821739364169, -0.5068830
20131012 12:00, 0.99792485888963, -0.5060138
20131013 12:00, 0.99763304224499, -0.5044006
20131014 12:00, 0.99734236241275, -0.5020873
20131015 12:00, 0.99705320294343, -0.4991510
20131016 12:00, 0.99676589490734, -0.4956950
20131017 12:00, 0.99648070403857, -0.4918405
20131018 12:00, 0.99619782367291, -0.4877152
20131019 12:00, 0.99591737415352, -0.4834423
20131020 12:00, 0.99563940826992, -0.4791313
20131021 12:00, 0.99536392114477, -0.4748717
20131022 12:00, 0.99509086228313, -0.4707321
20131023 12:00, 0.99482014749270, -0.4667612
20131024 12:00, 0.99455166896164, -0.4629927
20131025 12:00, 0.99428530262341, -0.4594501
20131026 12:00, 0.99402091274708, -0.4561510
20131027 12:00, 0.99375835431576, -0.4531103
20131028 12:00, 0.99349747419099, -0.4503412
20131029 12:00, 0.99323811237348, -0.4478538
20131030 12:00, 0.99298010490161, -0.4456508
20131031 12:00, 0.99272329002878, -0.4437203
20131101 12:00, 0.99246751909766, -0.4420274
20131102 12:00, 0.99221267269753, -0.4405045
20131103 12:00, 0.99195868104620, -0.4390468
20131104 12:00, 0.99170554531121, -0.4375148
20131105 12:00, 0.99145335470753, -0.4357460
20131106 12:00, 0.99120229402802, -0.4335755
20131107 12:00, 0.99095263851984, -0.4308586
20131108 12:00, 0.99070473688872, -0.4274879
20131109 12:00, 0.99045898662677, -0.4234023
20131110 12:00, 0.99021580710694, -0.4185866
20131111 12:00, 0.98997561486024, -0.4130645
20131112 12:00, 0.98973880335699, -0.4068905
20131113 12:00, 0.98950572777784, -0.4001415
20131114 12:00, 0.98927669431086, -0.3929092
20131115 12:00, 0.98905195335529, -0.3852941
20131116 12:00, 0.98883169622171, -0.3773993
20131117 12:00, 0.98861605509123, -0.3693255
20131118 12:00, 0.98840510593176, -0.3611661
20131119 12:00, 0.98819887379319, -0.3530037
20131120 12:00, 0.98799733958266, -0.3449083
20131121 12:00, 0.98780044723757, -0.3369380
20131122 12:00, 0.98760811026433, -0.3291407
20131123 12:00, 0.98742021687991, -0.3215565
20131124 12:00, 0.98723663339791, -0.3142216
20131125 12:00, 0.98705720596205, -0.3071701
20131126 12:00, 0.98688176121070, -0.3004354
20131127 12:00, 0.98671010696251, -0.2940488
20131128 12:00, 0.98654203454785, -0.2880350
20131129 12:00, 0.98637732487971, -0.2824037
20131130 12:00, 0.98621576047357, -0.2771374
20131201 12:00, 0.98605714486742, -0.2721787
20131202 12:00, 0.98590132872990, -0.2674211
20131203 12:00, 0.98574823847331, -0.2627102
20131204 12:00, 0.98559789985695, -0.2578602
20131205 12:00, 0.98545044841709, -0.2526820
20131206 12:00, 0.98530612221674, -0.2470145
20131207 12:00, 0.98516523887811, -0.2407458
20131208 12:00, 0.98502816416391, -0.2338209
20131209 12:00, 0.98489528053071, -0.2262353
20131210 12:00, 0.98476696146463, -0.2180222
20131211 12:00, 0.98464355359464, -0.2092393
20131212 12:00, 0.98452536576020, -0.1999584
20131213 12:00, 0.98441266305140, -0.1902583
20131214 12:00, 0.98430566391690, -0.1802212
20131215 12:00, 0.98420453905486, -0.1699300
20131216 12:00, 0.98410941145591, -0.1594667
20131217 12:00, 0.98402035740125, -0.1489108
20131218 12:00, 0.98393740837411, -0.1383377
20131219 12:00, 0.98386055377453, -0.1278175
20131220 12:00, 0.98378974415012, -0.1174147
20131221 12:00, 0.98372489449152, -0.1071881
20131222 12:00, 0.98366588708379, -0.0971923
20131223 12:00, 0.98361257349920, -0.0874794
20131224 12:00, 0.98356477557323, -0.0781006
20131225 12:00, 0.98352228562089, -0.0691069
20131226 12:00, 0.98348486672740, -0.0605479
20131227 12:00, 0.98345225467141, -0.0524676
20131228 12:00, 0.98342416379362, -0.0448943
20131229 12:00, 0.98340029955285, -0.0378278
20131230 12:00, 0.98338037991612, -0.0312224
20131231 12:00, 0.98336416529508, -0.0249754
20140101 12:00, 0.98335149238831, -0.0189270
20140102 12:00, 0.98334230281994, -0.0128782
20140103 12:00, 0.98333665638724, -0.0066250
20140104 12:00, 0.98333472339617,  0.0000058
20140105 12:00, 0.98333675889310,  0.0071320
20140106 12:00, 0.98334306808591,  0.0148099
20140107 12:00, 0.98335397311100,  0.0230442
20140108 12:00, 0.98336978753355,  0.0318034
20140109 12:00, 0.98339080016754,  0.0410354
20140110 12:00, 0.98341726659834,  0.0506787
20140111 12:00, 0.98344940567836,  0.0606684
20140112 12:00, 0.98348739852822,  0.0709389
20140113 12:00, 0.98353138837080,  0.0814245
20140114 12:00, 0.98358148033747,  0.0920589
20140115 12:00, 0.98363774100139,  0.1027748
20140116 12:00, 0.98370019775977,  0.1135040
20140117 12:00, 0.98376883832413,  0.1241773
20140118 12:00, 0.98384361052849,  0.1347259
20140119 12:00, 0.98392442250616,  0.1450812
20140120 12:00, 0.98401114310374,  0.1551757
20140121 12:00, 0.98410360229638,  0.1649423
20140122 12:00, 0.98420159142261,  0.1743142
20140123 12:00, 0.98430486333244,  0.1832252
20140124 12:00, 0.98441313306865,  0.1916110
20140125 12:00, 0.98452608045643,  0.1994150
20140126 12:00, 0.98464335681065,  0.2065973
20140127 12:00, 0.98476459847579,  0.2131485
20140128 12:00, 0.98488944934230,  0.2191066
20140129 12:00, 0.98501759200045,  0.2245691
20140130 12:00, 0.98514878277429,  0.2296923
20140131 12:00, 0.98528288143799,  0.2346735
20140201 12:00, 0.98541986549799,  0.2397169
20140202 12:00, 0.98555982372472,  0.2449981
20140203 12:00, 0.98570293186620,  0.2506403
20140204 12:00, 0.98584941971982,  0.2567080
20140205 12:00, 0.98599953945350,  0.2632164
20140206 12:00, 0.98615354136806,  0.2701465
20140207 12:00, 0.98631165866372,  0.2774603
20140208 12:00, 0.98647409967832,  0.2851111
20140209 12:00, 0.98664104493815,  0.2930499
20140210 12:00, 0.98681264652616,  0.3012273
20140211 12:00, 0.98698902795349,  0.3095936
20140212 12:00, 0.98717028345994,  0.3180969
20140213 12:00, 0.98735647629135,  0.3266814
20140214 12:00, 0.98754763597150,  0.3352860
20140215 12:00, 0.98774375490585,  0.3438431
20140216 12:00, 0.98794478482031,  0.3522796
20140217 12:00, 0.98815063354946,  0.3605169
20140218 12:00, 0.98836116256835,  0.3684732
20140219 12:00, 0.98857618548385,  0.3760649
20140220 12:00, 0.98879546757823,  0.3832086
20140221 12:00, 0.98901872655415,  0.3898234
20140222 12:00, 0.98924563495071,  0.3958345
20140223 12:00, 0.98947582527031,  0.4011794
20140224 12:00, 0.98970889949142,  0.4058168
20140225 12:00, 0.98994444491932,  0.4097393
20140226 12:00, 0.99018205760088,  0.4129866
20140227 12:00, 0.99042137225716,  0.4156536
20140228 12:00, 0.99066209413537,  0.4178879
20140301 12:00, 0.99090402506254,  0.4198724
20140302 12:00, 0.99114707586599,  0.4217965
20140303 12:00, 0.99139126141364,  0.4238265
20140304 12:00, 0.99163668084951,  0.4260857
20140305 12:00, 0.99188349027066,  0.4286483
20140306 12:00, 0.99213187572414,  0.4315456
20140307 12:00, 0.99238203175581,  0.4347779
20140308 12:00, 0.99263414722354,  0.4383270
20140309 12:00, 0.99288839751876,  0.4421657
20140310 12:00, 0.99314494118686,  0.4462635
20140311 12:00, 0.99340391881197,  0.4505889
20140312 12:00, 0.99366545239819,  0.4551089
20140313 12:00, 0.99392964398335,  0.4597868
20140314 12:00, 0.99419657272157,  0.4645795
20140315 12:00, 0.99446629015059,  0.4694340
20140316 12:00, 0.99473881383180,  0.4742854
20140317 12:00, 0.99501411999782,  0.4790554
20140318 12:00, 0.99529213619315,  0.4836540
20140319 12:00, 0.99557273505324,  0.4879819
20140320 12:00, 0.99585573027935,  0.4919350
20140321 12:00, 0.99614087557858,  0.4954107
20140322 12:00, 0.99642786700552,  0.4983130
20140323 12:00, 0.99671634895392,  0.5005600
20140324 12:00, 0.99700592409508,  0.5020906
20140325 12:00, 0.99729616772836,  0.5028725
20140326 12:00, 0.99758664696141,  0.5029109
20140327 12:00, 0.99787694444772,  0.5022552
20140328 12:00, 0.99816668486939,  0.5010014
20140329 12:00, 0.99845556036021,  0.4992854
20140330 12:00, 0.99874334973355,  0.4972681
20140331 12:00, 0.99902992697106,  0.4951145
20140401 12:00, 0.99931525723694,  0.4929723
20140402 12:00, 0.99959938244847,  0.4909579
20140403 12:00, 0.99988240115271,  0.4891509
20140404 12:00, 1.00016444793796,  0.4875975
20140405 12:00, 1.00044567617329,  0.4863180
20140406 12:00, 1.00072624572889,  0.4853161
20140407 12:00, 1.00100631553567,  0.4845860
20140408 12:00, 1.00128603980148,  0.4841177
20140409 12:00, 1.00156556631864,  0.4838991
20140410 12:00, 1.00184503530122,  0.4839157
20140411 12:00, 1.00212457736969,  0.4841483
20140412 12:00, 1.00240430956772,  0.4845684
20140413 12:00, 1.00268432867592,  0.4851333
20140414 12:00, 1.00296470165057,  0.4857818
20140415 12:00, 1.00324545379296,  0.4864307
20140416 12:00, 1.00352655614616,  0.4869756
20140417 12:00, 1.00380791435211,  0.4872955
20140418 12:00, 1.00408936142901,  0.4872618
20140419 12:00, 1.00437065642756,  0.4867489
20140420 12:00, 1.00465148982026,  0.4856467
20140421 12:00, 1.00493149522639,  0.4838700
20140422 12:00, 1.00521026618461,  0.4813661
20140423 12:00, 1.00548737636604,  0.4781195
20140424 12:00, 1.00576240168216,  0.4741536
20140425 12:00, 1.00603494278362,  0.4695302
20140426 12:00, 1.00630464620945,  0.4643455
20140427 12:00, 1.00657122203833,  0.4587216
20140428 12:00, 1.00683445576168,  0.4527953
20140429 12:00, 1.00709421269626,  0.4467041
20140430 12:00, 1.00735043464169,  0.4405733
20140501 12:00, 1.00760313017751,  0.4345078
20140502 12:00, 1.00785236124266,  0.4285874
20140503 12:00, 1.00809822895830,  0.4228684
20140504 12:00, 1.00834086108066,  0.4173877
20140505 12:00, 1.00858040242470,  0.4121683
20140506 12:00, 1.00881700854644,  0.4072253
20140507 12:00, 1.00905084217681,  0.4025690
20140508 12:00, 1.00928207140532,  0.3982076
20140509 12:00, 1.00951086833395,  0.3941467
20140510 12:00, 1.00973740677239,  0.3903859
20140511 12:00, 1.00996185750827,  0.3869140
20140512 12:00, 1.01018437985704,  0.3837012
20140513 12:00, 1.01040510876335,  0.3806916
20140514 12:00, 1.01062413786481,  0.3777975
20140515 12:00, 1.01084150058630,  0.3748986
20140516 12:00, 1.01105715300960,  0.3718491
20140517 12:00, 1.01127096304733,  0.3684925
20140518 12:00, 1.01148270954340,  0.3646802
20140519 12:00, 1.01169209238684,  0.3602900
20140520 12:00, 1.01189875171019,  0.3552386
20140521 12:00, 1.01210229223737,  0.3494870
20140522 12:00, 1.01230230858577,  0.3430386
20140523 12:00, 1.01249840841894,  0.3359339
20140524 12:00, 1.01269023181060,  0.3282434
20140525 12:00, 1.01287746624558,  0.3200596
20140526 12:00, 1.01305985714255,  0.3114893
20140527 12:00, 1.01323721386963,  0.3026457
20140528 12:00, 1.01340941129720,  0.2936413
20140529 12:00, 1.01357638720787,  0.2845806
20140530 12:00, 1.01373813634029,  0.2755556
20140531 12:00, 1.01389470228550,  0.2666432
20140601 12:00, 1.01404616866916,  0.2579054
20140602 12:00, 1.01419265094545,  0.2493909
20140603 12:00, 1.01433428975271,  0.2411387
20140604 12:00, 1.01447124626843,  0.2331816
20140605 12:00, 1.01460369947528,  0.2255489
20140606 12:00, 1.01473184476605,  0.2182681
20140607 12:00, 1.01485589287077,  0.2113645
20140608 12:00, 1.01497606766629,  0.2048576
20140609 12:00, 1.01509260107170,  0.1987544
20140610 12:00, 1.01520572312474,  0.1930394
20140611 12:00, 1.01531564583348,  0.1876638
20140612 12:00, 1.01542254091643,  0.1825359
20140613 12:00, 1.01552651415970,  0.1775197
20140614 12:00, 1.01562758202778,  0.1724446
20140615 12:00, 1.01572565759349,  0.1671274
20140616 12:00, 1.01582055113650,  0.1614001
20140617 12:00, 1.01591198608472,  0.1551332
20140618 12:00, 1.01599962584582,  0.1482493
20140619 12:00, 1.01608310442515,  0.1407232
20140620 12:00, 1.01616205449246,  0.1325736
20140621 12:00, 1.01623612937877,  0.1238514
20140622 12:00, 1.01630501833195,  0.1146284
20140623 12:00, 1.01636845605934,  0.1049890
20140624 12:00, 1.01642622806173,  0.0950239
20140625 12:00, 1.01647817300229,  0.0848258
20140626 12:00, 1.01652418288453,  0.0744863
20140627 12:00, 1.01656420146417,  0.0640926
20140628 12:00, 1.01659822120350,  0.0537257
20140629 12:00, 1.01662627915094,  0.0434589
20140630 12:00, 1.01664845227372,  0.0333572
20140701 12:00, 1.01666485286763,  0.0234782
20140702 12:00, 1.01667562463853,  0.0138733
20140703 12:00, 1.01668093987620,  0.0045904
20140704 12:00, 1.01668099783726, -0.0043246
20140705 12:00, 1.01667602403853, -0.0128267
20140706 12:00, 1.01666626963930, -0.0208725
20140707 12:00, 1.01665200947092, -0.0284243
20140708 12:00, 1.01663353664027, -0.0354583
20140709 12:00, 1.01661115126428, -0.0419764
20140710 12:00, 1.01658514133098, -0.0480210
20140711 12:00, 1.01655575560498, -0.0536870
20140712 12:00, 1.01652317209553, -0.0591237
20140713 12:00, 1.01648746966836, -0.0645213
20140714 12:00, 1.01644861214010, -0.0700824
20140715 12:00, 1.01640645121717, -0.0759872
20140716 12:00, 1.01636074771548, -0.0823670
20140717 12:00, 1.01631120385809, -0.0892930
20140718 12:00, 1.01625749711475, -0.0967815
20140719 12:00, 1.01619930837677, -0.1048069
20140720 12:00, 1.01613634155032, -0.1133174
20140721 12:00, 1.01606833514361, -0.1222468
20140722 12:00, 1.01599506806269, -0.1315223
20140723 12:00, 1.01591636196359, -0.1410691
20140724 12:00, 1.01583208190127, -0.1508119
20140725 12:00, 1.01574213626255, -0.1606761
20140726 12:00, 1.01564647637217, -0.1705877
20140727 12:00, 1.01554509581715, -0.1804743
20140728 12:00, 1.01543802942811, -0.1902657
20140729 12:00, 1.01532535192230, -0.1998941
20140730 12:00, 1.01520717635558, -0.2092944
20140731 12:00, 1.01508365265444, -0.2184039
20140801 12:00, 1.01495496652313, -0.2271613
20140802 12:00, 1.01482133888736, -0.2355058
20140803 12:00, 1.01468302571116, -0.2433769
20140804 12:00, 1.01454031748831, -0.2507160
20140805 12:00, 1.01439353698387, -0.2574712
20140806 12:00, 1.01424303301133, -0.2636060
20140807 12:00, 1.01408916754228, -0.2691139
20140808 12:00, 1.01393229395190, -0.2740340
20140809 12:00, 1.01377272652159, -0.2784639
20140810 12:00, 1.01361070557359, -0.2825609
20140811 12:00, 1.01344636712059, -0.2865245
20140812 12:00, 1.01327972727876, -0.2905641
20140813 12:00, 1.01311068745720, -0.2948619
20140814 12:00, 1.01293905823423, -0.2995474
20140815 12:00, 1.01276459311509, -0.3046890
20140816 12:00, 1.01258702198614, -0.3103022
20140817 12:00, 1.01240607744829, -0.3163648
20140818 12:00, 1.01222151193888, -0.3228327
20140819 12:00, 1.01203310692544, -0.3296511
20140820 12:00, 1.01184067679757, -0.3367615
20140821 12:00, 1.01164406999956, -0.3441047
20140822 12:00, 1.01144316924809, -0.3516211
20140823 12:00, 1.01123789189482, -0.3592502
20140824 12:00, 1.01102819085034, -0.3669293
20140825 12:00, 1.01081405604461, -0.3745928
20140826 12:00, 1.01059551615836, -0.3821721
20140827 12:00, 1.01037264029689, -0.3895958
20140828 12:00, 1.01014553935423, -0.3967908
20140829 12:00, 1.00991436696498, -0.4036824
20140830 12:00, 1.00967932007307, -0.4101953
20140831 12:00, 1.00944063915895, -0.4162542
20140901 12:00, 1.00919860796914, -0.4217849
20140902 12:00, 1.00895355213450, -0.4267171
20140903 12:00, 1.00870583537168, -0.4309906
20140904 12:00, 1.00845585121692, -0.4345644
20140905 12:00, 1.00820400787768, -0.4374312
20140906 12:00, 1.00795070452174, -0.4396319
20140907 12:00, 1.00769629983944, -0.4412667
20140908 12:00, 1.00744107782498, -0.4424924
20140909 12:00, 1.00718521950813, -0.4435043
20140910 12:00, 1.00692878972992, -0.4445036
20140911 12:00, 1.00667174339553, -0.4456648
20140912 12:00, 1.00641394823413, -0.4471129
20140913 12:00, 1.00615521566057, -0.4489183
20140914 12:00, 1.00589533074705, -0.4511040
20140915 12:00, 1.00563407555807, -0.4536598
20140916 12:00, 1.00537124421757, -0.4565561
20140917 12:00, 1.00510665092922, -0.4597544
20140918 12:00, 1.00484013331734, -0.4632128
20140919 12:00, 1.00457155343014, -0.4668887
20140920 12:00, 1.00430079820703, -0.4707384
20140921 12:00, 1.00402778056811, -0.4747152
20140922 12:00, 1.00375244170250, -0.4787674
20140923 12:00, 1.00347475464663, -0.4828363
20140924 12:00, 1.00319472885634, -0.4868543
20140925 12:00, 1.00291241520421, -0.4907456
20140926 12:00, 1.00262791070786, -0.4944266
20140927 12:00, 1.00234136233072, -0.4978082
20140928 12:00, 1.00205296935569, -0.5007989
20140929 12:00, 1.00176298400869, -0.5033075
20140930 12:00, 1.00147171006182, -0.5052474
20141001 12:00, 1.00117949896291, -0.5065410
20141002 12:00, 1.00088674262519, -0.5071270
20141003 12:00, 1.00059386156339, -0.5069696
20141004 12:00, 1.00030128700293, -0.5060695
20141005 12:00, 1.00000943647464, -0.5044747
20141006 12:00, 0.99971868457338, -0.5022861
20141007 12:00, 0.99942933354028, -0.4996515
20141008 12:00, 0.99914159053038, -0.4967484
20141009 12:00, 0.99885555788630, -0.4937576
20141010 12:00, 0.99857123889291, -0.4908376
20141011 12:00, 0.99828855623736, -0.4881072
20141012 12:00, 0.99800737678706, -0.4856410
20141013 12:00, 0.99772753598143, -0.4834748
20141014 12:00, 0.99744885738073, -0.4816159
20141015 12:00, 0.99717116583935, -0.4800541
20141016 12:00, 0.99689429495328, -0.4787704
20141017 12:00, 0.99661809048772, -0.4777424
20141018 12:00, 0.99634241169578, -0.4769459
20141019 12:00, 0.99606713220957, -0.4763550
20141020 12:00, 0.99579214180421, -0.4759393
20141021 12:00, 0.99551734991296, -0.4756603
20141022 12:00, 0.99524269130779, -0.4754682
20141023 12:00, 0.99496813382625, -0.4752980
20141024 12:00, 0.99469368743894, -0.4750687
20141025 12:00, 0.99441941341612, -0.4746840
20141026 12:00, 0.99414543203300, -0.4740368
20141027 12:00, 0.99387192730055, -0.4730147
20141028 12:00, 0.99359914762717, -0.4715083
20141029 12:00, 0.99332740192592, -0.4694190
20141030 12:00, 0.99305705119952, -0.4666662
20141031 12:00, 0.99278849586408, -0.4631950
20141101 12:00, 0.99252215906560, -0.4589828
20141102 12:00, 0.99225846630128, -0.4540450
20141103 12:00, 0.99199782216091, -0.4484388
20141104 12:00, 0.99174058610042, -0.4422626
20141105 12:00, 0.99148705049625, -0.4356486
20141106 12:00, 0.99123742495362, -0.4287484
20141107 12:00, 0.99099183010701, -0.4217153
20141108 12:00, 0.99075030187117, -0.4146870
20141109 12:00, 0.99051280425101, -0.4077734
20141110 12:00, 0.99027924681518, -0.4010529
20141111 12:00, 0.99004950259676, -0.3945746
20141112 12:00, 0.98982342327522, -0.3883646
20141113 12:00, 0.98960085016132, -0.3824338
20141114 12:00, 0.98938162097516, -0.3767848
20141115 12:00, 0.98916557333795, -0.3714160
20141116 12:00, 0.98895254632778, -0.3663239
20141117 12:00, 0.98874238156474, -0.3615030
20141118 12:00, 0.98853492524905, -0.3569423
20141119 12:00, 0.98833003242832, -0.3526212
20141120 12:00, 0.98812757445636, -0.3485029
20141121 12:00, 0.98792745000462, -0.3445286
20141122 12:00, 0.98772959901890, -0.3406138
20141123 12:00, 0.98753401778929, -0.3366484
20141124 12:00, 0.98734077221641, -0.3325029
20141125 12:00, 0.98715000599886, -0.3280397
20141126 12:00, 0.98696194124092, -0.3231274
20141127 12:00, 0.98677687071651, -0.3176547
20141128 12:00, 0.98659514295642, -0.3115412
20141129 12:00, 0.98641714258094, -0.3047430
20141130 12:00, 0.98624326851144, -0.2972544
20141201 12:00, 0.98607391216228, -0.2891066
20141202 12:00, 0.98590943705806, -0.2803643
20141203 12:00, 0.98575016099472, -0.2711202
20141204 12:00, 0.98559634189598, -0.2614875
20141205 12:00, 0.98544816858565, -0.2515904
20141206 12:00, 0.98530575740656, -0.2415540
20141207 12:00, 0.98516915481457, -0.2314938
20141208 12:00, 0.98503834498950, -0.2215090
20141209 12:00, 0.98491326059256, -0.2116786
20141210 12:00, 0.98479379444498, -0.2020619
20141211 12:00, 0.98467981017865, -0.1927013
20141212 12:00, 0.98457115060395, -0.1836273
20141213 12:00, 0.98446764334647, -0.1748627
20141214 12:00, 0.98436910400218, -0.1664268
20141215 12:00, 0.98427533758014, -0.1583373
20141216 12:00, 0.98418613938023, -0.1506098
20141217 12:00, 0.98410129675003, -0.1432555
20141218 12:00, 0.98402059337721, -0.1362747
20141219 12:00, 0.98394381777199, -0.1296488
20141220 12:00, 0.98387077710566, -0.1233302
20141221 12:00, 0.98380131628586, -0.1172348
20141222 12:00, 0.98373534002390, -0.1112401
20141223 12:00, 0.98367283330044, -0.1051928
20141224 12:00, 0.98361387440338, -0.0989266
20141225 12:00, 0.98355863588840, -0.0922854
20141226 12:00, 0.98350737237005, -0.0851442
20141227 12:00, 0.98346039820242, -0.0774223
20141228 12:00, 0.98341806057241, -0.0690865
20141229 12:00, 0.98338071335201, -0.0601456
20141230 12:00, 0.98334869506782, -0.0506422
20141231 12:00, 0.98332231209666, -0.0406438
20150101 12:00, 0.98330182673711, -0.0302344
20150102 12:00, 0.98328744932977, -0.0195089
20150103 12:00, 0.98327933374954, -0.0085671
20150104 12:00, 0.98327757590169,  0.0024910
20150105 12:00, 0.98328221500001,  0.0135697
20150106 12:00, 0.98329323729182,  0.0245817
20150107 12:00, 0.98331058161519,  0.0354505
20150108 12:00, 0.98333414590441,  0.0461110
20150109 12:00, 0.98336379365475,  0.0565087
20150110 12:00, 0.98339935947110,  0.0665977
20150111 12:00, 0.98344065312398,  0.0763373
20150112 12:00, 0.98348746194374,  0.0856900
20150113 12:00, 0.98353955184454,  0.0946192
20150114 12:00, 0.98359666776731,  0.1030889
20150115 12:00, 0.98365853487711,  0.1110674
20150116 12:00, 0.98372486240634,  0.1185327
20150117 12:00, 0.98379535242157,  0.1254839
20150118 12:00, 0.98386971557936,  0.1319541
20150119 12:00, 0.98394769452050,  0.1380226
20150120 12:00, 0.98402909257747,  0.1438201
20150121 12:00, 0.98411380165513,  0.1495198
20150122 12:00, 0.98420182071481,  0.1553143
20150123 12:00, 0.98429325778549,  0.1613833
20150124 12:00, 0.98438831408571,  0.1678661
20150125 12:00, 0.98448725546122,  0.1748461
20150126 12:00, 0.98459037980813,  0.1823520
20150127 12:00, 0.98469798807242,  0.1903680
20150128 12:00, 0.98481036270446,  0.1988480
20150129 12:00, 0.98492775385738,  0.2077281
20150130 12:00, 0.98505037161611,  0.2169346
20150131 12:00, 0.98517838210737,  0.2263895
20150201 12:00, 0.98531190579692,  0.2360130
20150202 12:00, 0.98545101699267,  0.2457253
20150203 12:00, 0.98559574416498,  0.2554477
20150204 12:00, 0.98574607102514,  0.2651041
20150205 12:00, 0.98590193836780,  0.2746222
20150206 12:00, 0.98606324656488,  0.2839345
20150207 12:00, 0.98622985841297,  0.2929783
20150208 12:00, 0.98640160189617,  0.3016955
20150209 12:00, 0.98657827240959,  0.3100312
20150210 12:00, 0.98675963413376,  0.3179319
20150211 12:00, 0.98694542056619,  0.3253447
20150212 12:00, 0.98713533470693,  0.3322172
20150213 12:00, 0.98732905005828,  0.3385004
20150214 12:00, 0.98752621437761,  0.3441557
20150215 12:00, 0.98772645879108,  0.3491664
20150216 12:00, 0.98792941489775,  0.3535535
20150217 12:00, 0.98813474104442,  0.3573909
20150218 12:00, 0.98834215544497,  0.3608120
20150219 12:00, 0.98855146903181,  0.3640014
20150220 12:00, 0.98876260772250,  0.3671669
20150221 12:00, 0.98897561556588,  0.3705036
20150222 12:00, 0.98919063731785,  0.3741610
20150223 12:00, 0.98940788708139,  0.3782288
20150224 12:00, 0.98962761345555,  0.3827384
20150225 12:00, 0.98985006979580,  0.3876775
20150226 12:00, 0.99007549347631,  0.3930058
20150227 12:00, 0.99030409387916,  0.3986684
20150228 12:00, 0.99053604672806,  0.4046047
20150301 12:00, 0.99077149206272,  0.4107522
20150302 12:00, 0.99101053374901,  0.4170481
20150303 12:00, 0.99125323925375,  0.4234290
20150304 12:00, 0.99149963913836,  0.4298305
20150305 12:00, 0.99174972622678,  0.4361863
20150306 12:00, 0.99200345466991,  0.4424288
20150307 12:00, 0.99226073918727,  0.4484892
20150308 12:00, 0.99252145467027,  0.4542984
20150309 12:00, 0.99278543615693,  0.4597876
20150310 12:00, 0.99305247902893,  0.4648884
20150311 12:00, 0.99332233923715,  0.4695325
20150312 12:00, 0.99359473350887,  0.4736524
20150313 12:00, 0.99386933988342,  0.4771821
20150314 12:00, 0.99414579956802,  0.4800609
20150315 12:00, 0.99442372191814,  0.4822408
20150316 12:00, 0.99470269504294,  0.4836986
20150317 12:00, 0.99498230452312,  0.4844515
20150318 12:00, 0.99526216116979,  0.4845717
20150319 12:00, 0.99554193516352,  0.4841924
20150320 12:00, 0.99582138925672,  0.4834976
20150321 12:00, 0.99610040092991,  0.4826949
20150322 12:00, 0.99637896558677,  0.4819793
20150323 12:00, 0.99665717992967,  0.4815026
20150324 12:00, 0.99693521222541,  0.4813598
20150325 12:00, 0.99721326945521,  0.4815918
20150326 12:00, 0.99749156939696,  0.4821976
20150327 12:00, 0.99777032123651,  0.4831508
20150328 12:00, 0.99804971444165,  0.4844113
20150329 12:00, 0.99832991365606,  0.4859342
20150330 12:00, 0.99861105700704,  0.4876730
20150331 12:00, 0.99889325569615,  0.4895809
20150401 12:00, 0.99917659345831,  0.4916093
20150402 12:00, 0.99946112514589,  0.4937063
20150403 12:00, 0.99974687423245,  0.4958150
20150404 12:00, 1.00003382942759,  0.4978718
20150405 12:00, 1.00032194084812,  0.4998067
20150406 12:00, 1.00061111629194,  0.5015433
20150407 12:00, 1.00090121811583,  0.5030009
20150408 12:00, 1.00119206106951,  0.5040957
20150409 12:00, 1.00148341128043,  0.5047435
20150410 12:00, 1.00177498654226,  0.5048616
20150411 12:00, 1.00206645824280,  0.5043726
20150412 12:00, 1.00235745571173,  0.5032094
20150413 12:00, 1.00264757436423,  0.5013233
20150414 12:00, 1.00293638944091,  0.4986952
20150415 12:00, 1.00322347684157,  0.4953486
20150416 12:00, 1.00350844091845,  0.4913597
20150417 12:00, 1.00379094603932,  0.4868594
20150418 12:00, 1.00407074536685,  0.4820211
20150419 12:00, 1.00434769891584,  0.4770366
20150420 12:00, 1.00462177540756,  0.4720857
20150421 12:00, 1.00489303804507,  0.4673126
20150422 12:00, 1.00516161979984,  0.4628141
20150423 12:00, 1.00542769600886,  0.4586413
20150424 12:00, 1.00569146060007,  0.4548094
20150425 12:00, 1.00595310898969,  0.4513104
20150426 12:00, 1.00621282773920,  0.4481231
20150427 12:00, 1.00647078938315,  0.4452210
20150428 12:00, 1.00672715034081,  0.4425752
20150429 12:00, 1.00698205000893,  0.4401554
20150430 12:00, 1.00723560957629,  0.4379286
20150501 12:00, 1.00748792959185,  0.4358559
20150502 12:00, 1.00773908579654,  0.4338896
20150503 12:00, 1.00798912320348,  0.4319706
20150504 12:00, 1.00823804887926,  0.4300266
20150505 12:00, 1.00848582428992,  0.4279721
20150506 12:00, 1.00873235833876,  0.4257111
20150507 12:00, 1.00897750225445,  0.4231408
20150508 12:00, 1.00922104728255,  0.4201572
20150509 12:00, 1.00946272579978,  0.4166616
20150510 12:00, 1.00970221619141,  0.4125668
20150511 12:00, 1.00993915174906,  0.4078051
20150512 12:00, 1.01017313393334,  0.4023354
20150513 12:00, 1.01040375035424,  0.3961521
20150514 12:00, 1.01063059735817,  0.3892922
20150515 12:00, 1.01085330588344,  0.3818386
20150516 12:00, 1.01107156743068,  0.3739166
20150517 12:00, 1.01128515545088,  0.3656820
20150518 12:00, 1.01149393740406,  0.3573011
20150519 12:00, 1.01169787482833,  0.3489300
20150520 12:00, 1.01189701224192,  0.3406978
20150521 12:00, 1.01209145878673,  0.3326986
20150522 12:00, 1.01228136772181,  0.3249917
20150523 12:00, 1.01246691803036,  0.3176083
20150524 12:00, 1.01264830047168,  0.3105594
20150525 12:00, 1.01282570850402,  0.3038445
20150526 12:00, 1.01299933323466,  0.2974568
20150527 12:00, 1.01316936096872,  0.2913866
20150528 12:00, 1.01333597180950,  0.2856221
20150529 12:00, 1.01349933787922,  0.2801471
20150530 12:00, 1.01365961995457,  0.2749376
20150531 12:00, 1.01381696163906,  0.2699574
20150601 12:00, 1.01397148068195,  0.2651524
20150602 12:00, 1.01412325775664,  0.2604478
20150603 12:00, 1.01427232388035,  0.2557468
20150604 12:00, 1.01441864848548,  0.2509337
20150605 12:00, 1.01456213059862,  0.2458819
20150606 12:00, 1.01470259535477,  0.2404642
20150607 12:00, 1.01483979715343,  0.2345649
20150608 12:00, 1.01497342949902,  0.2280903
20150609 12:00, 1.01510314048395,  0.2209780
20150610 12:00, 1.01522855231540,  0.2132015
20150611 12:00, 1.01534928321359,  0.2047737
20150612 12:00, 1.01546497008088,  0.1957462
20150613 12:00, 1.01557529023163,  0.1862065
20150614 12:00, 1.01567998015743,  0.1762705
20150615 12:00, 1.01577884911184,  0.1660721
20150616 12:00, 1.01587178568609,  0.1557499
20150617 12:00, 1.01595875669836,  0.1454343
20150618 12:00, 1.01603979931502,  0.1352372
20150619 12:00, 1.01611500869416,  0.1252470
20150620 12:00, 1.01618452402313,  0.1155280
20150621 12:00, 1.01624851549834,  0.1061242
20150622 12:00, 1.01630717388264,  0.0970638
20150623 12:00, 1.01636070322850,  0.0883653
20150624 12:00, 1.01640931649382,  0.0800417
20150625 12:00, 1.01645323320371,  0.0721030
20150626 12:00, 1.01649267797484,  0.0645567
20150627 12:00, 1.01652787853006,  0.0574055
20150628 12:00, 1.01655906174908,  0.0506428
20150629 12:00, 1.01658644638894,  0.0442458
20150630 12:00, 1.01661023152904,  0.0381679
20150701 12:00, 1.01663058095945,  0.0323318
20150702 12:00, 1.01664760369604,  0.0266277
20150703 12:00, 1.01666133731097,  0.0209169
20150704 12:00, 1.01667173378326,  0.0150452
20150705 12:00, 1.01667865556850,  0.0088602
20150706 12:00, 1.01668188237931,  0.0022306
20150707 12:00, 1.01668112790212, -0.0049391
20150708 12:00, 1.01667606297988, -0.0127011
20150709 12:00, 1.01666634097441, -0.0210641
20150710 12:00, 1.01665162177365, -0.0299980
20150711 12:00, 1.01663159235493, -0.0394403
20150712 12:00, 1.01660598305999, -0.0493046
20150713 12:00, 1.01657457939017, -0.0594876
20150714 12:00, 1.01653722930954, -0.0698775
20150715 12:00, 1.01649384609265, -0.0803613
20150716 12:00, 1.01644440694938, -0.0908316
20150717 12:00, 1.01638894805576, -0.1011923
20150718 12:00, 1.01632755707086, -0.1113615
20150719 12:00, 1.01626036451041, -0.1212727
20150720 12:00, 1.01618753534086, -0.1308728
20150721 12:00, 1.01610926186229, -0.1401196
20150722 12:00, 1.01602575847522, -0.1489781
20150723 12:00, 1.01593725840453, -0.1574177
20150724 12:00, 1.01584401195840, -0.1654098
20150725 12:00, 1.01574628544502, -0.1729276
20150726 12:00, 1.01564435943649, -0.1799492
20150727 12:00, 1.01553852467729, -0.1864626
20150728 12:00, 1.01542907372118, -0.1924752
20150729 12:00, 1.01531628665427, -0.1980247
20150730 12:00, 1.01520041044929, -0.2031894
20150731 12:00, 1.01508163382653, -0.2080928
20150801 12:00, 1.01496006246789, -0.2128968
20150802 12:00, 1.01483570150006, -0.2177836
20150803 12:00, 1.01470845145316, -0.2229286
20150804 12:00, 1.01457811991453, -0.2284745
20150805 12:00, 1.01444444576897, -0.2345149
20150806 12:00, 1.01430712933750, -0.2410900
20150807 12:00, 1.01416586156687, -0.2481936
20150808 12:00, 1.01402034786527, -0.2557840
20150809 12:00, 1.01387032519250, -0.2637954
20150810 12:00, 1.01371557309210, -0.2721474
20150811 12:00, 1.01355592013938, -0.2807515
20150812 12:00, 1.01339124716492, -0.2895159
20150813 12:00, 1.01322148814836, -0.2983489
20150814 12:00, 1.01304662926310, -0.3071619
20150815 12:00, 1.01286670636245, -0.3158719
20150816 12:00, 1.01268180122914, -0.3244030
20150817 12:00, 1.01249203705834, -0.3326877
20150818 12:00, 1.01229757377883, -0.3406662
20150819 12:00, 1.01209860384180, -0.3482854
20150820 12:00, 1.01189534898229, -0.3554967
20150821 12:00, 1.01168805819343, -0.3622539
20150822 12:00, 1.01147700676779, -0.3685120
20150823 12:00, 1.01126249576491, -0.3742270
20150824 12:00, 1.01104485066173, -0.3793591
20150825 12:00, 1.01082441728658, -0.3838791
20150826 12:00, 1.01060155262923, -0.3877798
20150827 12:00, 1.01037660822763, -0.3910897
20150828 12:00, 1.01014990524195, -0.3938873
20150829 12:00, 1.00992170348892, -0.3963066
20150830 12:00, 1.00969217091941, -0.3985288
20150831 12:00, 1.00946136285563, -0.4007575
20150901 12:00, 1.00922921886140, -0.4031842
20150902 12:00, 1.00899557898528, -0.4059578
20150903 12:00, 1.00876021378768, -0.4091688
20150904 12:00, 1.00852285867939, -0.4128498
20150905 12:00, 1.00828324426556, -0.4169873
20150906 12:00, 1.00804111848924, -0.4215373
20150907 12:00, 1.00779626032678, -0.4264382
20150908 12:00, 1.00754848699142, -0.4316203
20150909 12:00, 1.00729765709131, -0.4370105
20150910 12:00, 1.00704367170794, -0.4425351
20150911 12:00, 1.00678647459002, -0.4481202
20150912 12:00, 1.00652605198220, -0.4536926
20150913 12:00, 1.00626243217685, -0.4591799
20150914 12:00, 1.00599568470397, -0.4645119
20150915 12:00, 1.00572591910508, -0.4696204
20150916 12:00, 1.00545328338266, -0.4744402
20150917 12:00, 1.00517796237420, -0.4789090
20150918 12:00, 1.00490017637812, -0.4829663
20150919 12:00, 1.00462018028921, -0.4865525
20150920 12:00, 1.00433826324293, -0.4896086
20150921 12:00, 1.00405474829911, -0.4920764
20150922 12:00, 1.00376999101736, -0.4939025
20150923 12:00, 1.00348437496661, -0.4950449
20150924 12:00, 1.00319830153587, -0.4954862
20150925 12:00, 1.00291217145804, -0.4952490
20150926 12:00, 1.00262635707339, -0.4944111
20150927 12:00, 1.00234116806003, -0.4931115
20150928 12:00, 1.00205681818246, -0.4915398
20150929 12:00, 1.00177340352831, -0.4899080
20150930 12:00, 1.00149090042776, -0.4884128
20151001 12:00, 1.00120918386368, -0.4872045
20151002 12:00, 1.00092805925254, -0.4863728
20151003 12:00, 1.00064729709214, -0.4859507
20151004 12:00, 1.00036666212061, -0.4859280
20151005 12:00, 1.00008593337932, -0.4862678
20151006 12:00, 0.99980491562060, -0.4869198
20151007 12:00, 0.99952344449739, -0.4878284
20151008 12:00, 0.99924138825043, -0.4889366
20151009 12:00, 0.99895864801840, -0.4901874
20151010 12:00, 0.99867515808662, -0.4915230
20151011 12:00, 0.99839088667350, -0.4928834
20151012 12:00, 0.99810583733183, -0.4942061
20151013 12:00, 0.99782005072646, -0.4954253
20151014 12:00, 0.99753360642695, -0.4964720
20151015 12:00, 0.99724662439511, -0.4972754
20151016 12:00, 0.99695926599751, -0.4977632
20151017 12:00, 0.99667173454534, -0.4978625
20151018 12:00, 0.99638427545339, -0.4975005
20151019 12:00, 0.99609717601417, -0.4966052
20151020 12:00, 0.99581076443126, -0.4951074
20151021 12:00, 0.99552540713952, -0.4929449
20151022 12:00, 0.99524150266647, -0.4900704
20151023 12:00, 0.99495946968000, -0.4864638
20151024 12:00, 0.99467972703935, -0.4821471
20151025 12:00, 0.99440266539350, -0.4771976
20151026 12:00, 0.99412861345852, -0.4717521
20151027 12:00, 0.99385780638890, -0.4659943
20151028 12:00, 0.99359036577879, -0.4601281
20151029 12:00, 0.99332629815462, -0.4543426
20151030 12:00, 0.99306551197519, -0.4487848
20151031 12:00, 0.99280784636678, -0.4435472
20151101 12:00, 0.99255310221834, -0.4386712
20151102 12:00, 0.99230106833395, -0.4341598
20151103 12:00, 0.99205153948432, -0.4299917
20151104 12:00, 0.99180432670069, -0.4261334
20151105 12:00, 0.99155926193458, -0.4225468
20151106 12:00, 0.99131619954652, -0.4191927
20151107 12:00, 0.99107501667746, -0.4160314
20151108 12:00, 0.99083561391959, -0.4130211
20151109 12:00, 0.99059791708762, -0.4101158
20151110 12:00, 0.99036188036181, -0.4072629
20151111 12:00, 0.99012749063628, -0.4044015
20151112 12:00, 0.98989477256852, -0.4014617
20151113 12:00, 0.98966379362500, -0.3983654
20151114 12:00, 0.98943466838704, -0.3950280
20151115 12:00, 0.98920756151449, -0.3913611
20151116 12:00, 0.98898268898235, -0.3872760
20151117 12:00, 0.98876031736514, -0.3826868
20151118 12:00, 0.98854076090140, -0.3775152
20151119 12:00, 0.98832437576199, -0.3716953
20151120 12:00, 0.98811155047228, -0.3651825
20151121 12:00, 0.98790269111861, -0.3579625
20151122 12:00, 0.98769820031942, -0.3500632
20151123 12:00, 0.98749845045322, -0.3415623
20151124 12:00, 0.98730375429357, -0.3325876
20151125 12:00, 0.98711433894972, -0.3233051
20151126 12:00, 0.98693032992913, -0.3138961
20151127 12:00, 0.98675174981174, -0.3045315
20151128 12:00, 0.98657853119030, -0.2953494
20151129 12:00, 0.98641053892562, -0.2864454
20151130 12:00, 0.98624759490533, -0.2778737
20151201 12:00, 0.98608949971958, -0.2696557
20151202 12:00, 0.98593604844233, -0.2617909
20151203 12:00, 0.98578704028961, -0.2542668
20151204 12:00, 0.98564228347313, -0.2470657
20151205 12:00, 0.98550159711418, -0.2401678
20151206 12:00, 0.98536481202142, -0.2335523
20151207 12:00, 0.98523177182024, -0.2271952
20151208 12:00, 0.98510233553102, -0.2210665
20151209 12:00, 0.98497638226350, -0.2151261
20151210 12:00, 0.98485381819319, -0.2093197
20151211 12:00, 0.98473458539510, -0.2035770
20151212 12:00, 0.98461867149346, -0.1978109
20151213 12:00, 0.98450611860022, -0.1919204
20151214 12:00, 0.98439702985646, -0.1857963
20151215 12:00, 0.98429157216760, -0.1793284
20151216 12:00, 0.98418997434082, -0.1724138
20151217 12:00, 0.98409252051456, -0.1649651
20151218 12:00, 0.98399953921425, -0.1569172
20151219 12:00, 0.98391138847011, -0.1482340
20151220 12:00, 0.98382843737407, -0.1389142
20151221 12:00, 0.98375104461350, -0.1289957
20151222 12:00, 0.98367953521359, -0.1185570
20151223 12:00, 0.98361417789426, -0.1077134
20151224 12:00, 0.98355516652033, -0.0966066
20151225 12:00, 0.98350260921602, -0.0853889
20151226 12:00, 0.98345652729057, -0.0742058
20151227 12:00, 0.98341686357868, -0.0631816
20151228 12:00, 0.98338349734867, -0.0524114
20151229 12:00, 0.98335626173355, -0.0419603
20151230 12:00, 0.98333496001045, -0.0318676
20151231 12:00, 0.98331937843340, -0.0221542
20160101 12:00, 0.98330929488510, -0.0128294
20160102 12:00, 0.98330448379792, -0.0038965
20160103 12:00, 0.98330471846374,  0.0046436
20160104 12:00, 0.98330977212713,  0.0127916
20160105 12:00, 0.98331941931200,  0.0205517
20160106 12:00, 0.98333343877270,  0.0279352
20160107 12:00, 0.98335161927389,  0.0349665
20160108 12:00, 0.98337376898141,  0.0416895
20160109 12:00, 0.98339972845348,  0.0481732
20160110 12:00, 0.98342938603913,  0.0545141
20160111 12:00, 0.98346269317161,  0.0608331
20160112 12:00, 0.98349967615201,  0.0672665
20160113 12:00, 0.98354044117453,  0.0739522
20160114 12:00, 0.98358517075120,  0.0810142
20160115 12:00, 0.98363411181623,  0.0885497
20160116 12:00, 0.98368755762830,  0.0966210
20160117 12:00, 0.98374582637882,  0.1052519
20160118 12:00, 0.98380923911905,  0.1144289
20160119 12:00, 0.98387809881102,  0.1241035
20160120 12:00, 0.98395267163930,  0.1341978
20160121 12:00, 0.98403317149406,  0.1446098
20160122 12:00, 0.98411974860688,  0.1552224
20160123 12:00, 0.98421248330124,  0.1659125
20160124 12:00, 0.98431138538848,  0.1765605
20160125 12:00, 0.98441639888398,  0.1870592
20160126 12:00, 0.98452741075357,  0.1973190
20160127 12:00, 0.98464426174733,  0.2072695
20160128 12:00, 0.98476675729001,  0.2168582
20160129 12:00, 0.98489467683231,  0.2260469
20160130 12:00, 0.98502778078047,  0.2348071
20160131 12:00, 0.98516581485619,  0.2431159
20160201 12:00, 0.98530851234492,  0.2509529
20160202 12:00, 0.98545559515024,  0.2582989
20160203 12:00, 0.98560677493335,  0.2651381
20160204 12:00, 0.98576175591372,  0.2714616
20160205 12:00, 0.98592024107727,  0.2772755
20160206 12:00, 0.98608194337147,  0.2826099
20160207 12:00, 0.98624660262758,  0.2875291
20160208 12:00, 0.98641400718136,  0.2921373
20160209 12:00, 0.98658401668827,  0.2965760
20160210 12:00, 0.98675658049458,  0.3010113
20160211 12:00, 0.98693174569592,  0.3056114
20160212 12:00, 0.98710965156746,  0.3105236
20160213 12:00, 0.98729051141374,  0.3158547
20160214 12:00, 0.98747458664678,  0.3216640
20160215 12:00, 0.98766215912261,  0.3279640
20160216 12:00, 0.98785350642781,  0.3347289
20160217 12:00, 0.98804888236279,  0.3419037
20160218 12:00, 0.98824850281704,  0.3494135
20160219 12:00, 0.98845253622156,  0.3571699
20160220 12:00, 0.98866109765053,  0.3650773
20160221 12:00, 0.98887424595373,  0.3730375
20160222 12:00, 0.98909198360414,  0.3809542
20160223 12:00, 0.98931425901828,  0.3887370
20160224 12:00, 0.98954097094093,  0.3963047
20160225 12:00, 0.98977197421485,  0.4035867
20160226 12:00, 0.99000708605146,  0.4105232
20160227 12:00, 0.99024609189518,  0.4170636
20160228 12:00, 0.99048875015299,  0.4231644
20160229 12:00, 0.99073479539492,  0.4287861
20160301 12:00, 0.99098394005543,  0.4338912
20160302 12:00, 0.99123587514581,  0.4384431
20160303 12:00, 0.99149027102176,  0.4424073
20160304 12:00, 0.99174677983035,  0.4457564
20160305 12:00, 0.99200504178512,  0.4484782
20160306 12:00, 0.99226469757966,  0.4505888
20160307 12:00, 0.99252540849547,  0.4521457
20160308 12:00, 0.99278688351604,  0.4532574
20160309 12:00, 0.99304890911349,  0.4540822
20160310 12:00, 0.99331137386077,  0.4548113
20160311 12:00, 0.99357427934640,  0.4556394
20160312 12:00, 0.99383773274724,  0.4567326
20160313 12:00, 0.99410192322090,  0.4582061
20160314 12:00, 0.99436708977636,  0.4601176
20160315 12:00, 0.99463348937376,  0.4624736
20160316 12:00, 0.99490137118173,  0.4652429
20160317 12:00, 0.99517095892537,  0.4683706
20160318 12:00, 0.99544244036101,  0.4717885
20160319 12:00, 0.99571596175325,  0.4754220
20160320 12:00, 0.99599162533183,  0.4791937
20160321 12:00, 0.99626948835655,  0.4830255
20160322 12:00, 0.99654956310390,  0.4868399
20160323 12:00, 0.99683181756470,  0.4905613
20160324 12:00, 0.99711617684476,  0.4941169
20160325 12:00, 0.99740252523574,  0.4974383
20160326 12:00, 0.99769070877126,  0.5004616
20160327 12:00, 0.99798053791756,  0.5031274
20160328 12:00, 0.99827178996610,  0.5053799
20160329 12:00, 0.99856421075549,  0.5071658
20160330 12:00, 0.99885751557957,  0.5084326
20160331 12:00, 0.99915138954431,  0.5091282
20160401 12:00, 0.99944548822168,  0.5092028
20160402 12:00, 0.99973944018725,  0.5086141
20160403 12:00, 1.00003285377744,  0.5073363
20160404 12:00, 1.00032533077090,  0.5053751
20160405 12:00, 1.00061648896780,  0.5027828
20160406 12:00, 1.00090599303955,  0.4996705
20160407 12:00, 1.00119358861402,  0.4962058
20160408 12:00, 1.00147913031012,  0.4925937
20160409 12:00, 1.00176259380602,  0.4890421
20160410 12:00, 1.00204406703292,  0.4857266
20160411 12:00, 1.00232372382207,  0.4827667
20160412 12:00, 1.00260178938948,  0.4802214
20160413 12:00, 1.00287850754167,  0.4780986
20160414 12:00, 1.00315411565376,  0.4763708
20160415 12:00, 1.00342882881684,  0.4749905
20160416 12:00, 1.00370283150855,  0.4739006
20160417 12:00, 1.00397627410915,  0.4730408
20160418 12:00, 1.00424927185199,  0.4723499
20160419 12:00, 1.00452190456500,  0.4717664
20160420 12:00, 1.00479421634202,  0.4712280
20160421 12:00, 1.00506621487985,  0.4706709
20160422 12:00, 1.00533787058393,  0.4700298
20160423 12:00, 1.00560911569510,  0.4692379
20160424 12:00, 1.00587984366550,  0.4682277
20160425 12:00, 1.00614990887684,  0.4669315
20160426 12:00, 1.00641912663471,  0.4652818
20160427 12:00, 1.00668727328241,  0.4632112
20160428 12:00, 1.00695408634472,  0.4606526
20160429 12:00, 1.00721926490124,  0.4575402
20160430 12:00, 1.00748247092859,  0.4538121
20160501 12:00, 1.00774333309738,  0.4494163
20160502 12:00, 1.00800145526477,  0.4443209
20160503 12:00, 1.00825643220026,  0.4385288
20160504 12:00, 1.00850787416233,  0.4320933
20160505 12:00, 1.00875543912697,  0.4251270
20160506 12:00, 1.00899886708631,  0.4177991
20160507 12:00, 1.00923800709356,  0.4103134
20160508 12:00, 1.00947282790790,  0.4028744
20160509 12:00, 1.00970340851964,  0.3956546
20160510 12:00, 1.00992991261906,  0.3887728
20160511 12:00, 1.01015255618369,  0.3822920
20160512 12:00, 1.01037157724573,  0.3762280
20160513 12:00, 1.01058721313185,  0.3705649
20160514 12:00, 1.01079968623912,  0.3652690
20160515 12:00, 1.01100919672826,  0.3602983
20160516 12:00, 1.01121591960586,  0.3556082
20160517 12:00, 1.01142000387471,  0.3511534
20160518 12:00, 1.01162157207546,  0.3468874
20160519 12:00, 1.01182071922924,  0.3427610
20160520 12:00, 1.01201751077012,  0.3387207
20160521 12:00, 1.01221197949839,  0.3347068
20160522 12:00, 1.01240412189007,  0.3306532
20160523 12:00, 1.01259389426088,  0.3264870
20160524 12:00, 1.01278120930185,  0.3221303
20160525 12:00, 1.01296593340622,  0.3175010
20160526 12:00, 1.01314788506429,  0.3125156
20160527 12:00, 1.01332683452432,  0.3070910
20160528 12:00, 1.01350250501974,  0.3011481
20160529 12:00, 1.01367457620958,  0.2946162
20160530 12:00, 1.01384269101798,  0.2874402
20160531 12:00, 1.01400646754704,  0.2795911
20160601 12:00, 1.01416551769764,  0.2710786
20160602 12:00, 1.01431947296003,  0.2619625
20160603 12:00, 1.01446801522343,  0.2523574
20160604 12:00, 1.01461090707940,  0.2424257
20160605 12:00, 1.01474801391236,  0.2323566
20160606 12:00, 1.01487931123577,  0.2223374
20160607 12:00, 1.01500487548285,  0.2125265
20160608 12:00, 1.01512486222598,  0.2030380
20160609 12:00, 1.01523947917597,  0.1939389
20160610 12:00, 1.01534896093469,  0.1852572
20160611 12:00, 1.01545354962127,  0.1769930
20160612 12:00, 1.01555348234429,  0.1691305
20160613 12:00, 1.01564898439941,  0.1616457
20160614 12:00, 1.01574026622846,  0.1545115
20160615 12:00, 1.01582752216890,  0.1476994
20160616 12:00, 1.01591092939496,  0.1411783
20160617 12:00, 1.01599064592442,  0.1349124
20160618 12:00, 1.01606680703764,  0.1288581
20160619 12:00, 1.01613951992174,  0.1229614
20160620 12:00, 1.01620885681791,  0.1171551
20160621 12:00, 1.01627484738488,  0.1113589
20160622 12:00, 1.01633747131957,  0.1054805
20160623 12:00, 1.01639665240438,  0.0994194
20160624 12:00, 1.01645225504111,  0.0930714
20160625 12:00, 1.01650408404554,  0.0863353
20160626 12:00, 1.01655188817240,  0.0791194
20160627 12:00, 1.01659536767934,  0.0713488
20160628 12:00, 1.01663418625987,  0.0629732
20160629 12:00, 1.01666798770631,  0.0539752
20160630 12:00, 1.01669641735108,  0.0443788
20160701 12:00, 1.01671914733426,  0.0342533
20160702 12:00, 1.01673590306513,  0.0237128
20160703 12:00, 1.01674648653655,  0.0129061
20160704 12:00, 1.01675079158300,  0.0019991
20160705 12:00, 1.01674880764230, -0.0088466
20160706 12:00, 1.01674061177965, -0.0194917
20160707 12:00, 1.01672635209146, -0.0298305
20160708 12:00, 1.01670622742871, -0.0397926
20160709 12:00, 1.01668046808836, -0.0493384
20160710 12:00, 1.01664932041221, -0.0584505
20160711 12:00, 1.01661303625091, -0.0671259
20160712 12:00, 1.01657186677381, -0.0753691
20160713 12:00, 1.01652605933122, -0.0831883
20160714 12:00, 1.01647585583724, -0.0905942
20160715 12:00, 1.01642149119800, -0.0976008
20160716 12:00, 1.01636319050170, -0.1042286
20160717 12:00, 1.01630116397366, -0.1105095
20160718 12:00, 1.01623559912764, -0.1164911
20160719 12:00, 1.01616665017883, -0.1222415
20160720 12:00, 1.01609442561901, -0.1278511
20160721 12:00, 1.01601897573494, -0.1334304
20160722 12:00, 1.01594028246287, -0.1391041
20160723 12:00, 1.01585825397857, -0.1450012
20160724 12:00, 1.01577272569516, -0.1512426
20160725 12:00, 1.01568346812085, -0.1579302
20160726 12:00, 1.01559020082271, -0.1651373
20160727 12:00, 1.01549261099451, -0.1729019
20160728 12:00, 1.01539037492403, -0.1812234
20160729 12:00, 1.01528318072371, -0.1900616
20160730 12:00, 1.01517075065782, -0.1993390
20160731 12:00, 1.01505286113057, -0.2089470
20160801 12:00, 1.01492935812482, -0.2187551
20160802 12:00, 1.01480016605705, -0.2286245
20160803 12:00, 1.01466528894860, -0.2384206
20160804 12:00, 1.01452480434529, -0.2480248
20160805 12:00, 1.01437885193920, -0.2573412
20160806 12:00, 1.01422761970748, -0.2662984
20160807 12:00, 1.01407133031344, -0.2748471
20160808 12:00, 1.01391022972634, -0.2829549
20160809 12:00, 1.01374457895919, -0.2906012
20160810 12:00, 1.01357464888061, -0.2977718
20160811 12:00, 1.01340071739327, -0.3044561
20160812 12:00, 1.01322306787076, -0.3106459
20160813 12:00, 1.01304198751536, -0.3163365
20160814 12:00, 1.01285776417924, -0.3215312
20160815 12:00, 1.01267068020948, -0.3262471
20160816 12:00, 1.01248100217403, -0.3305230
20160817 12:00, 1.01228896610629, -0.3344268
20160818 12:00, 1.01209475928871, -0.3380597
20160819 12:00, 1.01189850136912, -0.3415537
20160820 12:00, 1.01170022906730, -0.3450617
20160821 12:00, 1.01149988891077, -0.3487399
20160822 12:00, 1.01129734078975, -0.3527288
20160823 12:00, 1.01109237216917, -0.3571365
20160824 12:00, 1.01088471998615, -0.3620290
20160825 12:00, 1.01067409592025, -0.3674280
20160826 12:00, 1.01046021112614, -0.3733144
20160827 12:00, 1.01024279791940, -0.3796352
20160828 12:00, 1.01002162730690, -0.3863109
20160829 12:00, 1.00979652208494, -0.3932429
20160830 12:00, 1.00956736548876, -0.4003217
20160831 12:00, 1.00933410539778, -0.4074342
20160901 12:00, 1.00909675421504, -0.4144712
20160902 12:00, 1.00885538488266, -0.4213332
20160903 12:00, 1.00861012396885, -0.4279344
20160904 12:00, 1.00836114314256, -0.4342045
20160905 12:00, 1.00810865045723, -0.4400874
20160906 12:00, 1.00785288265432, -0.4455394
20160907 12:00, 1.00759409925898, -0.4505248
20160908 12:00, 1.00733257871430, -0.4550131
20160909 12:00, 1.00706861628579, -0.4589763
20160910 12:00, 1.00680252299610, -0.4623878
20160911 12:00, 1.00653462440466, -0.4652244
20160912 12:00, 1.00626525762344, -0.4674705
20160913 12:00, 1.00599476464675, -0.4691263
20160914 12:00, 1.00572348013002, -0.4702189
20160915 12:00, 1.00545171260169, -0.4708134
20160916 12:00, 1.00517972010422, -0.4710201
20160917 12:00, 1.00490768423370, -0.4709921
20160918 12:00, 1.00463568921637, -0.4709098
20160919 12:00, 1.00436371301292, -0.4709560
20160920 12:00, 1.00409163429018, -0.4712876
20160921 12:00, 1.00381925368578, -0.4720154
20160922 12:00, 1.00354632325433, -0.4731967
20160923 12:00, 1.00327257675724, -0.4748390
20160924 12:00, 1.00299775541155, -0.4769110
20160925 12:00, 1.00272162687488, -0.4793543
20160926 12:00, 1.00244399775249, -0.4820939
20160927 12:00, 1.00216472107073, -0.4850451
20160928 12:00, 1.00188370022583, -0.4881188
20160929 12:00, 1.00160089046677, -0.4912250
20160930 12:00, 1.00131629848162, -0.4942762
20161001 12:00, 1.00102998037405, -0.4971891
20161002 12:00, 1.00074203828727, -0.4998878
20161003 12:00, 1.00045261606937, -0.5023040
20161004 12:00, 1.00016189454370, -0.5043778
20161005 12:00, 0.99987008703095, -0.5060564
20161006 12:00, 0.99957743570590, -0.5072923
20161007 12:00, 0.99928420915606, -0.5080411
20161008 12:00, 0.99899070116441, -0.5082598
20161009 12:00, 0.99869723027961, -0.5079056
20161010 12:00, 0.99840413916547, -0.5069383
20161011 12:00, 0.99811179205637, -0.5053247
20161012 12:00, 0.99782056801545, -0.5030486
20161013 12:00, 0.99753084746320, -0.5001240
20161014 12:00, 0.99724299027069, -0.4966103
20161015 12:00, 0.99695730626450, -0.4926223
20161016 12:00, 0.99667402313345, -0.4883279
20161017 12:00, 0.99639326059252, -0.4839284
20161018 12:00, 0.99611502008128, -0.4796261
20161019 12:00, 0.99583919447894, -0.4755897
20161020 12:00, 0.99556559457604, -0.4719325
20161021 12:00, 0.99529398334723, -0.4687073
20161022 12:00, 0.99502410856998, -0.4659162
20161023 12:00, 0.99475572793947, -0.4635254
20161024 12:00, 0.99448862526939, -0.4614805
20161025 12:00, 0.99422261930588, -0.4597163
20161026 12:00, 0.99395756768477, -0.4581640
20161027 12:00, 0.99369336829076, -0.4567534
20161028 12:00, 0.99342995951162, -0.4554145
20161029 12:00, 0.99316732011911, -0.4540775
20161030 12:00, 0.99290546896679, -0.4526735
20161031 12:00, 0.99264446442260, -0.4511347
20161101 12:00, 0.99238440341635, -0.4493954
20161102 12:00, 0.99212542010181, -0.4473924
20161103 12:00, 0.99186768430951, -0.4450654
20161104 12:00, 0.99161140010026, -0.4423562
20161105 12:00, 0.99135680473961, -0.4392077
20161106 12:00, 0.99110416824736, -0.4355633
20161107 12:00, 0.99085379330176, -0.4313668
20161108 12:00, 0.99060601468357, -0.4265638
20161109 12:00, 0.99036119665951, -0.4211078
20161110 12:00, 0.99011972589235, -0.4149700
20161111 12:00, 0.98988199706501, -0.4081541
20161112 12:00, 0.98964838920940, -0.4007131
20161113 12:00, 0.98941923355509, -0.3927606
20161114 12:00, 0.98919477840981, -0.3844682
20161115 12:00, 0.98897516091937, -0.3760442
20161116 12:00, 0.98876039581959, -0.3676977
20161117 12:00, 0.98855038563394, -0.3596030
20161118 12:00, 0.98834494814913, -0.3518772
20161119 12:00, 0.98814385116747, -0.3445771
20161120 12:00, 0.98794684460240, -0.3377105
20161121 12:00, 0.98775368422972, -0.3312520
20161122 12:00, 0.98756414613060, -0.3251588
20161123 12:00, 0.98737803376401, -0.3193803
20161124 12:00, 0.98719518048273, -0.3138641
20161125 12:00, 0.98701544995472, -0.3085578
20161126 12:00, 0.98683873616321, -0.3034086
20161127 12:00, 0.98666496387562, -0.2983624
20161128 12:00, 0.98649408985829, -0.2933624
20161129 12:00, 0.98632610470189, -0.2883481
20161130 12:00, 0.98616103490487, -0.2832558
20161201 12:00, 0.98599894482286, -0.2780183
20161202 12:00, 0.98583993819528, -0.2725664
20161203 12:00, 0.98568415914008, -0.2668296
20161204 12:00, 0.98553179266422, -0.2607371
20161205 12:00, 0.98538306476053, -0.2542179
20161206 12:00, 0.98523824195642, -0.2472027
20161207 12:00, 0.98509762969681, -0.2396269
20161208 12:00, 0.98496156822348, -0.2314360
20161209 12:00, 0.98483042385878, -0.2225962
20161210 12:00, 0.98470457328597, -0.2131079
20161211 12:00, 0.98458437928638, -0.2030210
20161212 12:00, 0.98447015909777, -0.1924441
20161213 12:00, 0.98436215076573, -0.1815409
20161214 12:00, 0.98426048644178, -0.1705097
20161215 12:00, 0.98416518141249, -0.1595510
20161216 12:00, 0.98407614247417, -0.1488354
20161217 12:00, 0.98399319184209, -0.1384832
20161218 12:00, 0.98391609786601, -0.1285613
20161219 12:00, 0.98384460385216, -0.1190917
20161220 12:00, 0.98377844982599, -0.1100662
20161221 12:00, 0.98371738610188, -0.1014594
20161222 12:00, 0.98366118013852, -0.0932384
20161223 12:00, 0.98360961910232, -0.0853685
20161224 12:00, 0.98356251043559, -0.0778144
20161225 12:00, 0.98351968216752, -0.0705396
20161226 12:00, 0.98348098407964, -0.0635049
20161227 12:00, 0.98344629027507, -0.0566650
20161228 12:00, 0.98341550321717, -0.0499665
20161229 12:00, 0.98338855889482, -0.0433466
20161230 12:00, 0.98336543246471, -0.0367326
20161231 12:00, 0.98334614356432, -0.0300435
20170101 12:00, 0.98333076036364, -0.0231921
20170102 12:00, 0.98331940274487, -0.0160889
20170103 12:00, 0.98331224169847, -0.0086453
20170104 12:00, 0.98330949827474, -0.0007779
20170105 12:00, 0.98331143895440,  0.0075864
20170106 12:00, 0.98331836787816,  0.0165035
20170107 12:00, 0.98333061459047,  0.0260038
20170108 12:00, 0.98334851609902,  0.0360809
20170109 12:00, 0.98337239290210,  0.0466828
20170110 12:00, 0.98340252069305,  0.0577063
20170111 12:00, 0.98343910223517,  0.0690039
20170112 12:00, 0.98348224589171,  0.0804001
20170113 12:00, 0.98353195668100,  0.0917168
20170114 12:00, 0.98358814205048,  0.1027978
20170115 12:00, 0.98365062964130,  0.1135247
20170116 12:00, 0.98371919097221,  0.1238213
20170117 12:00, 0.98379356470859,  0.1336486
20170118 12:00, 0.98387347530382,  0.1429947
20170119 12:00, 0.98395864555055,  0.1518640
20170120 12:00, 0.98404880364464,  0.1602697
20170121 12:00, 0.98414368638254,  0.1682279
20170122 12:00, 0.98424304033593,  0.1757561
20170123 12:00, 0.98434662266246,  0.1828739
20170124 12:00, 0.98445420287962,  0.1896050
20170125 12:00, 0.98456556654663,  0.1959820
20170126 12:00, 0.98468052135076,  0.2020496
20170127 12:00, 0.98479890553607,  0.2078693
20170128 12:00, 0.98492059795086,  0.2135205
20170129 12:00, 0.98504552833976,  0.2190994
20170130 12:00, 0.98517368607942,  0.2247154
20170131 12:00, 0.98530512556513,  0.2304830
20170201 12:00, 0.98543996694973,  0.2365137
20170202 12:00, 0.98557839172359,  0.2429071
20170203 12:00, 0.98572063334998,  0.2497423
20170204 12:00, 0.98586696355456,  0.2570716
20170205 12:00, 0.98601767490659,  0.2649140
20170206 12:00, 0.98617306031647,  0.2732510
20170207 12:00, 0.98633339039758,  0.2820238
20170208 12:00, 0.98649889047919,  0.2911351
20170209 12:00, 0.98666972012672,  0.3004562
20170210 12:00, 0.98684595860188,  0.3098403
20170211 12:00, 0.98702759905007,  0.3191388
20170212 12:00, 0.98721455224200,  0.3282173
20170213 12:00, 0.98740665821878,  0.3369667
20170214 12:00, 0.98760370239232,  0.3453070
20170215 12:00, 0.98780543226948,  0.3531862
20170216 12:00, 0.98801157185919,  0.3605739
20170217 12:00, 0.98822183228401,  0.3674546
20170218 12:00, 0.98843591846521,  0.3738214
20170219 12:00, 0.98865353265653,  0.3796715
20170220 12:00, 0.98887437606593,  0.3850039
20170221 12:00, 0.98909814998147,  0.3898201
20170222 12:00, 0.98932455784327,  0.3941268
20170223 12:00, 0.98955330962070,  0.3979409
20170224 12:00, 0.98978412959050,  0.4012962
20170225 12:00, 0.99001676801983,  0.4042499
20170226 12:00, 0.99025101622473,  0.4068874
20170227 12:00, 0.99048672308953,  0.4093221
20170228 12:00, 0.99072380983375,  0.4116896
20170301 12:00, 0.99096227930317,  0.4141345
20170302 12:00, 0.99120221688103,  0.4167951
20170303 12:00, 0.99144378212745,  0.4197878
20170304 12:00, 0.99168719255757,  0.4231955
20170305 12:00, 0.99193270248563,  0.4270622
20170306 12:00, 0.99218058009991,  0.4313921
20170307 12:00, 0.99243108522211,  0.4361527
20170308 12:00, 0.99268444927737,  0.4412792
20170309 12:00, 0.99294085841522,  0.4466807
20170310 12:00, 0.99320044057349,  0.4522478
20170311 12:00, 0.99346325728455,  0.4578615
20170312 12:00, 0.99372930081334,  0.4634025
20170313 12:00, 0.99399849661554,  0.4687602
20170314 12:00, 0.99427071025364,  0.4738386
20170315 12:00, 0.99454575716378,  0.4785602
20170316 12:00, 0.99482341334482,  0.4828658
20170317 12:00, 0.99510342523518,  0.4867116
20170318 12:00, 0.99538551760740,  0.4900657
20170319 12:00, 0.99566939900770,  0.4929032
20170320 12:00, 0.99595476490953,  0.4952031
20170321 12:00, 0.99624129926485,  0.4969464
20170322 12:00, 0.99652867554578,  0.4981161
20170323 12:00, 0.99681655871386,  0.4987004
20170324 12:00, 0.99710460982021,  0.4986989
20170325 12:00, 0.99739249498072,  0.4981313
20170326 12:00, 0.99767989999051,  0.4970476
20170327 12:00, 0.99796655049544,  0.4955368
20170328 12:00, 0.99825223536270,  0.4937284
20170329 12:00, 0.99853682834770,  0.4917845
20170330 12:00, 0.99882030180807,  0.4898807
20170331 12:00, 0.99910272749878,  0.4881814
20170401 12:00, 0.99938426336686,  0.4868175
20170402 12:00, 0.99966512976664,  0.4858729
20170403 12:00, 0.99994558113235,  0.4853821
20170404 12:00, 1.00022587886079,  0.4853362
20170405 12:00, 1.00050626893122,  0.4856925
20170406 12:00, 1.00078696532476,  0.4863844
20170407 12:00, 1.00106813872170,  0.4873297
20170408 12:00, 1.00134990943201,  0.4884371
20170409 12:00, 1.00163234366488,  0.4896114
20170410 12:00, 1.00191545258600,  0.4907580
20170411 12:00, 1.00219919382235,  0.4917866
20170412 12:00, 1.00248347505084,  0.4926150
20170413 12:00, 1.00276815911872,  0.4931704
20170414 12:00, 1.00305306993837,  0.4933907
20170415 12:00, 1.00333799831057,  0.4932231
20170416 12:00, 1.00362270691952,  0.4926226
20170417 12:00, 1.00390693399606,  0.4915492
20170418 12:00, 1.00419039551234,  0.4899654
20170419 12:00, 1.00447278621187,  0.4878351
20170420 12:00, 1.00475378028236,  0.4851235
20170421 12:00, 1.00503303304454,  0.4818008
20170422 12:00, 1.00531018560066,  0.4778492
20170423 12:00, 1.00558487474477,  0.4732737
20170424 12:00, 1.00585675011999,  0.4681161
20170425 12:00, 1.00612549900112,  0.4624664
20170426 12:00, 1.00639087591175,  0.4564670
20170427 12:00, 1.00665273045146,  0.4503017
20170428 12:00, 1.00691102459030,  0.4441706
20170429 12:00, 1.00716583271740,  0.4382576
20170430 12:00, 1.00741732376764,  0.4327026
20170501 12:00, 1.00766573128580,  0.4275885
20170502 12:00, 1.00791132031822,  0.4229429
20170503 12:00, 1.00815435854056,  0.4187497
20170504 12:00, 1.00839509517720,  0.4149634
20170505 12:00, 1.00863374775238,  0.4115215
20170506 12:00, 1.00887049484322,  0.4083526
20170507 12:00, 1.00910547265733,  0.4053820
20170508 12:00, 1.00933877374043,  0.4025336
20170509 12:00, 1.00957044681944,  0.3997318
20170510 12:00, 1.00980049735825,  0.3969027
20170511 12:00, 1.01002888872442,  0.3939746
20170512 12:00, 1.01025554394217,  0.3908796
20170513 12:00, 1.01048034791988,  0.3875536
20170514 12:00, 1.01070314989162,  0.3839372
20170515 12:00, 1.01092376570389,  0.3799741
20170516 12:00, 1.01114197958166,  0.3756107
20170517 12:00, 1.01135754516459,  0.3707945
20170518 12:00, 1.01157018593317,  0.3654737
20170519 12:00, 1.01177959565531,  0.3595976
20170520 12:00, 1.01198544016665,  0.3531209
20170521 12:00, 1.01218736255920,  0.3460120
20170522 12:00, 1.01238499439910,  0.3382652
20170523 12:00, 1.01257797531623,  0.3299166
20170524 12:00, 1.01276598140371,  0.3210581
20170525 12:00, 1.01294875900581,  0.3118405
20170526 12:00, 1.01312615589954,  0.3024604
20170527 12:00, 1.01329813969337,  0.2931301
20170528 12:00, 1.01346479633500,  0.2840414
20170529 12:00, 1.01362630917261,  0.2753363
20170530 12:00, 1.01378292629180,  0.2670965
20170531 12:00, 1.01393492634254,  0.2593482
20170601 12:00, 1.01408259045423,  0.2520765
20170602 12:00, 1.01422618317767,  0.2452413
20170603 12:00, 1.01436594168922,  0.2387895
20170604 12:00, 1.01450207080349,  0.2326631
20170605 12:00, 1.01463474122790,  0.2268024
20170606 12:00, 1.01476408913111,  0.2211475
20170607 12:00, 1.01489021589031,  0.2156377
20170608 12:00, 1.01501318754480,  0.2102112
20170609 12:00, 1.01513303392923,  0.2048044
20170610 12:00, 1.01524974768755,  0.1993522
20170611 12:00, 1.01536328341125,  0.1937880
20170612 12:00, 1.01547355705584,  0.1880446
20170613 12:00, 1.01558044564363,  0.1820546
20170614 12:00, 1.01568378714708,  0.1757501
20170615 12:00, 1.01578338045661,  0.1690636
20170616 12:00, 1.01587898554569,  0.1619282
20170617 12:00, 1.01597032439823,  0.1542798
20170618 12:00, 1.01605708394654,  0.1460622
20170619 12:00, 1.01613892303948,  0.1372362
20170620 12:00, 1.01621548594430,  0.1277931
20170621 12:00, 1.01628642440072,  0.1177700
20170622 12:00, 1.01635142803002,  0.1072623
20170623 12:00, 1.01641025888455,  0.0964243
20170624 12:00, 1.01646278171738,  0.0854532
20170625 12:00, 1.01650898030334,  0.0745579
20170626 12:00, 1.01654895406962,  0.0639247
20170627 12:00, 1.01658289679141,  0.0536911
20170628 12:00, 1.01661106540467,  0.0439383
20170629 12:00, 1.01663374845738,  0.0346967
20170630 12:00, 1.01665124078995,  0.0259601
20170701 12:00, 1.01666382670922,  0.0177003
20170702 12:00, 1.01667177069828,  0.0098785
20170703 12:00, 1.01667531329805,  0.0024514
20170704 12:00, 1.01667466972485, -0.0046253
20170705 12:00, 1.01667002933708, -0.0113969
20170706 12:00, 1.01666155475067, -0.0179110
20170707 12:00, 1.01664938001660, -0.0242193
20170708 12:00, 1.01663360775829, -0.0303791
20170709 12:00, 1.01661430551812, -0.0364546
20170710 12:00, 1.01659150177697, -0.0425169
20170711 12:00, 1.01656518218188, -0.0486430
20170712 12:00, 1.01653528645824, -0.0549146
20170713 12:00, 1.01650170634821, -0.0614158
20170714 12:00, 1.01646428480632, -0.0682310
20170715 12:00, 1.01642281671651, -0.0754418
20170716 12:00, 1.01637705165930, -0.0831226
20170717 12:00, 1.01632669974590, -0.0913343
20170718 12:00, 1.01627144206677, -0.1001146
20170719 12:00, 1.01621094746404, -0.1094661
20170720 12:00, 1.01614489653664, -0.1193437
20170721 12:00, 1.01607301157231, -0.1296476
20170722 12:00, 1.01599508780732, -0.1402268
20170723 12:00, 1.01591101867028, -0.1508962
20170724 12:00, 1.01582080775214, -0.1614644
20170725 12:00, 1.01572456412500, -0.1717617
20170726 12:00, 1.01562248346212, -0.1816601
20170727 12:00, 1.01551482171921, -0.1910789
20170728 12:00, 1.01540186879223, -0.1999796
20170729 12:00, 1.01528392720418, -0.2083549
20170730 12:00, 1.01516129762495, -0.2162168
20170731 12:00, 1.01503427057345, -0.2235871
20170801 12:00, 1.01490312247457, -0.2304922
20170802 12:00, 1.01476811404405, -0.2369599
20170803 12:00, 1.01462948926995, -0.2430205
20170804 12:00, 1.01448747371696, -0.2487081
20170805 12:00, 1.01434227135624, -0.2540638
20170806 12:00, 1.01419405959460, -0.2591389
20170807 12:00, 1.01404298265344, -0.2639974
20170808 12:00, 1.01388914391070, -0.2687169
20170809 12:00, 1.01373259820004, -0.2733874
20170810 12:00, 1.01357334525952, -0.2781090
20170811 12:00, 1.01341132547135, -0.2829863
20170812 12:00, 1.01324641876420, -0.2881229
20170813 12:00, 1.01307844720479, -0.2936146
20170814 12:00, 1.01290718156946, -0.2995419
20170815 12:00, 1.01273235215547, -0.3059630
20170816 12:00, 1.01255366415988, -0.3129054
20170817 12:00, 1.01237081780497, -0.3203575
20170818 12:00, 1.01218353263723, -0.3282633
20170819 12:00, 1.01199157393026, -0.3365211
20170820 12:00, 1.01179477732247, -0.3449908
20170821 12:00, 1.01159306678574, -0.3535097
20170822 12:00, 1.01138646184362, -0.3619132
20170823 12:00, 1.01117507275782, -0.3700546
20170824 12:00, 1.01095908591146, -0.3778186
20170825 12:00, 1.01073874402121, -0.3851254
20170826 12:00, 1.01051432611586, -0.3919280
20170827 12:00, 1.01028613080476, -0.3982042
20170828 12:00, 1.01005446434429, -0.4039483
20170829 12:00, 1.00981963333635, -0.4091638
20170830 12:00, 1.00958194091658, -0.4138586
20170831 12:00, 1.00934168491921, -0.4180431
20170901 12:00, 1.00909915649480, -0.4217304
20170902 12:00, 1.00885463781543, -0.4249389
20170903 12:00, 1.00860839775649, -0.4276971
20170904 12:00, 1.00836068482587, -0.4300481
20170905 12:00, 1.00811171719330, -0.4320543
20170906 12:00, 1.00786167048211, -0.4338009
20170907 12:00, 1.00761066491028, -0.4353941
20170908 12:00, 1.00735875411611, -0.4369570
20170909 12:00, 1.00710591820227, -0.4386194
20170910 12:00, 1.00685206296050, -0.4405067
20170911 12:00, 1.00659702604451, -0.4427276
20170912 12:00, 1.00634058953981, -0.4453644
20170913 12:00, 1.00608249746627, -0.4484657
20170914 12:00, 1.00582247645540, -0.4520427
20170915 12:00, 1.00556025795515, -0.4560676
20170916 12:00, 1.00529560041950, -0.4604751
20170917 12:00, 1.00502830977448, -0.4651672
20170918 12:00, 1.00475825612793, -0.4700213
20170919 12:00, 1.00448538463144, -0.4749022
20170920 12:00, 1.00420971902832, -0.4796753
20170921 12:00, 1.00393135776187, -0.4842183
20170922 12:00, 1.00365046409912, -0.4884299
20170923 12:00, 1.00336725285711, -0.4922330
20170924 12:00, 1.00308197656703, -0.4955737
20170925 12:00, 1.00279491333080, -0.4984164
20170926 12:00, 1.00250635761735, -0.5007391
20170927 12:00, 1.00221661424159, -0.5025272
20170928 12:00, 1.00192599501003, -0.5037706
20170929 12:00, 1.00163481703649, -0.5044609
20170930 12:00, 1.00134340144934, -0.5045928
20171001 12:00, 1.00105207104682, -0.5041667
20171002 12:00, 1.00076114540337, -0.5031945
20171003 12:00, 1.00047093209973, -0.5017072
20171004 12:00, 1.00018171334841, -0.4997628
20171005 12:00, 0.99989372850191, -0.4974523
20171006 12:00, 0.99960715469266, -0.4948996
20171007 12:00, 0.99932208959510, -0.4922540
20171008 12:00, 0.99903854102450, -0.4896743
20171009 12:00, 0.99875642696662, -0.4873093
20171010 12:00, 0.99847558683311, -0.4852798
20171011 12:00, 0.99819580158419, -0.4836661
20171012 12:00, 0.99791681843945, -0.4825046
20171013 12:00, 0.99763837587921, -0.4817900
20171014 12:00, 0.99736022596946, -0.4814818
20171015 12:00, 0.99708215263796, -0.4815115
20171016 12:00, 0.99680398560282, -0.4817902
20171017 12:00, 0.99652561004530, -0.4822159
20171018 12:00, 0.99624697210772, -0.4826807
20171019 12:00, 0.99596808027167, -0.4830778
20171020 12:00, 0.99568900287041, -0.4833076
20171021 12:00, 0.99540986240345, -0.4832828
20171022 12:00, 0.99513082776130, -0.4829302
20171023 12:00, 0.99485210571334, -0.4821917
20171024 12:00, 0.99457393294880, -0.4810214
20171025 12:00, 0.99429656962498, -0.4793832
20171026 12:00, 0.99402029489053, -0.4772470
20171027 12:00, 0.99374540433546, -0.4745855
20171028 12:00, 0.99347220883253, -0.4713730
20171029 12:00, 0.99320103377355, -0.4675852
20171030 12:00, 0.99293221725055, -0.4632031
20171031 12:00, 0.99266610532463, -0.4582197
20171101 12:00, 0.99240304235700, -0.4526498
20171102 12:00, 0.99214335483382, -0.4465424
20171103 12:00, 0.99188732867137, -0.4399902
20171104 12:00, 0.99163518276784, -0.4331320
20171105 12:00, 0.99138704472452, -0.4261424
20171106 12:00, 0.99114293623914, -0.4192088
20171107 12:00, 0.99090277380809, -0.4125034
20171108 12:00, 0.99066638528714, -0.4061579
20171109 12:00, 0.99043353738082, -0.4002512
20171110 12:00, 0.99020396647405, -0.3948105
20171111 12:00, 0.98997740628439, -0.3898198
20171112 12:00, 0.98975360896386, -0.3852333
20171113 12:00, 0.98953235929290, -0.3809855
20171114 12:00, 0.98931348329710, -0.3770001
20171115 12:00, 0.98909685298984, -0.3731950
20171116 12:00, 0.98888238856203, -0.3694858
20171117 12:00, 0.98867005876524, -0.3657892
20171118 12:00, 0.98845987980687, -0.3620246
20171119 12:00, 0.98825191291687, -0.3581170
20171120 12:00, 0.98804626081811, -0.3539979
20171121 12:00, 0.98784306351578, -0.3496067
20171122 12:00, 0.98764249398096, -0.3448898
20171123 12:00, 0.98744475434125, -0.3397995
20171124 12:00, 0.98725007307171, -0.3342918
20171125 12:00, 0.98705870340936, -0.3283247
20171126 12:00, 0.98687092281399, -0.3218563
20171127 12:00, 0.98668703277294, -0.3148454
20171128 12:00, 0.98650735759922, -0.3072550
20171129 12:00, 0.98633224016496, -0.2990596
20171130 12:00, 0.98616203198905, -0.2902571
20171201 12:00, 0.98599707530921, -0.2808843
20171202 12:00, 0.98583767648472, -0.2710304
20171203 12:00, 0.98568407370373, -0.2608419
20171204 12:00, 0.98553640648007, -0.2505106
20171205 12:00, 0.98539469691268, -0.2402454
20171206 12:00, 0.98525885016354, -0.2302365
20171207 12:00, 0.98512867440718, -0.2206260
20171208 12:00, 0.98500391306933, -0.2114954
20171209 12:00, 0.98488427921910, -0.2028701
20171210 12:00, 0.98476948425742, -0.1947333
20171211 12:00, 0.98465925766366, -0.1870416
20171212 12:00, 0.98455335839211, -0.1797380
20171213 12:00, 0.98445158032010, -0.1727595
20171214 12:00, 0.98435375430122, -0.1660415
20171215 12:00, 0.98425974871799, -0.1595188
20171216 12:00, 0.98416946959861, -0.1531262
20171217 12:00, 0.98408286068682, -0.1467983
20171218 12:00, 0.98399990343674, -0.1404700
20171219 12:00, 0.98392061674588, -0.1340769
20171220 12:00, 0.98384505628669, -0.1275561
20171221 12:00, 0.98377331346413, -0.1208468
20171222 12:00, 0.98370551421290, -0.1138902
20171223 12:00, 0.98364181795495, -0.1066290
20171224 12:00, 0.98358241699035, -0.0990065
20171225 12:00, 0.98352753634360, -0.0909661
20171226 12:00, 0.98347743360671, -0.0824519
20171227 12:00, 0.98343239761241, -0.0734125
20171228 12:00, 0.98339274391956, -0.0638085
20171229 12:00, 0.98335880438846, -0.0536253
20171230 12:00, 0.98333090819825, -0.0428897
20171231 12:00, 0.98330935341143, -0.0316847
20180101 12:00, 0.98329437212261, -0.0201552
20180102 12:00, 0.98328609720780, -0.0084964
20180103 12:00, 0.98328454143529,  0.0030771
20180104 12:00, 0.98328959689220,  0.0143683
20180105 12:00, 0.98330105480697,  0.0252285
20180106 12:00, 0.98331863794396,  0.0355697
20180107 12:00, 0.98334203486284,  0.0453596
20180108 12:00, 0.98337092799279,  0.0546065
20180109 12:00, 0.98340501239561,  0.0633433
20180110 12:00, 0.98344400602199,  0.0716147
20180111 12:00, 0.98348765406135,  0.0794694
20180112 12:00, 0.98353573012290,  0.0869568
20180113 12:00, 0.98358803634111,  0.0941263
20180114 12:00, 0.98364440368553,  0.1010287
20180115 12:00, 0.98370469304864,  0.1077171
20180116 12:00, 0.98376879716279,  0.1142488
20180117 12:00, 0.98383664306272,  0.1206853
20180118 12:00, 0.98390819465838,  0.1270926
20180119 12:00, 0.98398345499997,  0.1335401
20180120 12:00, 0.98406246796177,  0.1400997
20180121 12:00, 0.98414531926509,  0.1468442
20180122 12:00, 0.98423213688967,  0.1538468
20180123 12:00, 0.98432309087203,  0.1611799
20180124 12:00, 0.98441839217340,  0.1689123
20180125 12:00, 0.98451828970522,  0.1771055
20180126 12:00, 0.98462306384085,  0.1858053
20180127 12:00, 0.98473301415058,  0.1950301
20180128 12:00, 0.98484843929149,  0.2047559
20180129 12:00, 0.98496960871494,  0.2149040
20180130 12:00, 0.98509672937875,  0.2253372
20180131 12:00, 0.98522991477410,  0.2358725
20180201 12:00, 0.98536916551245,  0.2463075
20180202 12:00, 0.98551436799431,  0.2564544
20180203 12:00, 0.98566531102055,  0.2661663
20180204 12:00, 0.98582171371249,  0.2753495
20180205 12:00, 0.98598325567837,  0.2839594
20180206 12:00, 0.98614960239461,  0.2919891
20180207 12:00, 0.98632042275600,  0.2994552
20180208 12:00, 0.98649539911120,  0.3063862
20180209 12:00, 0.98667423182418,  0.3128151
20180210 12:00, 0.98685664075360,  0.3187761
20180211 12:00, 0.98704236567592,  0.3243041
20180212 12:00, 0.98723116708750,  0.3294362
20180213 12:00, 0.98742282823794,  0.3342147
20180214 12:00, 0.98761715872683,  0.3386890
20180215 12:00, 0.98781399953652,  0.3429185
20180216 12:00, 0.98801322898302,  0.3469731
20180217 12:00, 0.98821476879224,  0.3509331
20180218 12:00, 0.98841858940860,  0.3548866
20180219 12:00, 0.98862471374265,  0.3589264
20180220 12:00, 0.98883321880261,  0.3631463
20180221 12:00, 0.98904423488976,  0.3676363
20180222 12:00, 0.98925794209987,  0.3724780
20180223 12:00, 0.98947456367385,  0.3777380
20180224 12:00, 0.98969435536607,  0.3834609
20180225 12:00, 0.98991758975774,  0.3896586
20180226 12:00, 0.99014453482381,  0.3963017
20180227 12:00, 0.99037542749480,  0.4033116
20180228 12:00, 0.99061044536221,  0.4105624
20180301 12:00, 0.99084968205181,  0.4178921
20180302 12:00, 0.99109313242990,  0.4251248
20180303 12:00, 0.99134069156263,  0.4320949
20180304 12:00, 0.99159216695903,  0.4386672
20180305 12:00, 0.99184729951758,  0.4447469
20180306 12:00, 0.99210578693264,  0.4502785
20180307 12:00, 0.99236730438997,  0.4552378
20180308 12:00, 0.99263151986442,  0.4596223
20180309 12:00, 0.99289810369629,  0.4634414
20180310 12:00, 0.99316673359238,  0.4667104
20180311 12:00, 0.99343709677094,  0.4694467
20180312 12:00, 0.99370889097715,  0.4716693
20180313 12:00, 0.99398182585028,  0.4734009
20180314 12:00, 0.99425562578977,  0.4746706
20180315 12:00, 0.99453003507137,  0.4755188
20180316 12:00, 0.99480482546494,  0.4760011
20180317 12:00, 0.99507980597311,  0.4761911
20180318 12:00, 0.99535483360191,  0.4761811
20180319 12:00, 0.99562982346778,  0.4760794
20180320 12:00, 0.99590475628467,  0.4760036
20180321 12:00, 0.99617968152939,  0.4760725
20180322 12:00, 0.99645471529498,  0.4763965
20180323 12:00, 0.99673003271006,  0.4770683
20180324 12:00, 0.99700585546085,  0.4781552
20180325 12:00, 0.99728243522320,  0.4796928
20180326 12:00, 0.99756003383450,  0.4816800
20180327 12:00, 0.99783890116420,  0.4840761
20180328 12:00, 0.99811925217138,  0.4868014
20180329 12:00, 0.99840124551090,  0.4897421
20180330 12:00, 0.99868496676101,  0.4927610
20180331 12:00, 0.99897041919133,  0.4957130
20180401 12:00, 0.99925752361123,  0.4984601
20180402 12:00, 0.99954612664295,  0.5008851
20180403 12:00, 0.99983601475161,  0.5028976
20180404 12:00, 1.00012693043739,  0.5044353
20180405 12:00, 1.00041858736184,  0.5054597
20180406 12:00, 1.00071068237671,  0.5059500
20180407 12:00, 1.00100290377598,  0.5058964
20180408 12:00, 1.00129493614710,  0.5052951
20180409 12:00, 1.00158646282841,  0.5041452
20180410 12:00, 1.00187716727866,  0.5024482
20180411 12:00, 1.00216673476889,  0.5002095
20180412 12:00, 1.00245485579567,  0.4974425
20180413 12:00, 1.00274123246002,  0.4941751
20180414 12:00, 1.00302558863501,  0.4904559
20180415 12:00, 1.00330768390956,  0.4863608
20180416 12:00, 1.00358733002271,  0.4819945
20180417 12:00, 1.00386440706785,  0.4774878
20180418 12:00, 1.00413887577422,  0.4729870
20180419 12:00, 1.00441078235805,  0.4686391
20180420 12:00, 1.00468025400744,  0.4645748
20180421 12:00, 1.00494748542949,  0.4608952
20180422 12:00, 1.00521271892990,  0.4576632
20180423 12:00, 1.00547622136168,  0.4549010
20180424 12:00, 1.00573826092957,  0.4525916
20180425 12:00, 1.00599908589100,  0.4506838
20180426 12:00, 1.00625890635103,  0.4490978
20180427 12:00, 1.00651787993343,  0.4477330
20180428 12:00, 1.00677610200278,  0.4464759
20180429 12:00, 1.00703360098021,  0.4452097
20180430 12:00, 1.00729033887683,  0.4438226
20180501 12:00, 1.00754621646963,  0.4422153
20180502 12:00, 1.00780108181571,  0.4403050
20180503 12:00, 1.00805474035489,  0.4380268
20180504 12:00, 1.00830696485705,  0.4353321
20180505 12:00, 1.00855750387904,  0.4321850
20180506 12:00, 1.00880608801577,  0.4285585
20180507 12:00, 1.00905243386679,  0.4244306
20180508 12:00, 1.00929624618545,  0.4197821
20180509 12:00, 1.00953721912089,  0.4145955
20180510 12:00, 1.00977503783703,  0.4088576
20180511 12:00, 1.01000938210546,  0.4025642
20180512 12:00, 1.01023993362653,  0.3957277
20180513 12:00, 1.01046638859233,  0.3883875
20180514 12:00, 1.01068847602037,  0.3806192
20180515 12:00, 1.01090598044156,  0.3725398
20180516 12:00, 1.01111876496477,  0.3643027
20180517 12:00, 1.01132678875346,  0.3560836
20180518 12:00, 1.01153011312567,  0.3480566
20180519 12:00, 1.01172889349678,  0.3403696
20180520 12:00, 1.01192335894256,  0.3331277
20180521 12:00, 1.01211378473325,  0.3263857
20180522 12:00, 1.01230046402443,  0.3201518
20180523 12:00, 1.01248368324467,  0.3143962
20180524 12:00, 1.01266370317309,  0.3090615
20180525 12:00, 1.01284074569292,  0.3040719
20180526 12:00, 1.01301498527101,  0.2993400
20180527 12:00, 1.01318654413344,  0.2947731
20180528 12:00, 1.01335549040660,  0.2902774
20180529 12:00, 1.01352183877710,  0.2857622
20180530 12:00, 1.01368555330715,  0.2811433
20180531 12:00, 1.01384655192981,  0.2763455
20180601 12:00, 1.01400471195942,  0.2713034
20180602 12:00, 1.01415987582507,  0.2659615
20180603 12:00, 1.01431185625711,  0.2602721
20180604 12:00, 1.01446044034449,  0.2541936
20180605 12:00, 1.01460539219895,  0.2476878
20180606 12:00, 1.01474645437070,  0.2407180
20180607 12:00, 1.01488334863877,  0.2332490
20180608 12:00, 1.01501577734640,  0.2252495
20180609 12:00, 1.01514342703316,  0.2166973
20180610 12:00, 1.01526597657474,  0.2075899
20180611 12:00, 1.01538311199891,  0.1979571
20180612 12:00, 1.01549454901548,  0.1878736
20180613 12:00, 1.01560006162782,  0.1774668
20180614 12:00, 1.01569951142410,  0.1669106
20180615 12:00, 1.01579286920354,  0.1564046
20180616 12:00, 1.01588022111670,  0.1461430
20180617 12:00, 1.01596175641033,  0.1362843
20180618 12:00, 1.01603774065668,  0.1269326
20180619 12:00, 1.01610848279332,  0.1181347
20180620 12:00, 1.01617430421787,  0.1098891
20180621 12:00, 1.01623551484723,  0.1021598
20180622 12:00, 1.01629239723537,  0.0948901
20180623 12:00, 1.01634519739298,  0.0880115
20180624 12:00, 1.01639412014949,  0.0814505
20180625 12:00, 1.01643932716459,  0.0751315
20180626 12:00, 1.01648093636184,  0.0689790
20180627 12:00, 1.01651902218884,  0.0629181
20180628 12:00, 1.01655361651639,  0.0568763
20180629 12:00, 1.01658471014472,  0.0507842
20180630 12:00, 1.01661225484471,  0.0445761
20180701 12:00, 1.01663616572556,  0.0381907
20180702 12:00, 1.01665632359040,  0.0315705
20180703 12:00, 1.01667257690327,  0.0246607
20180704 12:00, 1.01668474309530,  0.0174083
20180705 12:00, 1.01669260921257,  0.0097612
20180706 12:00, 1.01669593236357,  0.0016681
20180707 12:00, 1.01669444105974, -0.0069181
20180708 12:00, 1.01668783929600, -0.0160336
20180709 12:00, 1.01667581586772, -0.0256925
20180710 12:00, 1.01665806145529, -0.0358716
20180711 12:00, 1.01663429465054, -0.0464954
20180712 12:00, 1.01660429479065, -0.0574289
20180713 12:00, 1.01656793488711, -0.0684854
20180714 12:00, 1.01652520471651, -0.0794529
20180715 12:00, 1.01647621552633, -0.0901289
20180716 12:00, 1.01642118434943, -0.1003538
20180717 12:00, 1.01636040380312, -0.1100268
20180718 12:00, 1.01629420739247, -0.1191057
20180719 12:00, 1.01622293903889, -0.1275941
20180720 12:00, 1.01614693116874, -0.1355256
20180721 12:00, 1.01606649152707, -0.1429501
20180722 12:00, 1.01598189659160, -0.1499248
20180723 12:00, 1.01589338895531, -0.1565095
20180724 12:00, 1.01580117652866, -0.1627643
20180725 12:00, 1.01570543219826, -0.1687504
20180726 12:00, 1.01560629329692, -0.1745299
20180727 12:00, 1.01550386075556, -0.1801668
20180728 12:00, 1.01539819809914, -0.1857266
20180729 12:00, 1.01528933054063, -0.1912763
20180730 12:00, 1.01517724436460, -0.1968837
20180731 12:00, 1.01506188664807, -0.2026167
20180801 12:00, 1.01494316522744, -0.2085432
20180802 12:00, 1.01482094878119, -0.2147309
20180803 12:00, 1.01469506704196, -0.2212469
20180804 12:00, 1.01456531153139, -0.2281559
20180805 12:00, 1.01443143783600, -0.2355167
20180806 12:00, 1.01429317121457, -0.2433740
20180807 12:00, 1.01415021795358, -0.2517463
20180808 12:00, 1.01400228477269, -0.2606110
20180809 12:00, 1.01384910694064, -0.2698900
20180810 12:00, 1.01369048220750, -0.2794454
20180811 12:00, 1.01352630323691, -0.2890898
20180812 12:00, 1.01335657876917, -0.2986142
20180813 12:00, 1.01318143610657, -0.3078228
20180814 12:00, 1.01300110436718, -0.3165625
20180815 12:00, 1.01281588511523, -0.3247364
20180816 12:00, 1.01262612000900, -0.3323011
20180817 12:00, 1.01243216321002, -0.3392541
20180818 12:00, 1.01223436204824, -0.3456192
20180819 12:00, 1.01203304573580, -0.3514336
20180820 12:00, 1.01182851999734, -0.3567405
20180821 12:00, 1.01162106510093, -0.3615846
20180822 12:00, 1.01141093520731, -0.3660115
20180823 12:00, 1.01119835763821, -0.3700688
20180824 12:00, 1.01098353131591, -0.3738077
20180825 12:00, 1.01076662415591, -0.3772845
20180826 12:00, 1.01054776959046, -0.3805624
20180827 12:00, 1.01032706265715, -0.3837113
20180828 12:00, 1.01010455619616, -0.3868072
20180829 12:00, 1.00988025766406, -0.3899309
20180830 12:00, 1.00965412693510, -0.3931660
20180831 12:00, 1.00942607531394, -0.3965967
20180901 12:00, 1.00919596594912, -0.4003051
20180902 12:00, 1.00896361602076, -0.4043676
20180903 12:00, 1.00872880150848, -0.4088493
20180904 12:00, 1.00849126590703, -0.4137959
20180905 12:00, 1.00825073461441, -0.4192224
20180906 12:00, 1.00800693631777, -0.4251003
20180907 12:00, 1.00775963098756, -0.4313488
20180908 12:00, 1.00750864105317, -0.4378334
20180909 12:00, 1.00725387916216, -0.4443794
20180910 12:00, 1.00699536485418, -0.4507962
20180911 12:00, 1.00673322516221, -0.4569068
20180912 12:00, 1.00646767969164, -0.4625705
20180913 12:00, 1.00619901588203, -0.4676937
20180914 12:00, 1.00592756205458, -0.4722272
20180915 12:00, 1.00565366425262, -0.4761568
20180916 12:00, 1.00537766968039, -0.4794908
20180917 12:00, 1.00509991672352, -0.4822500
20180918 12:00, 1.00482072995933, -0.4844606
20180919 12:00, 1.00454041810948, -0.4861509
20180920 12:00, 1.00425927307416, -0.4873510
20180921 12:00, 1.00397756861863, -0.4880941
20180922 12:00, 1.00369555776120, -0.4884193
20180923 12:00, 1.00341346838747, -0.4883750
20180924 12:00, 1.00313149709745, -0.4880215
20180925 12:00, 1.00284980177375, -0.4874328
20180926 12:00, 1.00256849378436, -0.4866957
20180927 12:00, 1.00228763099907, -0.4859080
20180928 12:00, 1.00200721281359, -0.4851737
20180929 12:00, 1.00172717813442, -0.4845971
20180930 12:00, 1.00144740690033, -0.4842770
20181001 12:00, 1.00116772540081, -0.4842993
20181002 12:00, 1.00088791555085, -0.4847305
20181003 12:00, 1.00060772837136, -0.4856098
20181004 12:00, 1.00032690195121, -0.4869415
20181005 12:00, 1.00004518373611, -0.4886880
20181006 12:00, 0.99976235581375, -0.4907669
20181007 12:00, 0.99947826011839, -0.4930547
20181008 12:00, 0.99919281900444, -0.4953991
20181009 12:00, 0.99890604662188, -0.4976381
20181010 12:00, 0.99861804857880, -0.4996201
20181011 12:00, 0.99832901076505, -0.5012207
20181012 12:00, 0.99803918119340, -0.5023499
20181013 12:00, 0.99774884985387, -0.5029515
20181014 12:00, 0.99745833073184, -0.5029973
20181015 12:00, 0.99716794824555, -0.5024780
20181016 12:00, 0.99687802849800, -0.5013958
20181017 12:00, 0.99658889449798, -0.4997586
20181018 12:00, 0.99630086393064, -0.4975766
20181019 12:00, 0.99601424793372, -0.4948624
20181020 12:00, 0.99572934943540, -0.4916323
20181021 12:00, 0.99544645981797, -0.4879107
20181022 12:00, 0.99516585298845, -0.4837348
20181023 12:00, 0.99488777643715, -0.4791595
20181024 12:00, 0.99461243961062, -0.4742621
20181025 12:00, 0.99434000086624, -0.4691421
20181026 12:00, 0.99407055517310, -0.4639184
20181027 12:00, 0.99380412518447, -0.4587210
20181028 12:00, 0.99354065799807, -0.4536795
20181029 12:00, 0.99328002883819, -0.4489111
20181030 12:00, 0.99302205146891, -0.4445098
20181031 12:00, 0.99276649399673, -0.4405388
20181101 12:00, 0.99251309823528, -0.4370255
20181102 12:00, 0.99226160090605, -0.4339599
20181103 12:00, 0.99201175522160, -0.4312952
20181104 12:00, 0.99176335143823, -0.4289507
20181105 12:00, 0.99151623469389, -0.4268185
20181106 12:00, 0.99127031817164, -0.4247727
20181107 12:00, 0.99102558983048, -0.4226823
20181108 12:00, 0.99078211189140, -0.4204231
20181109 12:00, 0.99054001373716, -0.4178881
20181110 12:00, 0.99029948026357, -0.4149927
20181111 12:00, 0.99006073840917, -0.4116755
20181112 12:00, 0.98982404439720, -0.4078958
20181113 12:00, 0.98958967340104, -0.4036278
20181114 12:00, 0.98935791232727, -0.3988558
20181115 12:00, 0.98912905553784, -0.3935690
20181116 12:00, 0.98890340272911, -0.3877594
20181117 12:00, 0.98868125781282, -0.3814207
20181118 12:00, 0.98846292741206, -0.3745502
20181119 12:00, 0.98824871744941, -0.3671540
20181120 12:00, 0.98803892632515, -0.3592535
20181121 12:00, 0.98783383354708, -0.3508940
20181122 12:00, 0.98763368361957, -0.3421525
20181123 12:00, 0.98743866662590, -0.3331405
20181124 12:00, 0.98724889890612, -0.3240004
20181125 12:00, 0.98706440862967, -0.3148924
20181126 12:00, 0.98688513079163, -0.3059755
20181127 12:00, 0.98671091384144, -0.2973873
20181128 12:00, 0.98654153673976, -0.2892288
20181129 12:00, 0.98637673251133, -0.2815577
20181130 12:00, 0.98621621356893, -0.2743883
20181201 12:00, 0.98605969511233, -0.2676978
20181202 12:00, 0.98590691467532, -0.2614329
20181203 12:00, 0.98575764733834, -0.2555181
20181204 12:00, 0.98561171679958, -0.2498617
20181205 12:00, 0.98546900255056, -0.2443631
20181206 12:00, 0.98532944324408, -0.2389193
20181207 12:00, 0.98519303632819, -0.2334307
20181208 12:00, 0.98505983428252, -0.2278070
20181209 12:00, 0.98492993823023, -0.2219706
20181210 12:00, 0.98480349008469, -0.2158578
20181211 12:00, 0.98468066453115, -0.2094185
20181212 12:00, 0.98456166198132, -0.2026132
20181213 12:00, 0.98444670324727, -0.1954102
20181214 12:00, 0.98433602618401, -0.1877818
20181215 12:00, 0.98422988404481, -0.1797019
20181216 12:00, 0.98412854480828, -0.1711457
20181217 12:00, 0.98403229025520, -0.1620908
20181218 12:00, 0.98394141309729, -0.1525229
20181219 12:00, 0.98385621009664, -0.1424441
20181220 12:00, 0.98377696916796, -0.1318849
20181221 12:00, 0.98370394941962, -0.1209164
20181222 12:00, 0.98363735537631, -0.1096570
20181223 12:00, 0.98357730994398, -0.0982691
20181224 12:00, 0.98352383347886, -0.0869415
20181225 12:00, 0.98347683630389, -0.0758613
20181226 12:00, 0.98343612808188, -0.0651858
20181227 12:00, 0.98340144141353, -0.0550226
20181228 12:00, 0.98337246254013, -0.0454247
20181229 12:00, 0.98334886144365, -0.0363972
20181230 12:00, 0.98333031627252, -0.0279090
20181231 12:00, 0.98331653050087, -0.0199053
20190101 12:00, 0.98330724368110, -0.0123172
20190102 12:00, 0.98330223758733, -0.0050683
20190103 12:00, 0.98330133939925,  0.0019216
20190104 12:00, 0.98330442298224,  0.0087337
20190105 12:00, 0.98331140874436,  0.0154476
20190106 12:00, 0.98332226221949,  0.0221395
20190107 12:00, 0.98333699147468,  0.0288803
20190108 12:00, 0.98335564358489,  0.0357341
20190109 12:00, 0.98337830062331,  0.0427580
20190110 12:00, 0.98340507575308,  0.0500027
20190111 12:00, 0.98343610999775,  0.0575143
20190112 12:00, 0.98347157009340,  0.0653362
20190113 12:00, 0.98351164749928,  0.0735107
20190114 12:00, 0.98355655817903,  0.0820804
20190115 12:00, 0.98360654216447,  0.0910856
20190116 12:00, 0.98366186119869,  0.1005597
20190117 12:00, 0.98372279206291,  0.1105195
20190118 12:00, 0.98378961291264,  0.1209504
20190119 12:00, 0.98386258079557,  0.1317914
20190120 12:00, 0.98394190122738,  0.1429241
20190121 12:00, 0.98402769511142,  0.1541758
20190122 12:00, 0.98411997235162,  0.1653399
20190123 12:00, 0.98421862179777,  0.1762099
20190124 12:00, 0.98432342188990,  0.1866149
20190125 12:00, 0.98443406817810,  0.1964410
20190126 12:00, 0.98455020817698,  0.2056349
20190127 12:00, 0.98467147387830,  0.2141937
20190128 12:00, 0.98479750623582,  0.2221487
20190129 12:00, 0.98492797053252,  0.2295506
20190130 12:00, 0.98506256442774,  0.2364595
20190131 12:00, 0.98520102136727,  0.2429386
20190201 12:00, 0.98534311167544,  0.2490522
20190202 12:00, 0.98548864283330,  0.2548648
20190203 12:00, 0.98563745965841,  0.2604411
20190204 12:00, 0.98578944453735,  0.2658464
20190205 12:00, 0.98594451756151,  0.2711459
20190206 12:00, 0.98610263635494,  0.2764043
20190207 12:00, 0.98626379549186,  0.2816847
20190208 12:00, 0.98642802559067,  0.2870489
20190209 12:00, 0.98659539233689,  0.2925566
20190210 12:00, 0.98676599573919,  0.2982669
20190211 12:00, 0.98693996979137,  0.3042386
20190212 12:00, 0.98711748235860,  0.3105301
20190213 12:00, 0.98729873451328,  0.3171974
20190214 12:00, 0.98748395774941,  0.3242885
20190215 12:00, 0.98767340668050,  0.3318334
20190216 12:00, 0.98786734442584,  0.3398287
20190217 12:00, 0.98806601871230,  0.3482219
20190218 12:00, 0.98826962956748,  0.3568995
20190219 12:00, 0.98847829416938,  0.3656901
20190220 12:00, 0.98869201868085,  0.3743856
20190221 12:00, 0.98891068706121,  0.3827774
20190222 12:00, 0.98913407116162,  0.3906911
20190223 12:00, 0.98936185788903,  0.3980088
20190224 12:00, 0.98959368353146,  0.4046723
20190225 12:00, 0.98982916546108,  0.4106718
20190226 12:00, 0.99006792562582,  0.4160302
20190227 12:00, 0.99030960487730,  0.4207880
20190228 12:00, 0.99055387003334,  0.4249932
20190301 12:00, 0.99080041644591,  0.4286961
20190302 12:00, 0.99104896851953,  0.4319471
20190303 12:00, 0.99129927986584,  0.4347970
20190304 12:00, 0.99155113401846,  0.4372987
20190305 12:00, 0.99180434602132,  0.4395088
20190306 12:00, 0.99205876477527,  0.4414882
20190307 12:00, 0.99231427577655,  0.4433025
20190308 12:00, 0.99257080380054,  0.4450220
20190309 12:00, 0.99282831515301,  0.4467202
20190310 12:00, 0.99308681927485,  0.4484727
20190311 12:00, 0.99334636965084,  0.4503561
20190312 12:00, 0.99360706402218,  0.4524468
20190313 12:00, 0.99386904373097,  0.4548191
20190314 12:00, 0.99413249157859,  0.4575415
20190315 12:00, 0.99439762690463,  0.4606707
20190316 12:00, 0.99466469591270,  0.4642409
20190317 12:00, 0.99493395506339,  0.4682510
20190318 12:00, 0.99520564632943,  0.4726499
20190319 12:00, 0.99547996580229,  0.4773294
20190320 12:00, 0.99575703109086,  0.4821281
20190321 12:00, 0.99603685607261,  0.4868526
20190322 12:00, 0.99631934104512,  0.4913086
20190323 12:00, 0.99660428129339,  0.4953312
20190324 12:00, 0.99689139023292,  0.4988036
20190325 12:00, 0.99718032889364,  0.5016605
20190326 12:00, 0.99747073363474,  0.5038797
20190327 12:00, 0.99776223725425,  0.5054688
20190328 12:00, 0.99805448237640,  0.5064524
20190329 12:00, 0.99834712844276,  0.5068630
20190330 12:00, 0.99863985455835,  0.5067356
20190331 12:00, 0.99893236037572,  0.5061062
20190401 12:00, 0.99922436671042,  0.5050124
20190402 12:00, 0.99951561700890,  0.5034954
20190403 12:00, 0.99980588025822,  0.5016029
20190404 12:00, 1.00009495545068,  0.4993916
20190405 12:00, 1.00038267729312,  0.4969285
20190406 12:00, 1.00066892250583,  0.4942920
20190407 12:00, 1.00095361584546,  0.4915699
20190408 12:00, 1.00123673496094,  0.4888568
20190409 12:00, 1.00151831334244,  0.4862508
20190410 12:00, 1.00179844085638,  0.4838483
20190411 12:00, 1.00207726151794,  0.4817394
20190412 12:00, 1.00235496810400,  0.4800019
20190413 12:00, 1.00263179294917,  0.4786936
20190414 12:00, 1.00290799399901,  0.4778437
20190415 12:00, 1.00318383532550,  0.4774426
20190416 12:00, 1.00345956230137,  0.4774342
20190417 12:00, 1.00373537363433,  0.4777134
20190418 12:00, 1.00401139486874,  0.4781341
20190419 12:00, 1.00428765933644,  0.4785267
20190420 12:00, 1.00456410144902,  0.4787224
20190421 12:00, 1.00484056362349,  0.4785746
20190422 12:00, 1.00511681382591,  0.4779734
20190423 12:00, 1.00539256805793,  0.4768485
20190424 12:00, 1.00566751214623,  0.4751644
20190425 12:00, 1.00594131917630,  0.4729109
20190426 12:00, 1.00621366134005,  0.4700935
20190427 12:00, 1.00648421677363,  0.4667263
20190428 12:00, 1.00675267286742,  0.4628268
20190429 12:00, 1.00701872775236,  0.4584145
20190430 12:00, 1.00728209152770,  0.4535118
20190501 12:00, 1.00754248851333,  0.4481461
20190502 12:00, 1.00779966146076,  0.4423544
20190503 12:00, 1.00805337822040,  0.4361874
20190504 12:00, 1.00830344079415,  0.4297132
20190505 12:00, 1.00854969601174,  0.4230190
20190506 12:00, 1.00879204637756,  0.4162098
20190507 12:00, 1.00903045916753,  0.4094039
20190508 12:00, 1.00926497184208,  0.4027246
20190509 12:00, 1.00949569235053,  0.3962909
20190510 12:00, 1.00972279374710,  0.3902077
20190511 12:00, 1.00994650336255,  0.3845567
20190512 12:00, 1.01016708728575,  0.3793894
20190513 12:00, 1.01038483108820,  0.3747210
20190514 12:00, 1.01060001783410,  0.3705271
20190515 12:00, 1.01081290478630,  0.3667429
20190516 12:00, 1.01102370093667,  0.3632672
20190517 12:00, 1.01123254822884,  0.3599711
20190518 12:00, 1.01143950946770,  0.3567119
20190519 12:00, 1.01164456493334,  0.3533491
20190520 12:00, 1.01184761777199,  0.3497581
20190521 12:00, 1.01204850613471,  0.3458395
20190522 12:00, 1.01224701873142,  0.3415214
20190523 12:00, 1.01244291041182,  0.3367576
20190524 12:00, 1.01263591532295,  0.3315216
20190525 12:00, 1.01282575650695,  0.3258005
20190526 12:00, 1.01301215195810,  0.3195889
20190527 12:00, 1.01319481792768,  0.3128856
20190528 12:00, 1.01337347067188,  0.3056919
20190529 12:00, 1.01354782801065,  0.2980122
20190530 12:00, 1.01371761210504,  0.2898578
20190531 12:00, 1.01388255477624,  0.2812520
20190601 12:00, 1.01404240638898,  0.2722369
20190602 12:00, 1.01419694865292,  0.2628798
20190603 12:00, 1.01434601056781,  0.2532775
20190604 12:00, 1.01448948529860,  0.2435547
20190605 12:00, 1.01462734452100,  0.2338567
20190606 12:00, 1.01475964645337,  0.2243353
20190607 12:00, 1.01488653486292,  0.2151320
20190608 12:00, 1.01500822853161,  0.2063628
20190609 12:00, 1.01512500299547,  0.1981071
20190610 12:00, 1.01523716777327,  0.1904027
20190611 12:00, 1.01534504239509,  0.1832469
20190612 12:00, 1.01544893374394,  0.1765995
20190613 12:00, 1.01554911626896,  0.1703895
20190614 12:00, 1.01564581601383,  0.1645215
20190615 12:00, 1.01573919916602,  0.1588851
20190616 12:00, 1.01582936569567,  0.1533631
20190617 12:00, 1.01591634831527,  0.1478411
20190618 12:00, 1.01600011636733,  0.1422152
20190619 12:00, 1.01608058351449,  0.1363971
20190620 12:00, 1.01615761756925,  0.1303164
20190621 12:00, 1.01623105067713,  0.1239197
20190622 12:00, 1.01630068836982,  0.1171677
20190623 12:00, 1.01636631657774,  0.1100310
20190624 12:00, 1.01642770633295,  0.1024868
20190625 12:00, 1.01648461646912,  0.0945154
20190626 12:00, 1.01653679509667,  0.0860993
20190627 12:00, 1.01658398102533,  0.0772241
20190628 12:00, 1.01662590664405,  0.0678830
20190629 12:00, 1.01666230399388,  0.0580831
20190630 12:00, 1.01669291568793,  0.0478555
20190701 12:00, 1.01671751161387,  0.0372651
20190702 12:00, 1.01673591070322,  0.0264175
20190703 12:00, 1.01674800458790,  0.0154578
20190704 12:00, 1.01675377761481,  0.0045590
20190705 12:00, 1.01675331703373, -0.0060996
20190706 12:00, 1.01674680933388, -0.0163577
20190707 12:00, 1.01673452304409, -0.0260942
20190708 12:00, 1.01671678249089, -0.0352377
20190709 12:00, 1.01669393880288, -0.0437660
20190710 12:00, 1.01666634345702, -0.0516984
20190711 12:00, 1.01663432720409, -0.0590857
20190712 12:00, 1.01659818491248, -0.0659999
20190713 12:00, 1.01655816557635, -0.0725266
20190714 12:00, 1.01651446641974, -0.0787586
20190715 12:00, 1.01646723024742, -0.0847907
20190716 12:00, 1.01641654550264, -0.0907158
20190717 12:00, 1.01636244863736, -0.0966204
20190718 12:00, 1.01630492833708, -0.1025830
20190719 12:00, 1.01624393096525, -0.1086717
20190720 12:00, 1.01617936644215, -0.1149447
20190721 12:00, 1.01611111375588, -0.1214511
20190722 12:00, 1.01603902545237, -0.1282338
20190723 12:00, 1.01596293074138, -0.1353312
20190724 12:00, 1.01588263724296, -0.1427798
20190725 12:00, 1.01579793185744, -0.1506149
20190726 12:00, 1.01570858176909, -0.1588690
20190727 12:00, 1.01561433717330, -0.1675673
20190728 12:00, 1.01551493784182, -0.1767190
20190729 12:00, 1.01541012580234, -0.1863048
20190730 12:00, 1.01529966566117, -0.1962636
20190731 12:00, 1.01518337188260, -0.2064830
20190801 12:00, 1.01506113873773, -0.2168005
20190802 12:00, 1.01493296514392, -0.2270203
20190803 12:00, 1.01479896588603, -0.2369424
20190804 12:00, 1.01465936447034, -0.2463952
20190805 12:00, 1.01451446959322, -0.2552580
20190806 12:00, 1.01436464276628, -0.2634684
20190807 12:00, 1.01421026589145, -0.2710164
20190808 12:00, 1.01405171488173, -0.2779303
20190809 12:00, 1.01388934144397, -0.2842634
20190810 12:00, 1.01372346217622, -0.2900825
20190811 12:00, 1.01355435288542, -0.2954612
20190812 12:00, 1.01338224606945, -0.3004755
20190813 12:00, 1.01320733012368, -0.3052017
20190814 12:00, 1.01302974950748, -0.3097155
20190815 12:00, 1.01284960558855, -0.3140902
20190816 12:00, 1.01266695810636, -0.3183965
20190817 12:00, 1.01248182720022, -0.3227008
20190818 12:00, 1.01229419582617, -0.3270654
20190819 12:00, 1.01210401224543, -0.3315483
20190820 12:00, 1.01191119219695, -0.3362042
20190821 12:00, 1.01171562042850, -0.3410860
20190822 12:00, 1.01151715148414, -0.3462455
20190823 12:00, 1.01131561004672, -0.3517342
20190824 12:00, 1.01111079171729, -0.3576008
20190825 12:00, 1.01090246584801, -0.3638862
20190826 12:00, 1.01069038277585, -0.3706133
20190827 12:00, 1.01047428812003, -0.3777729
20190828 12:00, 1.01025394597837, -0.3853077
20190829 12:00, 1.01002917014915, -0.3931020
20190830 12:00, 1.00979985807438, -0.4009839
20190831 12:00, 1.00956601811377, -0.4087459
20190901 12:00, 1.00932778044680, -0.4161799
20190902 12:00, 1.00908538714958, -0.4231118
20190903 12:00, 1.00883916517669, -0.4294239
20190904 12:00, 1.00858949173753, -0.4350590
20190905 12:00, 1.00833676177836, -0.4400106
20190906 12:00, 1.00808136336674, -0.4443063
20190907 12:00, 1.00782366219609, -0.4479938
20190908 12:00, 1.00756399349807, -0.4511295
20190909 12:00, 1.00730265869174, -0.4537734
20190910 12:00, 1.00703992439191, -0.4559860
20190911 12:00, 1.00677602216414, -0.4578281
20190912 12:00, 1.00651114818409, -0.4593615
20190913 12:00, 1.00624546254595, -0.4606495
20190914 12:00, 1.00597908832412, -0.4617569
20190915 12:00, 1.00571211064067, -0.4627504
20190916 12:00, 1.00544457596782, -0.4636970
20190917 12:00, 1.00517649176305, -0.4646646
20190918 12:00, 1.00490782637801, -0.4657209
20190919 12:00, 1.00463850909485, -0.4669333
20190920 12:00, 1.00436843021393, -0.4683694
20190921 12:00, 1.00409744140991, -0.4700951
20190922 12:00, 1.00382535711972, -0.4721727
20190923 12:00, 1.00355195847633, -0.4746539
20190924 12:00, 1.00327700205075, -0.4775699
20190925 12:00, 1.00300023592602, -0.4809163
20190926 12:00, 1.00272142463036, -0.4846381
20190927 12:00, 1.00244038154194, -0.4886206
20190928 12:00, 1.00215700295275, -0.4926937
20190929 12:00, 1.00187129435317, -0.4966544
20190930 12:00, 1.00158337995299, -0.5003005
20191001 12:00, 1.00129349212936, -0.5034643
20191002 12:00, 1.00100194527300, -0.5060314
20191003 12:00, 1.00070910335683, -0.5079435
20191004 12:00, 1.00041535014884, -0.5091881
20191005 12:00, 1.00012106709391, -0.5097831
20191006 12:00, 0.99982661970444, -0.5097638
20191007 12:00, 0.99953235072544, -0.5091727
20191008 12:00, 0.99923857751968, -0.5080545
20191009 12:00, 0.99894559136856, -0.5064548
20191010 12:00, 0.99865365703892, -0.5044201
20191011 12:00, 0.99836301164880, -0.5019999
20191012 12:00, 0.99807386244167, -0.4992485
20191013 12:00, 0.99778638352523, -0.4962265
20191014 12:00, 0.99750071194523, -0.4930017
20191015 12:00, 0.99721694363665, -0.4896486
20191016 12:00, 0.99693512981465, -0.4862472
20191017 12:00, 0.99665527425625, -0.4828815
20191018 12:00, 0.99637733175266, -0.4796367
20191019 12:00, 0.99610120789967, -0.4765975
20191020 12:00, 0.99582676046431, -0.4738443
20191021 12:00, 0.99555380289513, -0.4714492
20191022 12:00, 0.99528211108467, -0.4694688
20191023 12:00, 0.99501143500833, -0.4679343
20191024 12:00, 0.99474151687989, -0.4668392
20191025 12:00, 0.99447211636827, -0.4661280
20191026 12:00, 0.99420304087410, -0.4656910
20191027 12:00, 0.99393417549965, -0.4653712
20191028 12:00, 0.99366550508385, -0.4649845
20191029 12:00, 0.99339712171453, -0.4643484
20191030 12:00, 0.99312921580064, -0.4633088
20191031 12:00, 0.99286205457069, -0.4617553
20191101 12:00, 0.99259595531435, -0.4596242
20191102 12:00, 0.99233126036068, -0.4568908
20191103 12:00, 0.99206831794183, -0.4535573
20191104 12:00, 0.99180746992555, -0.4496419
20191105 12:00, 0.99154904529004, -0.4451699
20191106 12:00, 0.99129335736101, -0.4401697
20191107 12:00, 0.99104070281613, -0.4346706
20191108 12:00, 0.99079136082506, -0.4287042
20191109 12:00, 0.99054559115519, -0.4223065
20191110 12:00, 0.99030363054288, -0.4155219
20191111 12:00, 0.99006568710884, -0.4084057
20191112 12:00, 0.98983193309943, -0.4010270
20191113 12:00, 0.98960249672879, -0.3934691
20191114 12:00, 0.98937745428312, -0.3858281
20191115 12:00, 0.98915682380149, -0.3782088
20191116 12:00, 0.98894056149908, -0.3707195
20191117 12:00, 0.98872856170900, -0.3634650
20191118 12:00, 0.98852066068110, -0.3565405
20191119 12:00, 0.98831664431092, -0.3500240
20191120 12:00, 0.98811625987123, -0.3439701
20191121 12:00, 0.98791923194003, -0.3384016
20191122 12:00, 0.98772528260406, -0.3333031
20191123 12:00, 0.98753415527335, -0.3286157
20191124 12:00, 0.98734563996966, -0.3242376
20191125 12:00, 0.98715959625410, -0.3200318
20191126 12:00, 0.98697596912235, -0.3158426
20191127 12:00, 0.98679479422202, -0.3115153
20191128 12:00, 0.98661619160169, -0.3069149
20191129 12:00, 0.98644035053732, -0.3019380
20191130 12:00, 0.98626751007179, -0.2965154
20191201 12:00, 0.98609793994561, -0.2906088
20191202 12:00, 0.98593192508828, -0.2842026
20191203 12:00, 0.98576975488653, -0.2772957
20191204 12:00, 0.98561171689658, -0.2698946
20191205 12:00, 0.98545809379873, -0.2620091
20191206 12:00, 0.98530916207776, -0.2536508
20191207 12:00, 0.98516519091024, -0.2448339
20191208 12:00, 0.98502643987954, -0.2355780
20191209 12:00, 0.98489315437542, -0.2259134
20191210 12:00, 0.98476555792565, -0.2158866
20191211 12:00, 0.98464384135001, -0.2055652
20191212 12:00, 0.98452814955177, -0.1950406
20191213 12:00, 0.98441856781817, -0.1844272
20191214 12:00, 0.98431511031396, -0.1738555
20191215 12:00, 0.98421771355992, -0.1634619
20191216 12:00, 0.98412623685878, -0.1533751
20191217 12:00, 0.98404047012260, -0.1437048
20191218 12:00, 0.98396014803474, -0.1345314
20191219 12:00, 0.98388496858485, -0.1259009
20191220 12:00, 0.98381461392613, -0.1178219
20191221 12:00, 0.98374877188792, -0.1102663
20191222 12:00, 0.98368715681253, -0.1031711
20191223 12:00, 0.98362952836011, -0.0964434
20191224 12:00, 0.98357570664175, -0.0899683
20191225 12:00, 0.98352558192712, -0.0836197
20191226 12:00, 0.98347911765799, -0.0772723
20191227 12:00, 0.98343634665380, -0.0708128
20191228 12:00, 0.98339736181385, -0.0641474
20191229 12:00, 0.98336230367323, -0.0572050
20191230 12:00, 0.98333134743453, -0.0499362
20191231 12:00, 0.98330469159533, -0.0423090
20200101 12:00, 0.98328254937287, -0.0343034
20200102 12:00, 0.98326514318580, -0.0259067
20200103 12:00, 0.98325270171976, -0.0171096
20200104 12:00, 0.98324545861589, -0.0079041
20200105 12:00, 0.98324365150702,  0.0017154
20200106 12:00, 0.98324751991102,  0.0117490
20200107 12:00, 0.98325730038034,  0.0221851
20200108 12:00, 0.98327321743543,  0.0329921
20200109 12:00, 0.98329546943011,  0.0441096
20200110 12:00, 0.98332420984368,  0.0554419
20200111 12:00, 0.98335952650182,  0.0668581
20200112 12:00, 0.98340142322104,  0.0782004
20200113 12:00, 0.98344980914363,  0.0893022
20200114 12:00, 0.98350449960847,  0.1000089
20200115 12:00, 0.98356522906991,  0.1101976
20200116 12:00, 0.98363167300811,  0.1197881
20200117 12:00, 0.98370347383636,  0.1287459
20200118 12:00, 0.98378026613264,  0.1370773
20200119 12:00, 0.98386169828311,  0.1448223
20200120 12:00, 0.98394744950909,  0.1520465
20200121 12:00, 0.98403724241150,  0.1588334
20200122 12:00, 0.98413085150137,  0.1652781
20200123 12:00, 0.98422810804450,  0.1714810
20200124 12:00, 0.98432890136618,  0.1775419
20200125 12:00, 0.98443317680967,  0.1835541
20200126 12:00, 0.98454093084381,  0.1896008
20200127 12:00, 0.98465220421123,  0.1957518
20200128 12:00, 0.98476707428061,  0.2020643
20200129 12:00, 0.98488564777969,  0.2085832
20200130 12:00, 0.98500805483649,  0.2153450
20200131 12:00, 0.98513444483526,  0.2223806
20200201 12:00, 0.98526498411012,  0.2297182
20200202 12:00, 0.98539985501083,  0.2373852
20200203 12:00, 0.98553925538751,  0.2454075
20200204 12:00, 0.98568339703706,  0.2538067
20200205 12:00, 0.98583250117907,  0.2625923
20200206 12:00, 0.98598678878525,  0.2717519
20200207 12:00, 0.98614646400152,  0.2812376
20200208 12:00, 0.98631169051849,  0.2909558
20200209 12:00, 0.98648256374647,  0.3007643
20200210 12:00, 0.98665908513214,  0.3104828
20200211 12:00, 0.98684114672919,  0.3199177
20200212 12:00, 0.98702853208431,  0.3288920
20200213 12:00, 0.98722093388532,  0.3372713
20200214 12:00, 0.98741798286021,  0.3449762
20200215 12:00, 0.98761927968722,  0.3519809
20200216 12:00, 0.98782442304665,  0.3583021
20200217 12:00, 0.98803303047364,  0.3639862
20200218 12:00, 0.98824475190448,  0.3690973
20200219 12:00, 0.98845927753346,  0.3737097
20200220 12:00, 0.98867634190986,  0.3779022
20200221 12:00, 0.98889572574151,  0.3817552
20200222 12:00, 0.98911725622184,  0.3853490
20200223 12:00, 0.98934080620229,  0.3887613
20200224 12:00, 0.98956629231102,  0.3920655
20200225 12:00, 0.98979367214475,  0.3953299
20200226 12:00, 0.99002294082421,  0.3986162
20200227 12:00, 0.99025412737634,  0.4019801
20200228 12:00, 0.99048729148335,  0.4054724
20200229 12:00, 0.99072252106754,  0.4091404
20200301 12:00, 0.99095993095081,  0.4130302
20200302 12:00, 0.99119966244877,  0.4171876
20200303 12:00, 0.99144188323220,  0.4216578
20200304 12:00, 0.99168678611997,  0.4264817
20200305 12:00, 0.99193458472651,  0.4316887
20200306 12:00, 0.99218550333208,  0.4372840
20200307 12:00, 0.99243975854863,  0.4432332
20200308 12:00, 0.99269753211649,  0.4494482
20200309 12:00, 0.99295893790311,  0.4557824
20200310 12:00, 0.99322399080297,  0.4620431
20200311 12:00, 0.99349258774109,  0.4680206
20200312 12:00, 0.99376450831658,  0.4735243
20200313 12:00, 0.99403943519974,  0.4784126
20200314 12:00, 0.99431698684562,  0.4826053
20200315 12:00, 0.99459675219480,  0.4860785
20200316 12:00, 0.99487831945168,  0.4888508
20200317 12:00, 0.99516129574993,  0.4909668
20200318 12:00, 0.99544531837357,  0.4924845
20200319 12:00, 0.99573005999811,  0.4934674
20200320 12:00, 0.99601523055365,  0.4939807
20200321 12:00, 0.99630057764688,  0.4940897
20200322 12:00, 0.99658588665108,  0.4938598
20200323 12:00, 0.99687098089432,  0.4933570
20200324 12:00, 0.99715572194373,  0.4926478
20200325 12:00, 0.99744000979612,  0.4917987
20200326 12:00, 0.99772378279705,  0.4908759
20200327 12:00, 0.99800701724710,  0.4899445
20200328 12:00, 0.99828972682489,  0.4890689
20200329 12:00, 0.99857196206594,  0.4883125
20200330 12:00, 0.99885381010276,  0.4877386
20200331 12:00, 0.99913539463571,  0.4874105
20200401 12:00, 0.99941687563104,  0.4873901
20200402 12:00, 0.99969844753851,  0.4877339
20200403 12:00, 0.99998033399038,  0.4884847
20200404 12:00, 1.00026277631089,  0.4896584
20200405 12:00, 1.00054601338744,  0.4912279
20200406 12:00, 1.00083025239272,  0.4931087
20200407 12:00, 1.00111563384951,  0.4951552
20200408 12:00, 1.00140219927042,  0.4971739
20200409 12:00, 1.00168987181428,  0.4989545
20200410 12:00, 1.00197845714645,  0.5003065
20200411 12:00, 1.00226766389891,  0.5010877
20200412 12:00, 1.00255713578276,  0.5012157
20200413 12:00, 1.00284648504186,  0.5006621
20200414 12:00, 1.00313531970486,  0.4994380
20200415 12:00, 1.00342326180401,  0.4975783
20200416 12:00, 1.00370995740554,  0.4951298
20200417 12:00, 1.00399508095618,  0.4921430
20200418 12:00, 1.00427833656936,  0.4886699
20200419 12:00, 1.00455945826930,  0.4847622
20200420 12:00, 1.00483821044765,  0.4804735
20200421 12:00, 1.00511438912055,  0.4758601
20200422 12:00, 1.00538782407187,  0.4709828
20200423 12:00, 1.00565838163656,  0.4659074
20200424 12:00, 1.00592596770876,  0.4607050
20200425 12:00, 1.00619053054346,  0.4554511
20200426 12:00, 1.00645206302457,  0.4502245
20200427 12:00, 1.00671060422596,  0.4451061
20200428 12:00, 1.00696624019137,  0.4401775
20200429 12:00, 1.00721910378945,  0.4355188
20200430 12:00, 1.00746937317989,  0.4312060
20200501 12:00, 1.00771726785320,  0.4273051
20200502 12:00, 1.00796304052805,  0.4238634
20200503 12:00, 1.00820696278760,  0.4208966
20200504 12:00, 1.00844930284367,  0.4183749
20200505 12:00, 1.00869029587614,  0.4162128
20200506 12:00, 1.00893011096985,  0.4142681
20200507 12:00, 1.00916882227026,  0.4123578
20200508 12:00, 1.00940639292307,  0.4102861
20200509 12:00, 1.00964267687723,  0.4078756
20200510 12:00, 1.00987743713300,  0.4049914
20200511 12:00, 1.01011037348822,  0.4015498
20200512 12:00, 1.01034115134200,  0.3975138
20200513 12:00, 1.01056942543463,  0.3928813
20200514 12:00, 1.01079485611049,  0.3876718
20200515 12:00, 1.01101711863246,  0.3819159
20200516 12:00, 1.01123590752029,  0.3756489
20200517 12:00, 1.01145093814146,  0.3689076
20200518 12:00, 1.01166194743090,  0.3617299
20200519 12:00, 1.01186869507679,  0.3541571
20200520 12:00, 1.01207096597230,  0.3462357
20200521 12:00, 1.01226857424447,  0.3380208
20200522 12:00, 1.01246136872600,  0.3295778
20200523 12:00, 1.01264923934641,  0.3209837
20200524 12:00, 1.01283212363204,  0.3123260
20200525 12:00, 1.01301001238113,  0.3037012
20200526 12:00, 1.01318295364518,  0.2952104
20200527 12:00, 1.01335105434885,  0.2869554
20200528 12:00, 1.01351447908301,  0.2790334
20200529 12:00, 1.01367344566012,  0.2715303
20200530 12:00, 1.01382821686425,  0.2645146
20200531 12:00, 1.01397908758288,  0.2580275
20200601 12:00, 1.01412636651476,  0.2520738
20200602 12:00, 1.01427035236448,  0.2466129
20200603 12:00, 1.01441130613544,  0.2415549
20200604 12:00, 1.01454942346567,  0.2367651
20200605 12:00, 1.01468481271517,  0.2320791
20200606 12:00, 1.01481748419938,  0.2273258
20200607 12:00, 1.01494735303744,  0.2223503
20200608 12:00, 1.01507425382597,  0.2170307
20200609 12:00, 1.01519796207887,  0.2112844
20200610 12:00, 1.01531821660918,  0.2050658
20200611 12:00, 1.01543473852119,  0.1983576
20200612 12:00, 1.01554724486131,  0.1911616
20200613 12:00, 1.01565545700490,  0.1834898
20200614 12:00, 1.01575910502708,  0.1753595
20200615 12:00, 1.01585792971737,  0.1667904
20200616 12:00, 1.01595168385724,  0.1578046
20200617 12:00, 1.01604013414171,  0.1484286
20200618 12:00, 1.01612306480560,  0.1386974
20200619 12:00, 1.01620028361401,  0.1286582
20200620 12:00, 1.01627163035115,  0.1183751
20200621 12:00, 1.01633698727366,  0.1079315
20200622 12:00, 1.01639629026849,  0.0974293
20200623 12:00, 1.01644953887145,  0.0869861
20200624 12:00, 1.01649680311155,  0.0767271
20200625 12:00, 1.01653822549388,  0.0667763
20200626 12:00, 1.01657401722006,  0.0572458
20200627 12:00, 1.01660444864547,  0.0482270
20200628 12:00, 1.01662983463892,  0.0397815
20200629 12:00, 1.01665051581568,  0.0319358
20200630 12:00, 1.01666683673949,  0.0246767
20200701 12:00, 1.01667912246215,  0.0179498
20200702 12:00, 1.01668765537523,  0.0116627
20200703 12:00, 1.01669265508510,  0.0056922
20200704 12:00, 1.01669426432567, -0.0001023
20200705 12:00, 1.01669254323389, -0.0058636
20200706 12:00, 1.01668747257915, -0.0117215
20200707 12:00, 1.01667896441352, -0.0177829
20200708 12:00, 1.01666687705448, -0.0241268
20200709 12:00, 1.01665103093605, -0.0308059
20200710 12:00, 1.01663122258437, -0.0378514
20200711 12:00, 1.01660723523328, -0.0452792
20200712 12:00, 1.01657884581678, -0.0530960
20200713 12:00, 1.01654582894835, -0.0613037
20200714 12:00, 1.01650795899119, -0.0699015
20200715 12:00, 1.01646501155091, -0.0788856
20200716 12:00, 1.01641676579709, -0.0882469
20200717 12:00, 1.01636300898038, -0.0979655
20200718 12:00, 1.01630354428800, -0.1080049
20200719 12:00, 1.01623820262849, -0.1183046
20200720 12:00, 1.01616685792932, -0.1287755
20200721 12:00, 1.01608944413021, -0.1392994
20200722 12:00, 1.01600597066991, -0.1497346
20200723 12:00, 1.01591653260418, -0.1599288
20200724 12:00, 1.01582131217346, -0.1697354
20200725 12:00, 1.01572057062856, -0.1790298
20200726 12:00, 1.01561463157041, -0.1877223
20200727 12:00, 1.01550385882165, -0.1957639
20200728 12:00, 1.01538863229502, -0.2031475
20200729 12:00, 1.01526932468298, -0.2099045
20200730 12:00, 1.01514628078646, -0.2160990
20200731 12:00, 1.01501980054020, -0.2218210
20200801 12:00, 1.01489012644763, -0.2271779
20200802 12:00, 1.01475743599491, -0.2322859
20200803 12:00, 1.01462183935102, -0.2372606
20200804 12:00, 1.01448338211965, -0.2422086
20200805 12:00, 1.01434205219713, -0.2472224
20200806 12:00, 1.01419778919154, -0.2523766
20200807 12:00, 1.01405049462425, -0.2577287
20200808 12:00, 1.01390004133437, -0.2633210
20200809 12:00, 1.01374628102121, -0.2691851
20200810 12:00, 1.01358904949048, -0.2753452
20200811 12:00, 1.01342816976335, -0.2818217
20200812 12:00, 1.01326345370102, -0.2886330
20200813 12:00, 1.01309470320708, -0.2957949
20200814 12:00, 1.01292171242703, -0.3033177
20200815 12:00, 1.01274427264183, -0.3111998
20200816 12:00, 1.01256218159595, -0.3194186
20200817 12:00, 1.01237525850531, -0.3279207
20200818 12:00, 1.01218336461311, -0.3366131
20200819 12:00, 1.01198642684682, -0.3453617
20200820 12:00, 1.01178445956639, -0.3540003
20200821 12:00, 1.01157757807454, -0.3623496
20200822 12:00, 1.01136599892466, -0.3702424
20200823 12:00, 1.01115002604282, -0.3775464
20200824 12:00, 1.01093002624325, -0.3841775
20200825 12:00, 1.01070640032556, -0.3901016
20200826 12:00, 1.01047955560091, -0.3953287
20200827 12:00, 1.01024988340098, -0.3999024
20200828 12:00, 1.01001774260744, -0.4038899
20200829 12:00, 1.00978344862642, -0.4073733
20200830 12:00, 1.00954726669254, -0.4104432
20200831 12:00, 1.00930940853015, -0.4131936
20200901 12:00, 1.00907003174331, -0.4157173
20200902 12:00, 1.00882924153247, -0.4181023
20200903 12:00, 1.00858709434221, -0.4204290
20200904 12:00, 1.00834360289211, -0.4227683
20200905 12:00, 1.00809874186902, -0.4251811
20200906 12:00, 1.00785245348658, -0.4277191
20200907 12:00, 1.00760465220608, -0.4304271
20200908 12:00, 1.00735522815330, -0.4333451
20200909 12:00, 1.00710404911840, -0.4365106
20200910 12:00, 1.00685096145844, -0.4399605
20200911 12:00, 1.00659579072663, -0.4437297
20200912 12:00, 1.00633834342876, -0.4478483
20200913 12:00, 1.00607841188818, -0.4523338
20200914 12:00, 1.00581578455259, -0.4571798
20200915 12:00, 1.00555026371033, -0.4623426
20200916 12:00, 1.00528169087009, -0.4677286
20200917 12:00, 1.00500997675533, -0.4731922
20200918 12:00, 1.00473512898246, -0.4785470
20200919 12:00, 1.00445726852967, -0.4835920
20200920 12:00, 1.00417662848000, -0.4881453
20200921 12:00, 1.00389353485258, -0.4920705
20200922 12:00, 1.00360837586314, -0.4952893
20200923 12:00, 1.00332156869028, -0.4977781
20200924 12:00, 1.00303353101680, -0.4995564
20200925 12:00, 1.00274466061412, -0.5006714
20200926 12:00, 1.00245532275718, -0.5011865
20200927 12:00, 1.00216584349880, -0.5011733
20200928 12:00, 1.00187650658300, -0.5007062
20200929 12:00, 1.00158755231519, -0.4998608
20200930 12:00, 1.00129917742964, -0.4987123
20201001 12:00, 1.00101153557148, -0.4973345
20201002 12:00, 1.00072473833015, -0.4957991
20201003 12:00, 1.00043885683401, -0.4941745
20201004 12:00, 1.00015392382082, -0.4925250
20201005 12:00, 0.99986993593992, -0.4909113
20201006 12:00, 0.99958685592019, -0.4893905
20201007 12:00, 0.99930461423058, -0.4880173
20201008 12:00, 0.99902311000846, -0.4868456
20201009 12:00, 0.99874221135913, -0.4859291
20201010 12:00, 0.99846175564742, -0.4853203
20201011 12:00, 0.99818155110213, -0.4850665
20201012 12:00, 0.99790138184389, -0.4852021
20201013 12:00, 0.99762101902509, -0.4857351
20201014 12:00, 0.99734024050428, -0.4866316
20201015 12:00, 0.99705885952259, -0.4878013
20201016 12:00, 0.99677675885634, -0.4890943
20201017 12:00, 0.99649392219567, -0.4903150
20201018 12:00, 0.99621045231165, -0.4912528
20201019 12:00, 0.99592656888167, -0.4917193
20201020 12:00, 0.99564258672305, -0.4915768
20201021 12:00, 0.99535888258068, -0.4907487
20201022 12:00, 0.99507586091830, -0.4892137
20201023 12:00, 0.99479392625399, -0.4869901
20201024 12:00, 0.99451346475068, -0.4841206
20201025 12:00, 0.99423483407047, -0.4806597
20201026 12:00, 0.99395835889799, -0.4766662
20201027 12:00, 0.99368432951001, -0.4722002
20201028 12:00, 0.99341300145953, -0.4673218
20201029 12:00, 0.99314459526131, -0.4620924
20201030 12:00, 0.99287929564290, -0.4565747
20201031 12:00, 0.99261725038441, -0.4508338
20201101 12:00, 0.99235856900889, -0.4449372
20201102 12:00, 0.99210332163101, -0.4389538
20201103 12:00, 0.99185153817111, -0.4329537
20201104 12:00, 0.99160320796860, -0.4270072
20201105 12:00, 0.99135827967756, -0.4211849
20201106 12:00, 0.99111666129646, -0.4155570
20201107 12:00, 0.99087822035920, -0.4101932
20201108 12:00, 0.99064278474642, -0.4051606
20201109 12:00, 0.99041014525960, -0.4005195
20201110 12:00, 0.99018006191014, -0.3963144
20201111 12:00, 0.98995227645619, -0.3925616
20201112 12:00, 0.98972653339707, -0.3892326
20201113 12:00, 0.98950260959461, -0.3862423
20201114 12:00, 0.98928034871890, -0.3834454
20201115 12:00, 0.98905969228481, -0.3806523
20201116 12:00, 0.98884069735221, -0.3776585
20201117 12:00, 0.98862353455265, -0.3742806
20201118 12:00, 0.98840846767743, -0.3703825
20201119 12:00, 0.98819582276013, -0.3658849
20201120 12:00, 0.98798595641223, -0.3607593
20201121 12:00, 0.98777923031995, -0.3550141
20201122 12:00, 0.98757599436051, -0.3486795
20201123 12:00, 0.98737657742013, -0.3417964
20201124 12:00, 0.98718128349907, -0.3344094
20201125 12:00, 0.98699039058777, -0.3265637
20201126 12:00, 0.98680415034797, -0.3183054
20201127 12:00, 0.98662278732949, -0.3096826
20201128 12:00, 0.98644649708454, -0.3007480
20201129 12:00, 0.98627544305500, -0.2915605
20201130 12:00, 0.98610975250248, -0.2821865
20201201 12:00, 0.98594951201547, -0.2727004
20201202 12:00, 0.98579476323858, -0.2631832
20201203 12:00, 0.98564549941610, -0.2537211
20201204 12:00, 0.98550166316656, -0.2444029
20201205 12:00, 0.98536314570962, -0.2353172
20201206 12:00, 0.98522978769237, -0.2265500
20201207 12:00, 0.98510138192932, -0.2181804
20201208 12:00, 0.98497767880637, -0.2102749
20201209 12:00, 0.98485839566667, -0.2028797
20201210 12:00, 0.98474323183094, -0.1960092
20201211 12:00, 0.98463189043617, -0.1896338
20201212 12:00, 0.98452410646955, -0.1836720
20201213 12:00, 0.98441967731373, -0.1779905
20201214 12:00, 0.98431848911135, -0.1724185
20201215 12:00, 0.98422053154298, -0.1667731
20201216 12:00, 0.98412589663338, -0.1608872
20201217 12:00, 0.98403476277073, -0.1546314
20201218 12:00, 0.98394736993648, -0.1479223
20201219 12:00, 0.98386399358842, -0.1407190
20201220 12:00, 0.98378492278216, -0.1330132
20201221 12:00, 0.98371044492688, -0.1248172
20201222 12:00, 0.98364083691252, -0.1161537
20201223 12:00, 0.98357636093404, -0.1070501
20201224 12:00, 0.98351726297561, -0.0975349
20201225 12:00, 0.98346377212679, -0.0876383
20201226 12:00, 0.98341609931687, -0.0773936
20201227 12:00, 0.98337443450768, -0.0668405
20201228 12:00, 0.98333894185311, -0.0560293
20201229 12:00, 0.98330975284199, -0.0450234
20201230 12:00, 0.98328695798614, -0.0339013
20201231 12:00, 0.98327059812236, -0.0227562
20210101 12:00, 0.98326065672572, -0.0116928
20210102 12:00, 0.98325705464433, -0.0008224
20210103 12:00, 0.98325964833765,  0.0097446
20210104 12:00, 0.98326823217207,  0.0199048
20210105 12:00, 0.98328254485553,  0.0295699
20210106 12:00, 0.98330227988701,  0.0386729
20210107 12:00, 0.98332709995901,  0.0471753
20210108 12:00, 0.98335665532219,  0.0550735
20210109 12:00, 0.98339060579668,  0.0624050
20210110 12:00, 0.98342864510307,  0.0692496
20210111 12:00, 0.98347052465229,  0.0757258
20210112 12:00, 0.98351607265314,  0.0819786
20210113 12:00, 0.98356520444134,  0.0881614
20210114 12:00, 0.98361792183834,  0.0944173
20210115 12:00, 0.98367430243695,  0.1008637
20210116 12:00, 0.98373448241804,  0.1075856
20210117 12:00, 0.98379863753831,  0.1146357
20210118 12:00, 0.98386696616044,  0.1220407
20210119 12:00, 0.98393967645793,  0.1298094
20210120 12:00, 0.98401697819769,  0.1379396
20210121 12:00, 0.98409907832631,  0.1464244
20210122 12:00, 0.98418617901388,  0.1552545
20210123 12:00, 0.98427847664900,  0.1644189
20210124 12:00, 0.98437616032715,  0.1739029
20210125 12:00, 0.98447940852828,  0.1836836
20210126 12:00, 0.98458838295784,  0.1937248
20210127 12:00, 0.98470321902555,  0.2039708
20210128 12:00, 0.98482401324969,  0.2143421
20210129 12:00, 0.98495080896282,  0.2247341
20210130 12:00, 0.98508358277552,  0.2350214
20210131 12:00, 0.98522223483666,  0.2450667
20210201 12:00, 0.98536658556419,  0.2547335
20210202 12:00, 0.98551638018237,  0.2639000
20210203 12:00, 0.98567130062857,  0.2724705
20210204 12:00, 0.98583098298797,  0.2803828
20210205 12:00, 0.98599503808658,  0.2876119
20210206 12:00, 0.98616307313668,  0.2941701
20210207 12:00, 0.98633471286993,  0.3001053
20210208 12:00, 0.98650961891286,  0.3054966
20210209 12:00, 0.98668750610645,  0.3104477
20210210 12:00, 0.98686815430097,  0.3150783
20210211 12:00, 0.98705141430116,  0.3195127
20210212 12:00, 0.98723720736806,  0.3238687
20210213 12:00, 0.98742551886686,  0.3282493
20210214 12:00, 0.98761638780453,  0.3327369
20210215 12:00, 0.98780989462293,  0.3373926
20210216 12:00, 0.98800614950672,  0.3422589
20210217 12:00, 0.98820528279776,  0.3473641
20210218 12:00, 0.98840743822908,  0.3527270
20210219 12:00, 0.98861276889345,  0.3583617
20210220 12:00, 0.98882143527038,  0.3642801
20210221 12:00, 0.98903360423260,  0.3704924
20210222 12:00, 0.98924944766673,  0.3770051
20210223 12:00, 0.98946913914138,  0.3838164
20210224 12:00, 0.98969284701029,  0.3909088
20210225 12:00, 0.98992072265913,  0.3982394
20210226 12:00, 0.99015288357484,  0.4057325
20210227 12:00, 0.99038939268043,  0.4132750
20210228 12:00, 0.99063023758753,  0.4207205
20210301 12:00, 0.99087531504564,  0.4279038
20210302 12:00, 0.99112442561869,  0.4346609
20210303 12:00, 0.99137728100985,  0.4408513
20210304 12:00, 0.99163352257855,  0.4463738
20210305 12:00, 0.99189274653110,  0.4511737
20210306 12:00, 0.99215453046342,  0.4552405
20210307 12:00, 0.99241845721825,  0.4586013
20210308 12:00, 0.99268413410947,  0.4613124
20210309 12:00, 0.99295120724604,  0.4634506
20210310 12:00, 0.99321937147565,  0.4651067
20210311 12:00, 0.99348837653456,  0.4663790
20210312 12:00, 0.99375802977106,  0.4673678
20210313 12:00, 0.99402819567491,  0.4681699
20210314 12:00, 0.99429879255364,  0.4688742
20210315 12:00, 0.99456978699127,  0.4695586
20210316 12:00, 0.99484118702875,  0.4702887
20210317 12:00, 0.99511303514702,  0.4711184
20210318 12:00, 0.99538540203791,  0.4720919
20210319 12:00, 0.99565838184639,  0.4732467
20210320 12:00, 0.99593208914655,  0.4746166
20210321 12:00, 0.99620665744768,  0.4762336
20210322 12:00, 0.99648223854349,  0.4781288
20210323 12:00, 0.99675900151001,  0.4803305
20210324 12:00, 0.99703712963990,  0.4828585
20210325 12:00, 0.99731681319663,  0.4857151
20210326 12:00, 0.99759823591168,  0.4888733
20210327 12:00, 0.99788155415630,  0.4922636
20210328 12:00, 0.99816687013146,  0.4957674
20210329 12:00, 0.99845420390656,  0.4992208
20210330 12:00, 0.99874347203142,  0.5024334
20210331 12:00, 0.99903448031083,  0.5052173
20210401 12:00, 0.99932693408288,  0.5074169
20210402 12:00, 0.99962046299688,  0.5089278
20210403 12:00, 0.99991465272428,  0.5097016
20210404 12:00, 1.00020907561583,  0.5097387
20210405 12:00, 1.00050331519173,  0.5090751
20210406 12:00, 1.00079698298746,  0.5077699
20210407 12:00, 1.00108972877717,  0.5058950
20210408 12:00, 1.00138124612091,  0.5035293
20210409 12:00, 1.00167127501012,  0.5007543
20210410 12:00, 1.00195960277209,  0.4976520
20210411 12:00, 1.00224606379593,  0.4943032
20210412 12:00, 1.00253053827308,  0.4907854
20210413 12:00, 1.00281295003960,  0.4871720
20210414 12:00, 1.00309326369640,  0.4835307
20210415 12:00, 1.00337148134863,  0.4799236
20210416 12:00, 1.00364763943290,  0.4764077
20210417 12:00, 1.00392180611022,  0.4730361
20210418 12:00, 1.00419407955779,  0.4698600
20210419 12:00, 1.00446458719140,  0.4669297
20210420 12:00, 1.00473348539078,  0.4642949
20210421 12:00, 1.00500095868753,  0.4620027
20210422 12:00, 1.00526721664676,  0.4600914
20210423 12:00, 1.00553248600512,  0.4585801
20210424 12:00, 1.00579699546161,  0.4574538
20210425 12:00, 1.00606095159012,  0.4566486
20210426 12:00, 1.00632450730766,  0.4560420
20210427 12:00, 1.00658772880767,  0.4554584
20210428 12:00, 1.00685057055901,  0.4546918
20210429 12:00, 1.00711286753906,  0.4535407
20210430 12:00, 1.00737434806099,  0.4518418
20210501 12:00, 1.00763466251007,  0.4494903
20210502 12:00, 1.00789341825924,  0.4464412
20210503 12:00, 1.00815021149324,  0.4426982
20210504 12:00, 1.00840465080552,  0.4382978
20210505 12:00, 1.00865637183486,  0.4332951
20210506 12:00, 1.00890504484504,  0.4277537
20210507 12:00, 1.00915037788879,  0.4217403
20210508 12:00, 1.00939211779547,  0.4153223
20210509 12:00, 1.00963005043034,  0.4085674
20210510 12:00, 1.00986400092380,  0.4015439
20210511 12:00, 1.01009383403378,  0.3943208
20210512 12:00, 1.01031945451466,  0.3869675
20210513 12:00, 1.01054080729351,  0.3795537
20210514 12:00, 1.01075787733927,  0.3721482
20210515 12:00, 1.01097068926876,  0.3648195
20210516 12:00, 1.01117930687162,  0.3576348
20210517 12:00, 1.01138383276386,  0.3506614
20210518 12:00, 1.01158440822629,  0.3439660
20210519 12:00, 1.01178121290194,  0.3376142
20210520 12:00, 1.01197446340542,  0.3316678
20210521 12:00, 1.01216440910288,  0.3261769
20210522 12:00, 1.01235132259443,  0.3211695
20210523 12:00, 1.01253548230987,  0.3166351
20210524 12:00, 1.01271714592858,  0.3125100
20210525 12:00, 1.01289651665153,  0.3086691
20210526 12:00, 1.01307370901583,  0.3049333
20210527 12:00, 1.01324872428313,  0.3010949
20210528 12:00, 1.01342144413503,  0.2969536
20210529 12:00, 1.01359164488243,  0.2923493
20210530 12:00, 1.01375902646041,  0.2871789
20210531 12:00, 1.01392324624548,  0.2813968
20210601 12:00, 1.01408394893478,  0.2750023
20210602 12:00, 1.01424078804956,  0.2680241
20210603 12:00, 1.01439343878753,  0.2605065
20210604 12:00, 1.01454160428584,  0.2525008
20210605 12:00, 1.01468501794111,  0.2440602
20210606 12:00, 1.01482344402922,  0.2352383
20210607 12:00, 1.01495667813761,  0.2260901
20210608 12:00, 1.01508454821801,  0.2166731
20210609 12:00, 1.01520691650809,  0.2070486
20210610 12:00, 1.01532368217893,  0.1972832
20210611 12:00, 1.01543478433771,  0.1874487
20210612 12:00, 1.01554020494546,  0.1776216
20210613 12:00, 1.01563997127406,  0.1678820
20210614 12:00, 1.01573415766900,  0.1583126
20210615 12:00, 1.01582288650821,  0.1489969
20210616 12:00, 1.01590632824003,  0.1400174
20210617 12:00, 1.01598470014841,  0.1314532
20210618 12:00, 1.01605826300000,  0.1233748
20210619 12:00, 1.01612731407344,  0.1158364
20210620 12:00, 1.01619217455982,  0.1088645
20210621 12:00, 1.01625316951545,  0.1024437
20210622 12:00, 1.01631060010920,  0.0965051
20210623 12:00, 1.01636471106494,  0.0909226
20210624 12:00, 1.01641565993892,  0.0855235
20210625 12:00, 1.01646349678482,  0.0801133
20210626 12:00, 1.01650816060671,  0.0745072
20210627 12:00, 1.01654949316179,  0.0685567
20210628 12:00, 1.01658726456583,  0.0621631
20210629 12:00, 1.01662120237962,  0.0552766
20210630 12:00, 1.01665101719054,  0.0478861
20210701 12:00, 1.01667642118983,  0.0400062
20210702 12:00, 1.01669713950640,  0.0316655
20210703 12:00, 1.01671291593781,  0.0228990
20210704 12:00, 1.01672351528383,  0.0137440
20210705 12:00, 1.01672872428019,  0.0042393
20210706 12:00, 1.01672835262847, -0.0055741
20210707 12:00, 1.01672223507548, -0.0156501
20210708 12:00, 1.01671023499147, -0.0259351
20210709 12:00, 1.01669224943694, -0.0363657
20210710 12:00, 1.01666821529870, -0.0468674
20210711 12:00, 1.01663811575498, -0.0573546
20210712 12:00, 1.01660198615623, -0.0677326
20210713 12:00, 1.01655991842401, -0.0779008
20210714 12:00, 1.01651206324386, -0.0877571
20210715 12:00, 1.01645862954615, -0.0972029
20210716 12:00, 1.01639988087809, -0.1061486
20210717 12:00, 1.01633612817447, -0.1145209
20210718 12:00, 1.01626771819679, -0.1222707
20210719 12:00, 1.01619501681047, -0.1293825
20210720 12:00, 1.01611838674318, -0.1358839
20210721 12:00, 1.01603816087305, -0.1418512
20210722 12:00, 1.01595461429590, -0.1474071
20210723 12:00, 1.01586794045812, -0.1527087
20210724 12:00, 1.01577823701638, -0.1579267
20210725 12:00, 1.01568550487925, -0.1632216
20210726 12:00, 1.01558965985157, -0.1687252
20210727 12:00, 1.01549055259148, -0.1745307
20210728 12:00, 1.01538799108024, -0.1806933
20210729 12:00, 1.01528176074587, -0.1872375
20210730 12:00, 1.01517163962270, -0.1941660
20210731 12:00, 1.01505740811660, -0.2014691
20210801 12:00, 1.01493885435951, -0.2091306
20210802 12:00, 1.01481577673752, -0.2171315
20210803 12:00, 1.01468798523956, -0.2254505
20210804 12:00, 1.01455530307869, -0.2340628
20210805 12:00, 1.01441756973916, -0.2429362
20210806 12:00, 1.01427464622898, -0.2520275
20210807 12:00, 1.01412642283078, -0.2612780
20210808 12:00, 1.01397282901307, -0.2706103
20210809 12:00, 1.01381384444093, -0.2799281
20210810 12:00, 1.01364950938058, -0.2891187
20210811 12:00, 1.01347993247812, -0.2980593
20210812 12:00, 1.01330529409781, -0.3066260
20210813 12:00, 1.01312584410314, -0.3147036
20210814 12:00, 1.01294189387428, -0.3221958
20210815 12:00, 1.01275380310704, -0.3290330
20210816 12:00, 1.01256196232235, -0.3351788
20210817 12:00, 1.01236677213231, -0.3406353
20210818 12:00, 1.01216862047624, -0.3454445
20210819 12:00, 1.01196785952175, -0.3496876
20210820 12:00, 1.01176478465666, -0.3534786
20210821 12:00, 1.01155961850800, -0.3569532
20210822 12:00, 1.01135250260364, -0.3602540
20210823 12:00, 1.01114349788231, -0.3635150
20210824 12:00, 1.01093259319230, -0.3668502
20210825 12:00, 1.01071971911598, -0.3703470
20210826 12:00, 1.01050476368961, -0.3740658
20210827 12:00, 1.01028758699638, -0.3780437
20210828 12:00, 1.01006803275114, -0.3823013
20210829 12:00, 1.00984593626065, -0.3868483
20210830 12:00, 1.00962112913216, -0.3916884
20210831 12:00, 1.00939344170478, -0.3968225
20210901 12:00, 1.00916270447797, -0.4022491
20210902 12:00, 1.00892874993032, -0.4079623
20210903 12:00, 1.00869141612736, -0.4139477
20210904 12:00, 1.00845055336950, -0.4201763
20210905 12:00, 1.00820603470067, -0.4265972
20210906 12:00, 1.00795777023091, -0.4331321
20210907 12:00, 1.00770572390471, -0.4396731
20210908 12:00, 1.00744992986976, -0.4460861
20210909 12:00, 1.00719050462843, -0.4522223
20210910 12:00, 1.00692765140844, -0.4579331
20210911 12:00, 1.00666165488142, -0.4630877
20210912 12:00, 1.00639286683372, -0.4675865
20210913 12:00, 1.00612168547442, -0.4713690
20210914 12:00, 1.00584853188397, -0.4744163
20210915 12:00, 1.00557382666274, -0.4767485
20210916 12:00, 1.00529796880254, -0.4784193
20210917 12:00, 1.00502131790161, -0.4795102
20210918 12:00, 1.00474418039665, -0.4801225
20210919 12:00, 1.00446680036889, -0.4803694
20210920 12:00, 1.00418935535562, -0.4803667
20210921 12:00, 1.00391195720929, -0.4802246
20210922 12:00, 1.00363465739324, -0.4800412
20210923 12:00, 1.00335745542526, -0.4798979
20210924 12:00, 1.00308030877145, -0.4798589
20210925 12:00, 1.00280314251152, -0.4799727
20210926 12:00, 1.00252585749521, -0.4802754
20210927 12:00, 1.00224833630788, -0.4807947
20210928 12:00, 1.00197044698034, -0.4815538
20210929 12:00, 1.00169204491262, -0.4825736
20210930 12:00, 1.00141297392639, -0.4838732
20211001 12:00, 1.00113306774801, -0.4854678
20211002 12:00, 1.00085215355892, -0.4873638
20211003 12:00, 1.00057005942618, -0.4895501
20211004 12:00, 1.00028662718132, -0.4919883
20211005 12:00, 1.00000173127319, -0.4946025
20211006 12:00, 0.99971530205305, -0.4972749
20211007 12:00, 0.99942734924693, -0.4998503
20211008 12:00, 0.99913797933996, -0.5021523
20211009 12:00, 0.99884740094115, -0.5040080
20211010 12:00, 0.99855591553801, -0.5052724
20211011 12:00, 0.99826389587935, -0.5058457
20211012 12:00, 0.99797175779391, -0.5056784
20211013 12:00, 0.99767993183005, -0.5047677
20211014 12:00, 0.99738883915293, -0.5031472
20211015 12:00, 0.99709887342128, -0.5008768
20211016 12:00, 0.99681038835234, -0.4980337
20211017 12:00, 0.99652368983502, -0.4947053
20211018 12:00, 0.99623903147663, -0.4909845
20211019 12:00, 0.99595661285322, -0.4869648
20211020 12:00, 0.99567658007345, -0.4827372
20211021 12:00, 0.99539902837617, -0.4783865
20211022 12:00, 0.99512400636858, -0.4739891
20211023 12:00, 0.99485152130186, -0.4696116
20211024 12:00, 0.99458154462019, -0.4653116
20211025 12:00, 0.99431401700915, -0.4611384
20211026 12:00, 0.99404885233254, -0.4571359
20211027 12:00, 0.99378594015272, -0.4533448
20211028 12:00, 0.99352514693525, -0.4498047
20211029 12:00, 0.99326631652483, -0.4465541
20211030 12:00, 0.99300927104664, -0.4436291
20211031 12:00, 0.99275381401014, -0.4410569
20211101 12:00, 0.99249973791915, -0.4388463
20211102 12:00, 0.99224683873165, -0.4369741
20211103 12:00, 0.99199493842411, -0.4353714
20211104 12:00, 0.99174391416097, -0.4339155
20211105 12:00, 0.99149372854170, -0.4324356
20211106 12:00, 0.99124445214750, -0.4307333
20211107 12:00, 0.99099627005892, -0.4286162
20211108 12:00, 0.99074946925252, -0.4259284
20211109 12:00, 0.99050441106576, -0.4225700
20211110 12:00, 0.99026149759933, -0.4184989
20211111 12:00, 0.99002114067027, -0.4137212
20211112 12:00, 0.98978373824741, -0.4082763
20211113 12:00, 0.98954965924568, -0.4022234
20211114 12:00, 0.98931923505687, -0.3956320
20211115 12:00, 0.98909275546000, -0.3885762
20211116 12:00, 0.98887046691829, -0.3811315
20211117 12:00, 0.98865257201673, -0.3733740
20211118 12:00, 0.98843922948560, -0.3653795
20211119 12:00, 0.98823055470452, -0.3572222
20211120 12:00, 0.98802662075766, -0.3489742
20211121 12:00, 0.98782746006753, -0.3407040
20211122 12:00, 0.98763306646988, -0.3324766
20211123 12:00, 0.98744339741632, -0.3243532
20211124 12:00, 0.98725837590073, -0.3163921
20211125 12:00, 0.98707789176329, -0.3086501
20211126 12:00, 0.98690180226411, -0.3011833
20211127 12:00, 0.98672993225216, -0.2940476
20211128 12:00, 0.98656207488753, -0.2872962
20211129 12:00, 0.98639799466621, -0.2809739
20211130 12:00, 0.98623743526040, -0.2751058
20211201 12:00, 0.98608013494479, -0.2696826
20211202 12:00, 0.98592585131830, -0.2646443
20211203 12:00, 0.98577439390525, -0.2598705
20211204 12:00, 0.98562565842358, -0.2551856
20211205 12:00, 0.98547965256646, -0.2503829
20211206 12:00, 0.98533650372434, -0.2452609
20211207 12:00, 0.98519644543655, -0.2396583
20211208 12:00, 0.98505978789465, -0.2334726
20211209 12:00, 0.98492688284070, -0.2266610
20211210 12:00, 0.98479809231057, -0.2192281
20211211 12:00, 0.98467376612809, -0.2112090
20211212 12:00, 0.98455422851953, -0.2026551
20211213 12:00, 0.98443977165805, -0.1936248
20211214 12:00, 0.98433065333578, -0.1841783
20211215 12:00, 0.98422709644524, -0.1743761
20211216 12:00, 0.98412928877911, -0.1642795
20211217 12:00, 0.98403738242837, -0.1539510
20211218 12:00, 0.98395149263191, -0.1434557
20211219 12:00, 0.98387169628175, -0.1328614
20211220 12:00, 0.98379803043023, -0.1222382
20211221 12:00, 0.98373049111094, -0.1116578
20211222 12:00, 0.98366903262992, -0.1011929
20211223 12:00, 0.98361356729427, -0.0909162
20211224 12:00, 0.98356396542376, -0.0809003
20211225 12:00, 0.98352005553851, -0.0712173
20211226 12:00, 0.98348162490536, -0.0619376
20211227 12:00, 0.98344842118505, -0.0531273
20211228 12:00, 0.98342015669581, -0.0448413
20211229 12:00, 0.98339651756710, -0.0371131
20211230 12:00, 0.98337718028962, -0.0299400
20211231 12:00, 0.98336183708225, -0.0232681
20220101 12:00, 0.98335022846034, -0.0169836
20220102 12:00, 0.98334217692193, -0.0109187
20220103 12:00, 0.98333761221804, -0.0048750
20220104 12:00, 0.98333657950357,  0.0013426
20220105 12:00, 0.98333922764252,  0.0078938
20220106 12:00, 0.98334578265062,  0.0148847
20220107 12:00, 0.98335651570985,  0.0223666
20220108 12:00, 0.98337171439602,  0.0303472
20220109 12:00, 0.98339166173675,  0.0388056
20220110 12:00, 0.98341662363922,  0.0477054
20220111 12:00, 0.98344684282544,  0.0570038
20220112 12:00, 0.98348253671216,  0.0666564
20220113 12:00, 0.98352389696719,  0.0766184
20220114 12:00, 0.98357108912339,  0.0868439
20220115 12:00, 0.98362425129592,  0.0972835
20220116 12:00, 0.98368349161605,  0.1078823
20220117 12:00, 0.98374888445287,  0.1185780
20220118 12:00, 0.98382046584172,  0.1293002
20220119 12:00, 0.98389822875107,  0.1399704
20220120 12:00, 0.98398211887118,  0.1505037
20220121 12:00, 0.98407203149926,  0.1608108
20220122 12:00, 0.98416780989170,  0.1708012
20220123 12:00, 0.98426924528161,  0.1803859
20220124 12:00, 0.98437607876163,  0.1894810
20220125 12:00, 0.98448800550000,  0.1980122
20220126 12:00, 0.98460468224946,  0.2059221
20220127 12:00, 0.98472573958335,  0.2131794
20220128 12:00, 0.98485080028633,  0.2197903
20220129 12:00, 0.98497950426172,  0.2258091
20220130 12:00, 0.98511153791409,  0.2313426
20220131 12:00, 0.98524666286143,  0.2365422
20220201 12:00, 0.98538473683081,  0.2415850
20220202 12:00, 0.98552572067537,  0.2466465
20220203 12:00, 0.98566966984056,  0.2518752
20220204 12:00, 0.98581671396189,  0.2573781
20220205 12:00, 0.98596703145747,  0.2632177
20220206 12:00, 0.98612082568805,  0.2694194
20220207 12:00, 0.98627830663290,  0.2759828
20220208 12:00, 0.98643967907665,  0.2828919
20220209 12:00, 0.98660513629707,  0.2901239
20220210 12:00, 0.98677485739523,  0.2976530
20220211 12:00, 0.98694900634850,  0.3054526
20220212 12:00, 0.98712773117056,  0.3134937
20220213 12:00, 0.98731116197388,  0.3217428
20220214 12:00, 0.98749940716644,  0.3301576
20220215 12:00, 0.98769254748770,  0.3386840
20220216 12:00, 0.98789062812375,  0.3472526
20220217 12:00, 0.98809364970778,  0.3557786
20220218 12:00, 0.98830155949647,  0.3641625
20220219 12:00, 0.98851424425249,  0.3722952
20220220 12:00, 0.98873152623937,  0.3800636
20220221 12:00, 0.98895316327937,  0.3873589
20220222 12:00, 0.98917885324198,  0.3940837
20220223 12:00, 0.98940824288984,  0.4001595
20220224 12:00, 0.98964094085968,  0.4055339
20220225 12:00, 0.98987653459692,  0.4101870
20220226 12:00, 0.99011461096120,  0.4141375
20220227 12:00, 0.99035477961294,  0.4174460
20220228 12:00, 0.99059669708916,  0.4202134
20220301 12:00, 0.99084008812516,  0.4225730
20220302 12:00, 0.99108476019069,  0.4246751
20220303 12:00, 0.99133060819043,  0.4266690
20220304 12:00, 0.99157760876097,  0.4286861
20220305 12:00, 0.99182580645541,  0.4308290
20220306 12:00, 0.99207529591579,  0.4331686
20220307 12:00, 0.99232620421546,  0.4357473
20220308 12:00, 0.99257867628804,  0.4385859
20220309 12:00, 0.99283286465638,  0.4416910
20220310 12:00, 0.99308892326725,  0.4450618
20220311 12:00, 0.99334700439552,  0.4486939
20220312 12:00, 0.99360725722395,  0.4525810
20220313 12:00, 0.99386982663608,  0.4567142
20220314 12:00, 0.99413485083276,  0.4610785
20220315 12:00, 0.99440245656381,  0.4656483
20220316 12:00, 0.99467275112222,  0.4703809
20220317 12:00, 0.99494581089518,  0.4752110
20220318 12:00, 0.99522166725500,  0.4800479
20220319 12:00, 0.99550029175790,  0.4847758
20220320 12:00, 0.99578158358685,  0.4892614
20220321 12:00, 0.99606536237791,  0.4933649
20220322 12:00, 0.99635136868753,  0.4969546
20220323 12:00, 0.99663927263581,  0.4999203
20220324 12:00, 0.99692868945637,  0.5021834
20220325 12:00, 0.99721919957569,  0.5037026
20220326 12:00, 0.99751037070113,  0.5044752
20220327 12:00, 0.99780177988720,  0.5045357
20220328 12:00, 0.99809303409747,  0.5039524
20220329 12:00, 0.99838378801308,  0.5028211
20220330 12:00, 0.99867375779470,  0.5012574
20220331 12:00, 0.99896272952805,  0.4993860
20220401 12:00, 0.99925056152956,  0.4973305
20220402 12:00, 0.99953718062314,  0.4952032
20220403 12:00, 0.99982257361732,  0.4930987
20220404 12:00, 1.00010677603666,  0.4910910
20220405 12:00, 1.00038986036658,  0.4892344
20220406 12:00, 1.00067192566109,  0.4875674
20220407 12:00, 1.00095308959904,  0.4861169
20220408 12:00, 1.00123348326311,  0.4849030
20220409 12:00, 1.00151324824780,  0.4839425
20220410 12:00, 1.00179253522006,  0.4832500
20220411 12:00, 1.00207150271019,  0.4828378
20220412 12:00, 1.00235031465026,  0.4827115
20220413 12:00, 1.00262913502776,  0.4828643
20220414 12:00, 1.00290811813619,  0.4832680
20220415 12:00, 1.00318739355194,  0.4838638
20220416 12:00, 1.00346704639869,  0.4845559
20220417 12:00, 1.00374709559395,  0.4852115
20220418 12:00, 1.00402747486925,  0.4856709
20220419 12:00, 1.00430802211505,  0.4857656
20220420 12:00, 1.00458848100095,  0.4853415
20220421 12:00, 1.00486851521428,  0.4842786
20220422 12:00, 1.00514773188245,  0.4825020
20220423 12:00, 1.00542570877744,  0.4799845
20220424 12:00, 1.00570202035147,  0.4767407
20220425 12:00, 1.00597625959636,  0.4728185
20220426 12:00, 1.00624805474963,  0.4682907
20220427 12:00, 1.00651708112548,  0.4632464
20220428 12:00, 1.00678306873621,  0.4577847
20220429 12:00, 1.00704580625314,  0.4520088
20220430 12:00, 1.00730514166120,  0.4460200
20220501 12:00, 1.00756097994478,  0.4399137
20220502 12:00, 1.00781327834060,  0.4337750
20220503 12:00, 1.00806203997707,  0.4276774
20220504 12:00, 1.00830730691570,  0.4216824
20220505 12:00, 1.00854915360478,  0.4158411
20220506 12:00, 1.00878768153625,  0.4101966
20220507 12:00, 1.00902301552761,  0.4047869
20220508 12:00, 1.00925530160770,  0.3996477
20220509 12:00, 1.00948470601214,  0.3948135
20220510 12:00, 1.00971141429594,  0.3903163
20220511 12:00, 1.00993562904644,  0.3861820
20220512 12:00, 1.01015756420731,  0.3824225
20220513 12:00, 1.01037743384896,  0.3790243
20220514 12:00, 1.01059543380960,  0.3759356
20220515 12:00, 1.01081171650417,  0.3730567
20220516 12:00, 1.01102636239753,  0.3702391
20220517 12:00, 1.01123935501969,  0.3672992
20220518 12:00, 1.01145056765165,  0.3640440
20220519 12:00, 1.01165976705949,  0.3603024
20220520 12:00, 1.01186663368901,  0.3559496
20220521 12:00, 1.01207079205765,  0.3509172
20220522 12:00, 1.01227184299074,  0.3451901
20220523 12:00, 1.01246939120517,  0.3387947
20220524 12:00, 1.01266306537759,  0.3317854
20220525 12:00, 1.01285253090982,  0.3242333
20220526 12:00, 1.01303749712932,  0.3162185
20220527 12:00, 1.01321772085307,  0.3078246
20220528 12:00, 1.01339300774819,  0.2991368
20220529 12:00, 1.01356321229333,  0.2902387
20220530 12:00, 1.01372823668233,  0.2812115
20220531 12:00, 1.01388802880891,  0.2721322
20220601 12:00, 1.01404257948880,  0.2630723
20220602 12:00, 1.01419191921170,  0.2540976
20220603 12:00, 1.01433611485115,  0.2452684
20220604 12:00, 1.01447526680583,  0.2366408
20220605 12:00, 1.01460950695053,  0.2282680
20220606 12:00, 1.01473899752633,  0.2202021
20220607 12:00, 1.01486393069544,  0.2124946
20220608 12:00, 1.01498452792713,  0.2051950
20220609 12:00, 1.01510103768713,  0.1983462
20220610 12:00, 1.01521372919474,  0.1919753
20220611 12:00, 1.01532287963297,  0.1860802
20220612 12:00, 1.01542875279808,  0.1806141
20220613 12:00, 1.01553156949840,  0.1754737
20220614 12:00, 1.01563147411834,  0.1704991
20220615 12:00, 1.01572850600945,  0.1654908
20220616 12:00, 1.01582258554274,  0.1602423
20220617 12:00, 1.01591352048549,  0.1545756
20220618 12:00, 1.01600103054861,  0.1483667
20220619 12:00, 1.01608478149475,  0.1415525
20220620 12:00, 1.01616441887338,  0.1341239
20220621 12:00, 1.01623959471414,  0.1261098
20220622 12:00, 1.01630998511424,  0.1175622
20220623 12:00, 1.01637529995494,  0.1085447
20220624 12:00, 1.01643528728928,  0.0991250
20220625 12:00, 1.01648973483528,  0.0893724
20220626 12:00, 1.01653847029281,  0.0793561
20220627 12:00, 1.01658136141911,  0.0691456
20220628 12:00, 1.01661831619068,  0.0588107
20220629 12:00, 1.01664928301610,  0.0484216
20220630 12:00, 1.01667425082804,  0.0380483
20220701 12:00, 1.01669324892160,  0.0277605
20220702 12:00, 1.01670634654226,  0.0176268
20220703 12:00, 1.01671365236994,  0.0077152
20220704 12:00, 1.01671531410563, -0.0019070
20220705 12:00, 1.01671151826844, -0.0111727
20220706 12:00, 1.01670248999977, -0.0200155
20220707 12:00, 1.01668849212340, -0.0283719
20220708 12:00, 1.01666982196091, -0.0361873
20220709 12:00, 1.01664680362527, -0.0434256
20220710 12:00, 1.01661977315117, -0.0500842
20220711 12:00, 1.01658905461956, -0.0562096
20220712 12:00, 1.01655492813716, -0.0619085
20220713 12:00, 1.01651759495920, -0.0673455
20220714 12:00, 1.01647714911062, -0.0727225
20220715 12:00, 1.01643356517051, -0.0782450
20220716 12:00, 1.01638670671258, -0.0840868
20220717 12:00, 1.01633635184598, -0.0903677
20220718 12:00, 1.01628222660530, -0.0971489
20220719 12:00, 1.01622403662721, -0.1044422
20220720 12:00, 1.01616149129405, -0.1122255
20220721 12:00, 1.01609431898457, -0.1204571
20220722 12:00, 1.01602227499646, -0.1290869
20220723 12:00, 1.01594514474228, -0.1380615
20220724 12:00, 1.01586274463191, -0.1473269
20220725 12:00, 1.01577492237487, -0.1568287
20220726 12:00, 1.01568155770701, -0.1665102
20220727 12:00, 1.01558256394268, -0.1763114
20220728 12:00, 1.01547789031664, -0.1861679
20220729 12:00, 1.01536752480794, -0.1960099
20220730 12:00, 1.01525149702470, -0.2057631
20220731 12:00, 1.01512988075628, -0.2153490
20220801 12:00, 1.01500279592214, -0.2246865
20220802 12:00, 1.01487040978194, -0.2336932
20220803 12:00, 1.01473293730934, -0.2422865
20220804 12:00, 1.01459064046967, -0.2503866
20220805 12:00, 1.01444382572236, -0.2579202
20220806 12:00, 1.01429283844271, -0.2648273
20220807 12:00, 1.01413805235550, -0.2710718
20220808 12:00, 1.01397985197847, -0.2766548
20220809 12:00, 1.01381860715905, -0.2816278
20220810 12:00, 1.01365464150108, -0.2860996
20220811 12:00, 1.01348820025331, -0.2902306
20220812 12:00, 1.01331942600068, -0.2942114
20220813 12:00, 1.01314834969569, -0.2982325
20220814 12:00, 1.01297489957722, -0.3024549
20220815 12:00, 1.01279892403471, -0.3069925
20220816 12:00, 1.01262022045113, -0.3119086
20220817 12:00, 1.01243856228594, -0.3172246
20220818 12:00, 1.01225371979072, -0.3229326
20220819 12:00, 1.01206547327439, -0.3290074
20220820 12:00, 1.01187362016330, -0.3354160
20220821 12:00, 1.01167797800575, -0.3421224
20220822 12:00, 1.01147838553160, -0.3490893
20220823 12:00, 1.01127470342594, -0.3562777
20220824 12:00, 1.01106681593306, -0.3636446
20220825 12:00, 1.01085463389174, -0.3711404
20220826 12:00, 1.01063809933150, -0.3787063
20220827 12:00, 1.01041719133193, -0.3862727
20220828 12:00, 1.01019193248893, -0.3937585
20220829 12:00, 1.00996239510251, -0.4010731
20220830 12:00, 1.00972870615484, -0.4081183
20220831 12:00, 1.00949105028417, -0.4147933
20220901 12:00, 1.00924967019010, -0.4209989
20220902 12:00, 1.00900486407590, -0.4266429
20220903 12:00, 1.00875697971256, -0.4316470
20220904 12:00, 1.00850640449259, -0.4359538
20220905 12:00, 1.00825355063761, -0.4395362
20220906 12:00, 1.00799883493317, -0.4424071
20220907 12:00, 1.00774265342177, -0.4446263
20220908 12:00, 1.00748535347939, -0.4463019
20220909 12:00, 1.00722720796770, -0.4475815
20220910 12:00, 1.00696839727698, -0.4486340
20220911 12:00, 1.00670900376585, -0.4496261
20220912 12:00, 1.00644901947904, -0.4507009
20220913 12:00, 1.00618836391698, -0.4519652
20220914 12:00, 1.00592690624419, -0.4534868
20220915 12:00, 1.00566448652482, -0.4553000
20220916 12:00, 1.00540093256063, -0.4574147
20220917 12:00, 1.00513607124466, -0.4598256
20220918 12:00, 1.00486973505402, -0.4625195
20220919 12:00, 1.00460176515378, -0.4654801
20220920 12:00, 1.00433201278949, -0.4686888
20220921 12:00, 1.00406034051456, -0.4721247
20220922 12:00, 1.00378662453178, -0.4757609
20220923 12:00, 1.00351075908792, -0.4795609
20220924 12:00, 1.00323266341792, -0.4834741
20220925 12:00, 1.00295229114101, -0.4874315
20220926 12:00, 1.00266964127925, -0.4913448
20220927 12:00, 1.00238476933676, -0.4951074
20220928 12:00, 1.00209779639890, -0.4985998
20220929 12:00, 1.00180891423666, -0.5016984
20220930 12:00, 1.00151838499974, -0.5042848
20221001 12:00, 1.00122653503068, -0.5062566
20221002 12:00, 1.00093374322625, -0.5075357
20221003 12:00, 1.00064042488938, -0.5080751
20221004 12:00, 1.00034701214293, -0.5078641
20221005 12:00, 1.00005393200521, -0.5069314
20221006 12:00, 0.99976158350986, -0.5053449
20221007 12:00, 0.99947031589789, -0.5032081
20221008 12:00, 0.99918041059719, -0.5006505
20221009 12:00, 0.99889206981528, -0.4978143
20221010 12:00, 0.99860541362472, -0.4948392
20221011 12:00, 0.99832048554653, -0.4918487
20221012 12:00, 0.99803726461704, -0.4889417
20221013 12:00, 0.99775568067883, -0.4861897
20221014 12:00, 0.99747562959719, -0.4836395
20221015 12:00, 0.99719698602465, -0.4813189
20221016 12:00, 0.99691961261776, -0.4792428
20221017 12:00, 0.99664336573834, -0.4774188
20221018 12:00, 0.99636809842568, -0.4758512
20221019 12:00, 0.99609366183352, -0.4745423
20221020 12:00, 0.99581990651223, -0.4734915
20221021 12:00, 0.99554668498058, -0.4726918
20221022 12:00, 0.99527385697314, -0.4721242
20221023 12:00, 0.99500129845968, -0.4717502
20221024 12:00, 0.99472891483472, -0.4715053
20221025 12:00, 0.99445665745806, -0.4712946
20221026 12:00, 0.99418454115275, -0.4709941
20221027 12:00, 0.99391265891445, -0.4704590
20221028 12:00, 0.99364118978911, -0.4695389
20221029 12:00, 0.99337039715742, -0.4680951
20221030 12:00, 0.99310061715742, -0.4660166
20221031 12:00, 0.99283223949572, -0.4632302
20221101 12:00, 0.99256568425996, -0.4597039
20221102 12:00, 0.99230137820730, -0.4554459
20221103 12:00, 0.99203973293313, -0.4504997
20221104 12:00, 0.99178112618635, -0.4449379
20221105 12:00, 0.99152588693438, -0.4388557
20221106 12:00, 0.99127428461296, -0.4323626
20221107 12:00, 0.99102652299868, -0.4255751
20221108 12:00, 0.99078273896231, -0.4186071
20221109 12:00, 0.99054300585694, -0.4115634
20221110 12:00, 0.99030734060732, -0.4045341
20221111 12:00, 0.99007571299736, -0.3975921
20221112 12:00, 0.98984805544989, -0.3907943
20221113 12:00, 0.98962427181483, -0.3841833
20221114 12:00, 0.98940424419861, -0.3777924
20221115 12:00, 0.98918783748698, -0.3716487
20221116 12:00, 0.98897490179097, -0.3657765
20221117 12:00, 0.98876527353382, -0.3601990
20221118 12:00, 0.98855877632021, -0.3549371
20221119 12:00, 0.98835522311619, -0.3500059
20221120 12:00, 0.98815442157107, -0.3454071
20221121 12:00, 0.98795618433090, -0.3411199
20221122 12:00, 0.98776034555450, -0.3370889
20221123 12:00, 0.98756678316517, -0.3332170
20221124 12:00, 0.98737544368985, -0.3293648
20221125 12:00, 0.98718636381865, -0.3253625
20221126 12:00, 0.98699968187702, -0.3210322
20221127 12:00, 0.98681563465559, -0.3162150
20221128 12:00, 0.98663453986578, -0.3107925
20221129 12:00, 0.98645676918052, -0.3046970
20221130 12:00, 0.98628271876140, -0.2979103
20221201 12:00, 0.98611278292546, -0.2904551
20221202 12:00, 0.98594733375917, -0.2823840
20221203 12:00, 0.98578670692627, -0.2737690
20221204 12:00, 0.98563119255987, -0.2646947
20221205 12:00, 0.98548102989308, -0.2552521
20221206 12:00, 0.98533640464466, -0.2455347
20221207 12:00, 0.98519744863602, -0.2356351
20221208 12:00, 0.98506424138440, -0.2256414
20221209 12:00, 0.98493681342068, -0.2156348
20221210 12:00, 0.98481515090037, -0.2056875
20221211 12:00, 0.98469920086360, -0.1958627
20221212 12:00, 0.98458887638823, -0.1862152
20221213 12:00, 0.98448406093709, -0.1767931
20221214 12:00, 0.98438461142301, -0.1676405
20221215 12:00, 0.98429035986498, -0.1588000
20221216 12:00, 0.98420111395320, -0.1503134
20221217 12:00, 0.98411665737643, -0.1422215
20221218 12:00, 0.98403675138885, -0.1345603
20221219 12:00, 0.98396113973359, -0.1273528
20221220 12:00, 0.98388955942629, -0.1205969
20221221 12:00, 0.98382175947697, -0.1142507
20221222 12:00, 0.98375752768213, -0.1082204
20221223 12:00, 0.98369672193067, -0.1023579
20221224 12:00, 0.98363929829562, -0.0964750
20221225 12:00, 0.98358532642427, -0.0903724
20221226 12:00, 0.98353498590551, -0.0838742
20221227 12:00, 0.98348854446355, -0.0768542
20221228 12:00, 0.98344632551242, -0.0692459
20221229 12:00, 0.98340867471938, -0.0610368
20221230 12:00, 0.98337593261339, -0.0522546
20221231 12:00, 0.98334841585548, -0.0429520
20230101 12:00, 0.98332640634804, -0.0331952
20230102 12:00, 0.98331014585292, -0.0230560
20230103 12:00, 0.98329983377444, -0.0126087
20230104 12:00, 0.98329562644152, -0.0019282
20230105 12:00, 0.98329763700517,  0.0089109
20230106 12:00, 0.98330593566511,  0.0198347
20230107 12:00, 0.98332055026413,  0.0307705
20230108 12:00, 0.98334146736062,  0.0416482
20230109 12:00, 0.98336863378321,  0.0524005
20230110 12:00, 0.98340195848890,  0.0629634
20230111 12:00, 0.98344131439198,  0.0732760
20230112 12:00, 0.98348653979026,  0.0832792
20230113 12:00, 0.98353743913932,  0.0929147
20230114 12:00, 0.98359378324348,  0.1021242
20230115 12:00, 0.98365530945858,  0.1108506
20230116 12:00, 0.98372172322704,  0.1190415
20230117 12:00, 0.98379270309529,  0.1266578
20230118 12:00, 0.98386791197857,  0.1336872
20230119 12:00, 0.98394701717208,  0.1401599
20230120 12:00, 0.98402971957264,  0.1461638
20230121 12:00, 0.98411578841543,  0.1518469
20230122 12:00, 0.98420509296340,  0.1574034
20230123 12:00, 0.98429762046310,  0.1630416
20230124 12:00, 0.98439347331080,  0.1689459
20230125 12:00, 0.98449284658852,  0.1752496
20230126 12:00, 0.98459599455666,  0.1820244
20230127 12:00, 0.98470319671635,  0.1892881
20230128 12:00, 0.98481473083668,  0.1970198
20230129 12:00, 0.98493085539114,  0.2051760
20230130 12:00, 0.98505180019882,  0.2137025
20230131 12:00, 0.98517776256940,  0.2225416
20230201 12:00, 0.98530890629917,  0.2316354
20230202 12:00, 0.98544536158568,  0.2409254
20230203 12:00, 0.98558722474921,  0.2503524
20230204 12:00, 0.98573455732475,  0.2598550
20230205 12:00, 0.98588738455621,  0.2693689
20230206 12:00, 0.98604569358593,  0.2788265
20230207 12:00, 0.98620943170796,  0.2881574
20230208 12:00, 0.98637850497576,  0.2972894
20230209 12:00, 0.98655277728777,  0.3061490
20230210 12:00, 0.98673206990706,  0.3146620
20230211 12:00, 0.98691616130974,  0.3227544
20230212 12:00, 0.98710478739628,  0.3303532
20230213 12:00, 0.98729764250269,  0.3373879
20230214 12:00, 0.98749438230927,  0.3437961
20230215 12:00, 0.98769463053302,  0.3495315
20230216 12:00, 0.98789799183961,  0.3545768
20230217 12:00, 0.98810407305598,  0.3589593
20230218 12:00, 0.98831251272471,  0.3627630
20230219 12:00, 0.98852301516339,  0.3661307
20230220 12:00, 0.98873538095811,  0.3692490
20230221 12:00, 0.98894952431116,  0.3723190
20230222 12:00, 0.98916547123209,  0.3755215
20230223 12:00, 0.98938333986161,  0.3789917
20230224 12:00, 0.98960331060311,  0.3828099
20230225 12:00, 0.98982559545630,  0.3870070
20230226 12:00, 0.99005041322660,  0.3915781
20230227 12:00, 0.99027797303261,  0.3964969
20230228 12:00, 0.99050846528637,  0.4017264
20230301 12:00, 0.99074205784808,  0.4072261
20230302 12:00, 0.99097889491918,  0.4129549
20230303 12:00, 0.99121909673192,  0.4188708
20230304 12:00, 0.99146275874262,  0.4249296
20230305 12:00, 0.99170994963541,  0.4310824
20230306 12:00, 0.99196070794829,  0.4372733
20230307 12:00, 0.99221503754476,  0.4434379
20230308 12:00, 0.99247290246313,  0.4495028
20230309 12:00, 0.99273422184862,  0.4553862
20230310 12:00, 0.99299886568229,  0.4610000
20230311 12:00, 0.99326665188390,  0.4662526
20230312 12:00, 0.99353734516815,  0.4710518
20230313 12:00, 0.99381065791594,  0.4753093
20230314 12:00, 0.99408625341558,  0.4789443
20230315 12:00, 0.99436375217184,  0.4818906
20230316 12:00, 0.99464274244035,  0.4841045
20230317 12:00, 0.99492279636079,  0.4855756
20230318 12:00, 0.99520349250067,  0.4863383
20230319 12:00, 0.99548444383861,  0.4864780
20230320 12:00, 0.99576532740056,  0.4861296
20230321 12:00, 0.99604590919591,  0.4854630
20230322 12:00, 0.99632605776205,  0.4846589
20230323 12:00, 0.99660574261314,  0.4838822
20230324 12:00, 0.99688501896844,  0.4832624
20230325 12:00, 0.99716400437704,  0.4828854
20230326 12:00, 0.99744285406393,  0.4827971
20230327 12:00, 0.99772174012808,  0.4830119
20230328 12:00, 0.99800083685228,  0.4835245
20230329 12:00, 0.99828031196170,  0.4843190
20230330 12:00, 0.99856032233677,  0.4853745
20230331 12:00, 0.99884101229427,  0.4866684
20230401 12:00, 0.99912251269078,  0.4881767
20230402 12:00, 0.99940493944757,  0.4898712
20230403 12:00, 0.99968839049863,  0.4917171
20230404 12:00, 0.99997294060104,  0.4936684
20230405 12:00, 1.00025863395356,  0.4956647
20230406 12:00, 1.00054547514772,  0.4976290
20230407 12:00, 1.00083341955570,  0.4994682
20230408 12:00, 1.00112236468438,  0.5010759
20230409 12:00, 1.00141214412574,  0.5023382
20230410 12:00, 1.00170252543643,  0.5031416
20230411 12:00, 1.00199321269912,  0.5033813
20230412 12:00, 1.00228385391415,  0.5029693
20230413 12:00, 1.00257405298825,  0.5018421
20230414 12:00, 1.00286338597153,  0.4999678
20230415 12:00, 1.00315142112347,  0.4973522
20230416 12:00, 1.00343774200434,  0.4940429
20230417 12:00, 1.00372197186990,  0.4901294
20230418 12:00, 1.00400379640787,  0.4857367
20230419 12:00, 1.00428298101542,  0.4810132
20230420 12:00, 1.00455937922792,  0.4761128
20230421 12:00, 1.00483293084604,  0.4711776
20230422 12:00, 1.00510365104047,  0.4663249
20230423 12:00, 1.00537161391197,  0.4616411
20230424 12:00, 1.00563693468443,  0.4571827
20230425 12:00, 1.00589975391613,  0.4529822
20230426 12:00, 1.00616022556184,  0.4490548
20230427 12:00, 1.00641850920792,  0.4454057
20230428 12:00, 1.00667476576318,  0.4420349
20230429 12:00, 1.00692915535852,  0.4389400
20230430 12:00, 1.00718183602787,  0.4361159
20230501 12:00, 1.00743296174964,  0.4335531
20230502 12:00, 1.00768267854381,  0.4312327
20230503 12:00, 1.00793111758289,  0.4291212
20230504 12:00, 1.00817838479041,  0.4271636
20230505 12:00, 1.00842454726808,  0.4252799
20230506 12:00, 1.00866961806184,  0.4233634
20230507 12:00, 1.00891354193811,  0.4212855
20230508 12:00, 1.00915618545197,  0.4189060
20230509 12:00, 1.00939733416167,  0.4160871
20230510 12:00, 1.00963669835379,  0.4127084
20230511 12:00, 1.00987392668486,  0.4086786
20230512 12:00, 1.01010862559531,  0.4039435
20230513 12:00, 1.01034038175980,  0.3984891
20230514 12:00, 1.01056878511554,  0.3923403
20230515 12:00, 1.01079345062279,  0.3855581
20230516 12:00, 1.01101403735888,  0.3782332
20230517 12:00, 1.01123026368524,  0.3704785
20230518 12:00, 1.01144191728659,  0.3624196
20230519 12:00, 1.01164885921388,  0.3541831
20230520 12:00, 1.01185102183485,  0.3458878
20230521 12:00, 1.01204840163060,  0.3376361
20230522 12:00, 1.01224104866103,  0.3295107
20230523 12:00, 1.01242905489194,  0.3215743
20230524 12:00, 1.01261254334242,  0.3138724
20230525 12:00, 1.01279165935444,  0.3064376
20230526 12:00, 1.01296656449908,  0.2992941
20230527 12:00, 1.01313743293396,  0.2924619
20230528 12:00, 1.01330444949693,  0.2859582
20230529 12:00, 1.01346780843775,  0.2797980
20230530 12:00, 1.01362771139724,  0.2739914
20230531 12:00, 1.01378436304122,  0.2685376
20230601 12:00, 1.01393796275296,  0.2634176
20230602 12:00, 1.01408869122213,  0.2585841
20230603 12:00, 1.01423669192477,  0.2539545
20230604 12:00, 1.01438204943688,  0.2494078
20230605 12:00, 1.01452476877103,  0.2447914
20230606 12:00, 1.01466476129899,  0.2399369
20230607 12:00, 1.01480184206888,  0.2346831
20230608 12:00, 1.01493574023245,  0.2288970
20230609 12:00, 1.01506612028731,  0.2224893
20230610 12:00, 1.01519260905662,  0.2154190
20230611 12:00, 1.01531482297409,  0.2076899
20230612 12:00, 1.01543239184233,  0.1993429
20230613 12:00, 1.01554497739930,  0.1904463
20230614 12:00, 1.01565228663258,  0.1810872
20230615 12:00, 1.01575408047985,  0.1713641
20230616 12:00, 1.01585017859413,  0.1613807
20230617 12:00, 1.01594046066770,  0.1512405
20230618 12:00, 1.01602486471897,  0.1410413
20230619 12:00, 1.01610338285770,  0.1308720
20230620 12:00, 1.01617605527917,  0.1208100
20230621 12:00, 1.01624296343928,  0.1109208
20230622 12:00, 1.01630422340283,  0.1012591
20230623 12:00, 1.01635998019658,  0.0918709
20230624 12:00, 1.01641040367763,  0.0827967
20230625 12:00, 1.01645568601655,  0.0740737
20230626 12:00, 1.01649604044275,  0.0657376
20230627 12:00, 1.01653170041779,  0.0578226
20230628 12:00, 1.01656291788715,  0.0503578
20230629 12:00, 1.01658995875855,  0.0433609
20230630 12:00, 1.01661309345323,  0.0368279
20230701 12:00, 1.01663258068130,  0.0307201
20230702 12:00, 1.01664864404165,  0.0249530
20230703 12:00, 1.01666144390003,  0.0193926
20230704 12:00, 1.01667105051874,  0.0138636
20230705 12:00, 1.01667742654830,  0.0081733
20230706 12:00, 1.01668042550064,  0.0021418
20230707 12:00, 1.01667980754377, -0.0043706
20230708 12:00, 1.01667526777567, -0.0114484
20230709 12:00, 1.01666646877897, -0.0191206
20230710 12:00, 1.01665307008330, -0.0273710
20230711 12:00, 1.01663475054529, -0.0361511
20230712 12:00, 1.01661122307853, -0.0453932
20230713 12:00, 1.01658224318250, -0.0550188
20230714 12:00, 1.01654761325681, -0.0649447
20230715 12:00, 1.01650718433746, -0.0750861
20230716 12:00, 1.01646085626455, -0.0853591
20230717 12:00, 1.01640857676100, -0.0956820
20230718 12:00, 1.01635033961336, -0.1059773
20230719 12:00, 1.01628618209590, -0.1161721
20230720 12:00, 1.01621618187818, -0.1261994
20230721 12:00, 1.01614045379296, -0.1359974
20230722 12:00, 1.01605914691580, -0.1455090
20230723 12:00, 1.01597244235887, -0.1546802
20230724 12:00, 1.01588055198440, -0.1634583
20230725 12:00, 1.01578371789216, -0.1717912
20230726 12:00, 1.01568221202707, -0.1796280
20230727 12:00, 1.01557633459391, -0.1869227
20230728 12:00, 1.01546640923784, -0.1936417
20230729 12:00, 1.01535277241703, -0.1997766
20230730 12:00, 1.01523575462605, -0.2053592
20230731 12:00, 1.01511565289927, -0.2104753
20230801 12:00, 1.01499269770374, -0.2152690
20230802 12:00, 1.01486702183901, -0.2199310
20230803 12:00, 1.01473864136788, -0.2246690
20230804 12:00, 1.01460745598833, -0.2296723
20230805 12:00, 1.01447326902512, -0.2350818
20230806 12:00, 1.01433581982111, -0.2409775
20230807 12:00, 1.01419481837872, -0.2473827
20230808 12:00, 1.01404997435524, -0.2542781
20230809 12:00, 1.01390101709910, -0.2616173
20230810 12:00, 1.01374770724580, -0.2693400
20230811 12:00, 1.01358984223875, -0.2773801
20230812 12:00, 1.01342725834533, -0.2856698
20230813 12:00, 1.01325983112259, -0.2941408
20230814 12:00, 1.01308747548531, -0.3027250
20230815 12:00, 1.01291014585583, -0.3113538
20230816 12:00, 1.01272783643631, -0.3199581
20230817 12:00, 1.01254058144057, -0.3284684
20230818 12:00, 1.01234845511284, -0.3368156
20230819 12:00, 1.01215157147641, -0.3449312
20230820 12:00, 1.01195008390897, -0.3527474
20230821 12:00, 1.01174418474201, -0.3601970
20230822 12:00, 1.01153410504559, -0.3672130
20230823 12:00, 1.01132011452375, -0.3737288
20230824 12:00, 1.01110252097285, -0.3796795
20230825 12:00, 1.01088166805366, -0.3850069
20230826 12:00, 1.01065792931711, -0.3896676
20230827 12:00, 1.01043169584985, -0.3936467
20230828 12:00, 1.01020335524053, -0.3969739
20230829 12:00, 1.00997326164328, -0.3997369
20230830 12:00, 1.00974170077031, -0.4020842
20230831 12:00, 1.00950885821934, -0.4042100
20230901 12:00, 1.00927480136928, -0.4063233
20230902 12:00, 1.00903948148564, -0.4086115
20230903 12:00, 1.00880275490135, -0.4112127
20230904 12:00, 1.00856441515535, -0.4142061
20230905 12:00, 1.00832422598635, -0.4176178
20230906 12:00, 1.00808194797858, -0.4214352
20230907 12:00, 1.00783735627286, -0.4256228
20230908 12:00, 1.00759025027568, -0.4301337
20230909 12:00, 1.00734045785498, -0.4349170
20230910 12:00, 1.00708783659483, -0.4399210
20230911 12:00, 1.00683227408014, -0.4450935
20230912 12:00, 1.00657368843537, -0.4503807
20230913 12:00, 1.00631202968560, -0.4557256
20230914 12:00, 1.00604728201235, -0.4610667
20230915 12:00, 1.00577946664242, -0.4663372
20230916 12:00, 1.00550864493653, -0.4714650
20230917 12:00, 1.00523492122659, -0.4763735
20230918 12:00, 1.00495844505714, -0.4809830
20230919 12:00, 1.00467941264578, -0.4852119
20230920 12:00, 1.00439806748266, -0.4889783
20230921 12:00, 1.00411469992291, -0.4922022
20230922 12:00, 1.00382964530507, -0.4948086
20230923 12:00, 1.00354327955539, -0.4967331
20230924 12:00, 1.00325601057189, -0.4979313
20230925 12:00, 1.00296826331685, -0.4983907
20230926 12:00, 1.00268045712244, -0.4981455
20230927 12:00, 1.00239297584437, -0.4972854
20230928 12:00, 1.00210613507970, -0.4959556
20230929 12:00, 1.00182015413045, -0.4943406
20230930 12:00, 1.00153514108440, -0.4926356
20231001 12:00, 1.00125109568977, -0.4910158
20231002 12:00, 1.00096792821926, -0.4896133
20231003 12:00, 1.00068548723212, -0.4885095
20231004 12:00, 1.00040358792179, -0.4877402
20231005 12:00, 1.00012203518327, -0.4873076
20231006 12:00, 0.99984063920959, -0.4871932
20231007 12:00, 0.99955922426619, -0.4873680
20231008 12:00, 0.99927763264836, -0.4877994
20231009 12:00, 0.99899572603863, -0.4884531
20231010 12:00, 0.99871338611971, -0.4892938
20231011 12:00, 0.99843051576472, -0.4902831
20231012 12:00, 0.99814704159478, -0.4913767
20231013 12:00, 0.99786291819915, -0.4925216
20231014 12:00, 0.99757813384996, -0.4936539
20231015 12:00, 0.99729271712818, -0.4946979
20231016 12:00, 0.99700674357035, -0.4955670
20231017 12:00, 0.99672034132313, -0.4961661
20231018 12:00, 0.99643369489097, -0.4963959
20231019 12:00, 0.99614704632348, -0.4961573
20231020 12:00, 0.99586069345980, -0.4953571
20231021 12:00, 0.99557498495389, -0.4939136
20231022 12:00, 0.99529031166484, -0.4917636
20231023 12:00, 0.99500709372868, -0.4888705
20231024 12:00, 0.99472576257196, -0.4852332
20231025 12:00, 0.99444673774755, -0.4808950
20231026 12:00, 0.99417040006125, -0.4759470
20231027 12:00, 0.99389706470423, -0.4705236
20231028 12:00, 0.99362695986712, -0.4647885
20231029 12:00, 0.99336021610143, -0.4589123
20231030 12:00, 0.99309686892650, -0.4530499
20231031 12:00, 0.99283687304112, -0.4473244
20231101 12:00, 0.99258012324491, -0.4418199
20231102 12:00, 0.99232647634945, -0.4365847
20231103 12:00, 0.99207576977537, -0.4316394
20231104 12:00, 0.99182783486560, -0.4269860
20231105 12:00, 0.99158250495973, -0.4226167
20231106 12:00, 0.99133961945369, -0.4185190
20231107 12:00, 0.99109902549651, -0.4146787
20231108 12:00, 0.99086057895717, -0.4110797
20231109 12:00, 0.99062414608006, -0.4077017
20231110 12:00, 0.99038960694851, -0.4045162
20231111 12:00, 0.99015686148456, -0.4014822
20231112 12:00, 0.98992583816752, -0.3985412
20231113 12:00, 0.98969650492687, -0.3956148
20231114 12:00, 0.98946888084660, -0.3926047
20231115 12:00, 0.98924304664914, -0.3893966
20231116 12:00, 0.98901915172213, -0.3858686
20231117 12:00, 0.98879741589652, -0.3819006
20231118 12:00, 0.98857812515951, -0.3773852
20231119 12:00, 0.98836162157331, -0.3722369
20231120 12:00, 0.98814828841710, -0.3663996
20231121 12:00, 0.98793853179662, -0.3598511
20231122 12:00, 0.98773275987674, -0.3526067
20231123 12:00, 0.98753136089484, -0.3447200
20231124 12:00, 0.98733468149427, -0.3362808
20231125 12:00, 0.98714300758063, -0.3274082
20231126 12:00, 0.98695655035060, -0.3182396
20231127 12:00, 0.98677543977613, -0.3089164
20231128 12:00, 0.98659972643791, -0.2995699
20231129 12:00, 0.98642939065500, -0.2903107
20231130 12:00, 0.98626435623719, -0.2812236
20231201 12:00, 0.98610450558553, -0.2723677
20231202 12:00, 0.98594969335560, -0.2637808
20231203 12:00, 0.98579975702558, -0.2554857
20231204 12:00, 0.98565452390806, -0.2474957
20231205 12:00, 0.98551381505875, -0.2398198
20231206 12:00, 0.98537744709027, -0.2324647
20231207 12:00, 0.98524523318761, -0.2254352
20231208 12:00, 0.98511698476009, -0.2187321
20231209 12:00, 0.98499251519937, -0.2123468
20231210 12:00, 0.98487164707611, -0.2062548
20231211 12:00, 0.98475422362664, -0.2004078
20231212 12:00, 0.98464012436919, -0.1947277
20231213 12:00, 0.98452928314445, -0.1891048
20231214 12:00, 0.98442170520536, -0.1834029
20231215 12:00, 0.98431747902804, -0.1774727
20231216 12:00, 0.98421677911472, -0.1711689
20231217 12:00, 0.98411985830139, -0.1643681
20231218 12:00, 0.98402703098171, -0.1569821
20231219 12:00, 0.98393865075796, -0.1489639
20231220 12:00, 0.98385508648315, -0.1403071
20231221 12:00, 0.98377669972771, -0.1310424
20231222 12:00, 0.98370382531850, -0.1212307
20231223 12:00, 0.98363675556836, -0.1109572
20231224 12:00, 0.98357572841089, -0.1003238
20231225 12:00, 0.98352091966587, -0.0894424
20231226 12:00, 0.98347243969219, -0.0784265
20231227 12:00, 0.98343033445201, -0.0673844
20231228 12:00, 0.98339459048769, -0.0564129
20231229 12:00, 0.98336514271191, -0.0455935
20231230 12:00, 0.98334188351375, -0.0349920
20231231 12:00, 0.98332467165661, -0.0246596
20240101 12:00, 0.98331333977145, -0.0146361
20240102 12:00, 0.98330769978165, -0.0049540
20240103 12:00, 0.98330754617009,  0.0043582
20240104 12:00, 0.98331265752231,  0.0132737
20240105 12:00, 0.98332279724000,  0.0217669
20240106 12:00, 0.98333771474759,  0.0298156
20240107 12:00, 0.98335714890920,  0.0374066
20240108 12:00, 0.98338083561064,  0.0445446
20240109 12:00, 0.98340852123619,  0.0512632
20240110 12:00, 0.98343998263761,  0.0576357
20240111 12:00, 0.98347505187953,  0.0637801
20240112 12:00, 0.98351364101133,  0.0698534
20240113 12:00, 0.98355575991696,  0.0760335
20240114 12:00, 0.98360152089771,  0.0824924
20240115 12:00, 0.98365112763220,  0.0893707
20240116 12:00, 0.98370485157280,  0.0967609
20240117 12:00, 0.98376300247628,  0.1047036
20240118 12:00, 0.98382589990307,  0.1131936
20240119 12:00, 0.98389385001366,  0.1221917
20240120 12:00, 0.98396712894692,  0.1316350
20240121 12:00, 0.98404597201048,  0.1414461
20240122 12:00, 0.98413056718145,  0.1515393
20240123 12:00, 0.98422105159225,  0.1618249
20240124 12:00, 0.98431751018976,  0.1722124
20240125 12:00, 0.98441997619828,  0.1826137
20240126 12:00, 0.98452843320841,  0.1929454
20240127 12:00, 0.98464281865519,  0.2031313
20240128 12:00, 0.98476302825372,  0.2131033
20240129 12:00, 0.98488892077394,  0.2228014
20240130 12:00, 0.98502032246908,  0.2321728
20240131 12:00, 0.98515703057158,  0.2411694
20240201 12:00, 0.98529881552291,  0.2497460
20240202 12:00, 0.98544542198285,  0.2578585
20240203 12:00, 0.98559656914900,  0.2654629
20240204 12:00, 0.98575195151198,  0.2725182
20240205 12:00, 0.98591124184424,  0.2789916
20240206 12:00, 0.98607409881335,  0.2848691
20240207 12:00, 0.98624018170419,  0.2901693
20240208 12:00, 0.98640917363568,  0.2949584
20240209 12:00, 0.98658081176550,  0.2993578
20240210 12:00, 0.98675491869664,  0.3035395
20240211 12:00, 0.98693142584738,  0.3077035
20240212 12:00, 0.98711038008280,  0.3120435
20240213 12:00, 0.98729193054823,  0.3167155
20240214 12:00, 0.98747630033770,  0.3218180
20240215 12:00, 0.98766375238375,  0.3273914
20240216 12:00, 0.98785455843763,  0.3334283
20240217 12:00, 0.98804897600898,  0.3398893
20240218 12:00, 0.98824723391868,  0.3467164
20240219 12:00, 0.98844952462004,  0.3538429
20240220 12:00, 0.98865600077689,  0.3611984
20240221 12:00, 0.98886677401248,  0.3687114
20240222 12:00, 0.98908191453007,  0.3763100
20240223 12:00, 0.98930145102707,  0.3839223
20240224 12:00, 0.98952537080815,  0.3914771
20240225 12:00, 0.98975362022089,  0.3989039
20240226 12:00, 0.98998610553320,  0.4061344
20240227 12:00, 0.99022269422895,  0.4131028
20240228 12:00, 0.99046321651666,  0.4197458
20240229 12:00, 0.99070746672584,  0.4260022
20240301 12:00, 0.99095520428095,  0.4318122
20240302 12:00, 0.99120615414471,  0.4371163
20240303 12:00, 0.99146000703498,  0.4418555
20240304 12:00, 0.99171642035126,  0.4459740
20240305 12:00, 0.99197502154794,  0.4494254
20240306 12:00, 0.99223541645999,  0.4521836
20240307 12:00, 0.99249720532242,  0.4542580
20240308 12:00, 0.99276000810536,  0.4557099
20240309 12:00, 0.99302349759718,  0.4566615
20240310 12:00, 0.99328743387744,  0.4572902
20240311 12:00, 0.99355169001672,  0.4578046
20240312 12:00, 0.99381625962128,  0.4584071
20240313 12:00, 0.99408124327936,  0.4592610
20240314 12:00, 0.99434681936012,  0.4604709
20240315 12:00, 0.99461320941671,  0.4620830
20240316 12:00, 0.99488064744966,  0.4640969
20240317 12:00, 0.99514935779695,  0.4664822
20240318 12:00, 0.99541954199019,  0.4691922
20240319 12:00, 0.99569137242553,  0.4721738
20240320 12:00, 0.99596499009384,  0.4753720
20240321 12:00, 0.99624050407131,  0.4787313
20240322 12:00, 0.99651799126357,  0.4821956
20240323 12:00, 0.99679749564423,  0.4857068
20240324 12:00, 0.99707902679776,  0.4892037
20240325 12:00, 0.99736255794642,  0.4926215
20240326 12:00, 0.99764802381955,  0.4958918
20240327 12:00, 0.99793531873354,  0.4989432
20240328 12:00, 0.99822429513320,  0.5017023
20240329 12:00, 0.99851476267442,  0.5040944
20240330 12:00, 0.99880648780400,  0.5060447
20240331 12:00, 0.99909919382222,  0.5074789
20240401 12:00, 0.99939256168108,  0.5083250
20240402 12:00, 0.99968623230723,  0.5085172
20240403 12:00, 0.99997981197062,  0.5080028
20240404 12:00, 1.00027288288730,  0.5067534
20240405 12:00, 1.00056502130808,  0.5047794
20240406 12:00, 1.00085582405339,  0.5021435
20240407 12:00, 1.00114494133301,  0.4989679
20240408 12:00, 1.00143210947819,  0.4954260
20240409 12:00, 1.00171717438315,  0.4917186
20240410 12:00, 1.00200009786685,  0.4880407
20240411 12:00, 1.00228094513947,  0.4845512
20240412 12:00, 1.00255985862487,  0.4813574
20240413 12:00, 1.00283702713071,  0.4785137
20240414 12:00, 1.00311265832300,  0.4760332
20240415 12:00, 1.00338695866247,  0.4739011
20240416 12:00, 1.00366012122952,  0.4720875
20240417 12:00, 1.00393231968241,  0.4705561
20240418 12:00, 1.00420370594642,  0.4692685
20240419 12:00, 1.00447440948579,  0.4681852
20240420 12:00, 1.00474453659643,  0.4672652
20240421 12:00, 1.00501416876995,  0.4664633
20240422 12:00, 1.00528335971793,  0.4657281
20240423 12:00, 1.00555213109869,  0.4649997
20240424 12:00, 1.00582046735251,  0.4642090
20240425 12:00, 1.00608831030018,  0.4632777
20240426 12:00, 1.00635555425727,  0.4621199
20240427 12:00, 1.00662204235290,  0.4606448
20240428 12:00, 1.00688756456844,  0.4587598
20240429 12:00, 1.00715185784758,  0.4563744
20240430 12:00, 1.00741460861432,  0.4534051
20240501 12:00, 1.00767545825398,  0.4497805
20240502 12:00, 1.00793401250381,  0.4454500
20240503 12:00, 1.00818985599389,  0.4403931
20240504 12:00, 1.00844257290630,  0.4346304
20240505 12:00, 1.00869177339593,  0.4282321
20240506 12:00, 1.00893712297708,  0.4213190
20240507 12:00, 1.00917836939897,  0.4140525
20240508 12:00, 1.00941536036376,  0.4066131
20240509 12:00, 1.00964804726261,  0.3991750
20240510 12:00, 1.00987647453515,  0.3918833
20240511 12:00, 1.01010075888572,  0.3848422
20240512 12:00, 1.01032106487003,  0.3781138
20240513 12:00, 1.01053758261807,  0.3717261
20240514 12:00, 1.01075051093229,  0.3656831
20240515 12:00, 1.01096004640369,  0.3599746
20240516 12:00, 1.01116637749365,  0.3545835
20240517 12:00, 1.01136968183303,  0.3494897
20240518 12:00, 1.01157012495355,  0.3446715
20240519 12:00, 1.01176785893759,  0.3401036
20240520 12:00, 1.01196301984417,  0.3357552
20240521 12:00, 1.01215572318357,  0.3315855
20240522 12:00, 1.01234605718756,  0.3275401
20240523 12:00, 1.01253407417759,  0.3235487
20240524 12:00, 1.01271978092795,  0.3195241
20240525 12:00, 1.01290312942878,  0.3153643
20240526 12:00, 1.01308400969931,  0.3109577
20240527 12:00, 1.01326224616080,  0.3061902
20240528 12:00, 1.01343759858761,  0.3009535
20240529 12:00, 1.01360976802283,  0.2951538
20240530 12:00, 1.01377840753878,  0.2887201
20240531 12:00, 1.01394313747500,  0.2816113
20240601 12:00, 1.01410356467740,  0.2738227
20240602 12:00, 1.01425930498093,  0.2653906
20240603 12:00, 1.01441000744967,  0.2563936
20240604 12:00, 1.01455537777524,  0.2469479
20240605 12:00, 1.01469519728851,  0.2371969
20240606 12:00, 1.01482933407373,  0.2272948
20240607 12:00, 1.01495774415492,  0.2173890
20240608 12:00, 1.01508046323398,  0.2076061
20240609 12:00, 1.01519759183248,  0.1980433
20240610 12:00, 1.01530927783371,  0.1887677
20240611 12:00, 1.01541570005396,  0.1798203
20240612 12:00, 1.01551705512821,  0.1712230
20240613 12:00, 1.01561354846922,  0.1629854
20240614 12:00, 1.01570538888909,  0.1551105
20240615 12:00, 1.01579278580131,  0.1475977
20240616 12:00, 1.01587594764336,  0.1404440
20240617 12:00, 1.01595508010892,  0.1336426
20240618 12:00, 1.01603038285302,  0.1271787
20240619 12:00, 1.01610204353576,  0.1210244
20240620 12:00, 1.01617022848990,  0.1151328
20240621 12:00, 1.01623507004333,  0.1094324
20240622 12:00, 1.01629665161153,  0.1038253
20240623 12:00, 1.01635499287756,  0.0981896
20240624 12:00, 1.01641003821936,  0.0923883
20240625 12:00, 1.01646165148311,  0.0862820
20240626 12:00, 1.01650961902825,  0.0797442
20240627 12:00, 1.01655366108217,  0.0726743
20240628 12:00, 1.01659344967603,  0.0650072
20240629 12:00, 1.01662863049706,  0.0567171
20240630 12:00, 1.01665884601408,  0.0478184
20240701 12:00, 1.01668375779098,  0.0383621
20240702 12:00, 1.01670306644947,  0.0284314
20240703 12:00, 1.01671652800277,  0.0181336
20240704 12:00, 1.01672396537122,  0.0075913
20240705 12:00, 1.01672527413448, -0.0030682
20240706 12:00, 1.01672042220883, -0.0137233
20240707 12:00, 1.01670944409296, -0.0242662
20240708 12:00, 1.01669243125635, -0.0346079
20240709 12:00, 1.01666952076512, -0.0446794
20240710 12:00, 1.01664088417689, -0.0544297
20240711 12:00, 1.01660671819629, -0.0638220
20240712 12:00, 1.01656723783000, -0.0728290
20240713 12:00, 1.01652267205674, -0.0814290
20240714 12:00, 1.01647326145462, -0.0896032
20240715 12:00, 1.01641925680638, -0.0973353
20240716 12:00, 1.01636091738472, -0.1046127
20240717 12:00, 1.01629850738178, -0.1114318
20240718 12:00, 1.01623228886281, -0.1178051
20240719 12:00, 1.01616250989808, -0.1237702
20240720 12:00, 1.01608938744479, -0.1293984
20240721 12:00, 1.01601308628075, -0.1347992
20240722 12:00, 1.01593369753511, -0.1401167
20240723 12:00, 1.01585122212800, -0.1455163
20240724 12:00, 1.01576556438779, -0.1511632
20240725 12:00, 1.01567653863990, -0.1572003
20240726 12:00, 1.01558388761454, -0.1637305
20240727 12:00, 1.01548730819858, -0.1708092
20240728 12:00, 1.01538647897342, -0.1784452
20240729 12:00, 1.01528108513279, -0.1866082
20240730 12:00, 1.01517083851705, -0.1952378
20240731 12:00, 1.01505549233926, -0.2042526
20240801 12:00, 1.01493485113397, -0.2135574
20240802 12:00, 1.01480877664438, -0.2230503
20240803 12:00, 1.01467719019435, -0.2326278
20240804 12:00, 1.01454007194130, -0.2421904
20240805 12:00, 1.01439745745022, -0.2516464
20240806 12:00, 1.01424943223958, -0.2609147
20240807 12:00, 1.01409612518329, -0.2699264
20240808 12:00, 1.01393770176040, -0.2786235
20240809 12:00, 1.01377435805357, -0.2869575
20240810 12:00, 1.01360631612567, -0.2948864
20240811 12:00, 1.01343382101628, -0.3023723
20240812 12:00, 1.01325713915653, -0.3093788
20240813 12:00, 1.01307655752476, -0.3158713
20240814 12:00, 1.01289238235296, -0.3218183
20240815 12:00, 1.01270493566933, -0.3271977
20240816 12:00, 1.01251454755902, -0.3320057
20240817 12:00, 1.01232154208716, -0.3362691
20240818 12:00, 1.01212621588371, -0.3400580
20240819 12:00, 1.01192881085769, -0.3434920
20240820 12:00, 1.01172948601944, -0.3467366
20240821 12:00, 1.01152829622970, -0.3499828
20240822 12:00, 1.01132518543159, -0.3534182
20240823 12:00, 1.01111999754581, -0.3571973
20240824 12:00, 1.01091250182701, -0.3614222
20240825 12:00, 1.01070242498311, -0.3661387
20240826 12:00, 1.01048948203933, -0.3713433
20240827 12:00, 1.01027340086939, -0.3769973
20240828 12:00, 1.01005393896915, -0.3830389
20240829 12:00, 1.00983089353708, -0.3893937
20240830 12:00, 1.00960410683644, -0.3959809
20240831 12:00, 1.00937346863543, -0.4027172
20240901 12:00, 1.00913891690713, -0.4095193
20240902 12:00, 1.00890043737357, -0.4163054
20240903 12:00, 1.00865806210605, -0.4229971
20240904 12:00, 1.00841186728104, -0.4295203
20240905 12:00, 1.00816197026880, -0.4358065
20240906 12:00, 1.00790852638610, -0.4417928
20240907 12:00, 1.00765172576469, -0.4474213
20240908 12:00, 1.00739179079262, -0.4526380
20240909 12:00, 1.00712897444155, -0.4573907
20240910 12:00, 1.00686355949018, -0.4616282
20240911 12:00, 1.00659585819008, -0.4652998
20240912 12:00, 1.00632621129777, -0.4683582
20240913 12:00, 1.00605498465892, -0.4707653
20240914 12:00, 1.00578256086744, -0.4725033
20240915 12:00, 1.00550932340079, -0.4735897
20240916 12:00, 1.00523563181062, -0.4740920
20240917 12:00, 1.00496178965863, -0.4741370
20240918 12:00, 1.00468801144427, -0.4739039
20240919 12:00, 1.00441439833321, -0.4736005
20240920 12:00, 1.00414093170111, -0.4734276
20240921 12:00, 1.00386748734288, -0.4735454
20240922 12:00, 1.00359386511009, -0.4740552
20240923 12:00, 1.00331982400168, -0.4749984
20240924 12:00, 1.00304511356868, -0.4763689
20240925 12:00, 1.00276949681126, -0.4781288
20240926 12:00, 1.00249276411321, -0.4802232
20240927 12:00, 1.00221474026703, -0.4825892
20240928 12:00, 1.00193528726784, -0.4851613
20240929 12:00, 1.00165430509238, -0.4878736
20240930 12:00, 1.00137173186717, -0.4906599
20241001 12:00, 1.00108754408018, -0.4934535
20241002 12:00, 1.00080175696039, -0.4961869
20241003 12:00, 1.00051442486641, -0.4987922
20241004 12:00, 1.00022564146143, -0.5012014
20241005 12:00, 0.99993553954615, -0.5033470
20241006 12:00, 0.99964429059259, -0.5051625
20241007 12:00, 0.99935210417115, -0.5065825
20241008 12:00, 0.99905922749965, -0.5075420
20241009 12:00, 0.99876594519290, -0.5079764
20241010 12:00, 0.99847257890637, -0.5078224
20241011 12:00, 0.99817948593711, -0.5070207
20241012 12:00, 0.99788705503499, -0.5055232
20241013 12:00, 0.99759569693013, -0.5033041
20241014 12:00, 0.99730582694648, -0.5003761
20241015 12:00, 0.99701783838217, -0.4968050
20241016 12:00, 0.99673206871213, -0.4927185
20241017 12:00, 0.99644876541456, -0.4882978
20241018 12:00, 0.99616806159069, -0.4837521
20241019 12:00, 0.99588997013788, -0.4792822
20241020 12:00, 0.99561439851068, -0.4750482
20241021 12:00, 0.99534117806473, -0.4711523
20241022 12:00, 0.99507009783796, -0.4676402
20241023 12:00, 0.99480093402680, -0.4645134
20241024 12:00, 0.99453347087752, -0.4617450
20241025 12:00, 0.99426751289290, -0.4592935
20241026 12:00, 0.99400289053384, -0.4571117
20241027 12:00, 0.99373946211472, -0.4551509
20241028 12:00, 0.99347711414604, -0.4533620
20241029 12:00, 0.99321576163081, -0.4516952
20241030 12:00, 0.99295534910869, -0.4500978
20241031 12:00, 0.99269585267452, -0.4485130
20241101 12:00, 0.99243728279226, -0.4468784
20241102 12:00, 0.99217968748228, -0.4451264
20241103 12:00, 0.99192315538119, -0.4431842
20241104 12:00, 0.99166781824589, -0.4409754
20241105 12:00, 0.99141385264328, -0.4384215
20241106 12:00, 0.99116148073591, -0.4354434
20241107 12:00, 0.99091097011629, -0.4319632
20241108 12:00, 0.99066263245094, -0.4279068
20241109 12:00, 0.99041682022522, -0.4232078
20241110 12:00, 0.99017392021535, -0.4178153
20241111 12:00, 0.98993434173628, -0.4117043
20241112 12:00, 0.98969849776432, -0.4048895
20241113 12:00, 0.98946677839330, -0.3974370
20241114 12:00, 0.98923951907655, -0.3894696
20241115 12:00, 0.98901696988268, -0.3811575
20241116 12:00, 0.98879927422882, -0.3726950
20241117 12:00, 0.98858646384865, -0.3642693
20241118 12:00, 0.98837847114686, -0.3560334
20241119 12:00, 0.98817515382877, -0.3480920
20241120 12:00, 0.98797632355726, -0.3405009
20241121 12:00, 0.98778177145521, -0.3332774
20241122 12:00, 0.98759128670460, -0.3264131
20241123 12:00, 0.98740466783836, -0.3198858
20241124 12:00, 0.98722172830765, -0.3136670
20241125 12:00, 0.98704229854397, -0.3077267
20241126 12:00, 0.98686622656528, -0.3020340
20241127 12:00, 0.98669337869154, -0.2965561
20241128 12:00, 0.98652364140172, -0.2912555
20241129 12:00, 0.98635692485692, -0.2860872
20241130 12:00, 0.98619316813185, -0.2809957
20241201 12:00, 0.98603234573712, -0.2759136
20241202 12:00, 0.98587447462437, -0.2707615
20241203 12:00, 0.98571962063034, -0.2654500
20241204 12:00, 0.98556790331081, -0.2598832
20241205 12:00, 0.98541949833950, -0.2539635
20241206 12:00, 0.98527463698282, -0.2475969
20241207 12:00, 0.98513360241605, -0.2406986
20241208 12:00, 0.98499672266304, -0.2331992
20241209 12:00, 0.98486435972187, -0.2250518
20241210 12:00, 0.98473689421454, -0.2162402
20241211 12:00, 0.98461470509227, -0.2067877
20241212 12:00, 0.98449814495534, -0.1967629
20241213 12:00, 0.98438751345033, -0.1862798
20241214 12:00, 0.98428303328537, -0.1754885
20241215 12:00, 0.98418483429029, -0.1645569
20241216 12:00, 0.98409294949872, -0.1536487
20241217 12:00, 0.98400732369967, -0.1429030
20241218 12:00, 0.98392783110462, -0.1324240
20241219 12:00, 0.98385429671990, -0.1222786
20241220 12:00, 0.98378651638501, -0.1125020
20241221 12:00, 0.98372427239496, -0.1031075
20241222 12:00, 0.98366734382474, -0.0940944
20241223 12:00, 0.98361551224681, -0.0854555
20241224 12:00, 0.98356856429991, -0.0771810
20241225 12:00, 0.98352629275201, -0.0692595
20241226 12:00, 0.98348849758737, -0.0616770
20241227 12:00, 0.98345498841357, -0.0544134
20241228 12:00, 0.98342558916754, -0.0474384
20241229 12:00, 0.98340014564914, -0.0407059
20241230 12:00, 0.98337853575893, -0.0341502
20241231 12:00, 0.98336068147950, -0.0276843
20250101 12:00, 0.98334656079072, -0.0212020
20250102 12:00, 0.98333621717434, -0.0145841
20250103 12:00, 0.98332976446367, -0.0077080
20250104 12:00, 0.98332738560248, -0.0004588
20250105 12:00, 0.98332932508787,  0.0072602
20250106 12:00, 0.98333587595145,  0.0155191
20250107 12:00, 0.98334736267617,  0.0243560
20250108 12:00, 0.98336412144735,  0.0337730
20250109 12:00, 0.98338647894796,  0.0437350
20250110 12:00, 0.98341473095087,  0.0541704
20250111 12:00, 0.98344912238962,  0.0649758
20250112 12:00, 0.98348983113928,  0.0760242
20250113 12:00, 0.98353695785584,  0.0871774
20250114 12:00, 0.98359052345784,  0.0982998
20250115 12:00, 0.98365047425455,  0.1092704
20250116 12:00, 0.98371669297300,  0.1199908
20250117 12:00, 0.98378901280493,  0.1303878
20250118 12:00, 0.98386723149604,  0.1404113
20250119 12:00, 0.98395112326571,  0.1500290
20250120 12:00, 0.98404044747621,  0.1592208
20250121 12:00, 0.98413495400819,  0.1679731
20250122 12:00, 0.98423438603002,  0.1762757
20250123 12:00, 0.98433848127868,  0.1841202
20250124 12:00, 0.98444697320581,  0.1915005
20250125 12:00, 0.98455959346716,  0.1984171
20250126 12:00, 0.98467607723742,  0.2048830
20250127 12:00, 0.98479617258330,  0.2109313
20250128 12:00, 0.98491965441292,  0.2166230
20250129 12:00, 0.98504634218738,  0.2220516
20250130 12:00, 0.98517611879526,  0.2273424
20250131 12:00, 0.98530894642266,  0.2326426
20250201 12:00, 0.98544487490471,  0.2381054
20250202 12:00, 0.98558403955673,  0.2438704
20250203 12:00, 0.98572664840343,  0.2500475
20250204 12:00, 0.98587296160174,  0.2567063
20250205 12:00, 0.98602326728128,  0.2638742
20250206 12:00, 0.98617785766384,  0.2715389
20250207 12:00, 0.98633700791029,  0.2796546
20250208 12:00, 0.98650095871947,  0.2881489
20250209 12:00, 0.98666990288662,  0.2969295
20250210 12:00, 0.98684397583707,  0.3058912
20250211 12:00, 0.98702325024166,  0.3149231
20250212 12:00, 0.98720773481189,  0.3239158
20250213 12:00, 0.98739737707670,  0.3327678
20250214 12:00, 0.98759206942933,  0.3413902
20250215 12:00, 0.98779165723910,  0.3497093
20250216 12:00, 0.98799594758550,  0.3576660
20250217 12:00, 0.98820471728255,  0.3652140
20250218 12:00, 0.98841771925537,  0.3723164
20250219 12:00, 0.98863468686013,  0.3789418
20250220 12:00, 0.98885533627737,  0.3850616
20250221 12:00, 0.98907936760265,  0.3906486
20250222 12:00, 0.98930646571830,  0.3956778
20250223 12:00, 0.98953630247311,  0.4001299
20250224 12:00, 0.98976854206726,  0.4039992
20250225 12:00, 0.99000285162255,  0.4073036
20250226 12:00, 0.99023891830531,  0.4100964
20250227 12:00, 0.99047647262499,  0.4124753
20250228 12:00, 0.99071531465635,  0.4145827
20250301 12:00, 0.99095533695664,  0.4165932
20250302 12:00, 0.99119653687502,  0.4186904
20250303 12:00, 0.99143901337393,  0.4210382
20250304 12:00, 0.99168294872373,  0.4237583
20250305 12:00, 0.99192858049308,  0.4269199
20250306 12:00, 0.99217617125984,  0.4305415
20250307 12:00, 0.99242598199776,  0.4346010
20250308 12:00, 0.99267825195621,  0.4390472
20250309 12:00, 0.99293318509929,  0.4438107
20250310 12:00, 0.99319094175258,  0.4488108
20250311 12:00, 0.99345163388978,  0.4539613
20250312 12:00, 0.99371532290898,  0.4591740
20250313 12:00, 0.99398201928093,  0.4643612
20250314 12:00, 0.99425168380438,  0.4694388
20250315 12:00, 0.99452423028961,  0.4743287
20250316 12:00, 0.99479952937322,  0.4789597
20250317 12:00, 0.99507741297375,  0.4832688
20250318 12:00, 0.99535767876229,  0.4872003
20250319 12:00, 0.99564009402584,  0.4907043
20250320 12:00, 0.99592439846598,  0.4937348
20250321 12:00, 0.99621030578436,  0.4962476
20250322 12:00, 0.99649750433698,  0.4981991
20250323 12:00, 0.99678565768633,  0.4995473
20250324 12:00, 0.99707440653218,  0.5002560
20250325 12:00, 0.99736337416804,  0.5003030
20250326 12:00, 0.99765217799865,  0.4996925
20250327 12:00, 0.99794044917903,  0.4984703
20250328 12:00, 0.99822786038036,  0.4967358
20250329 12:00, 0.99851415787952,  0.4946435
20250330 12:00, 0.99879918997556,  0.4923882
20250331 12:00, 0.99908292214103,  0.4901751
20250401 12:00, 0.99936543275900,  0.4881845
20250402 12:00, 0.99964689064120,  0.4865462
20250403 12:00, 0.99992752214416,  0.4853296
20250404 12:00, 1.00020757760646,  0.4845502
20250405 12:00, 1.00048730405676,  0.4841837
20250406 12:00, 1.00076692668446,  0.4841811
20250407 12:00, 1.00104663816376,  0.4844804
20250408 12:00, 1.00132659345960,  0.4850139
20250409 12:00, 1.00160690774942,  0.4857119
20250410 12:00, 1.00188765577183,  0.4865042
20250411 12:00, 1.00216887168873,  0.4873205
20250412 12:00, 1.00245054914697,  0.4880908
20250413 12:00, 1.00273264156612,  0.4887460
20250414 12:00, 1.00301506277827,  0.4892183
20250415 12:00, 1.00329768806849,  0.4894420
20250416 12:00, 1.00358035550377,  0.4893539
20250417 12:00, 1.00386286729240,  0.4888930
20250418 12:00, 1.00414499087058,  0.4879997
20250419 12:00, 1.00442645953142,  0.4866153
20250420 12:00, 1.00470697272973,  0.4846814
20250421 12:00, 1.00498619673316,  0.4821419
20250422 12:00, 1.00526376702367,  0.4789475
20250423 12:00, 1.00553929465236,  0.4750648
20250424 12:00, 1.00581237924344,  0.4704902
20250425 12:00, 1.00608263083050,  0.4652660
20250426 12:00, 1.00634970037136,  0.4594930
20250427 12:00, 1.00661331452131,  0.4533313
20250428 12:00, 1.00687330576222,  0.4469828
20250429 12:00, 1.00712962770229,  0.4406587
20250430 12:00, 1.00738234968400,  0.4345432
20250501 12:00, 1.00763163293793,  0.4287676
20250502 12:00, 1.00787769712078,  0.4234030
20250503 12:00, 1.00812078732131,  0.4184685
20250504 12:00, 1.00836114819918,  0.4139464
20250505 12:00, 1.00859900723492,  0.4097972
20250506 12:00, 1.00883456576803,  0.4059712
20250507 12:00, 1.00906799520788,  0.4024153
20250508 12:00, 1.00929943590283,  0.3990753
20250509 12:00, 1.00952899684475,  0.3958967
20250510 12:00, 1.00975675515833,  0.3928235
20250511 12:00, 1.00998275495952,  0.3897971
20250512 12:00, 1.01020700560957,  0.3867557
20250513 12:00, 1.01042947964312,  0.3836336
20250514 12:00, 1.01065011072736,  0.3803620
20250515 12:00, 1.01086879194895,  0.3768693
20250516 12:00, 1.01108537458340,  0.3730825
20250517 12:00, 1.01129966736776,  0.3689274
20250518 12:00, 1.01151143627227,  0.3643302
20250519 12:00, 1.01172040494466,  0.3592187
20250520 12:00, 1.01192625643402,  0.3535251
20250521 12:00, 1.01212863746072,  0.3471926
20250522 12:00, 1.01232716719690,  0.3401847
20250523 12:00, 1.01252145282482,  0.3324988
20250524 12:00, 1.01271111335835,  0.3241807
20250525 12:00, 1.01289581072580,  0.3153340
20250526 12:00, 1.01307528317323,  0.3061176
20250527 12:00, 1.01324937254115,  0.2967269
20250528 12:00, 1.01341803679770,  0.2873631
20250529 12:00, 1.01358134376665,  0.2782007
20250530 12:00, 1.01373944902024,  0.2693666
20250531 12:00, 1.01389256599799,  0.2609348
20250601 12:00, 1.01404093693018,  0.2529330
20250602 12:00, 1.01418481006891,  0.2453566
20250603 12:00, 1.01432442483185,  0.2381816
20250604 12:00, 1.01446000373810,  0.2313748
20250605 12:00, 1.01459174889313,  0.2248994
20250606 12:00, 1.01471984077256,  0.2187174
20250607 12:00, 1.01484443754831,  0.2127894
20250608 12:00, 1.01496567380536,  0.2070727
20250609 12:00, 1.01508365805338,  0.2015194
20250610 12:00, 1.01519846891017,  0.1960735
20250611 12:00, 1.01531015022356,  0.1906704
20250612 12:00, 1.01541870568774,  0.1852359
20250613 12:00, 1.01552409366843,  0.1796874
20250614 12:00, 1.01562622295550,  0.1739362
20250615 12:00, 1.01572495003871,  0.1678904
20250616 12:00, 1.01582007834226,  0.1614589
20250617 12:00, 1.01591135978995,  0.1545554
20250618 12:00, 1.01599849920964,  0.1471041
20250619 12:00, 1.01608116241767,  0.1390470
20250620 12:00, 1.01615898915448,  0.1303535
20250621 12:00, 1.01623161196395,  0.1210312
20250622 12:00, 1.01629868112223,  0.1111352
20250623 12:00, 1.01635989359522,  0.1007719
20250624 12:00, 1.01641502129450,  0.0900922
20250625 12:00, 1.01646393213947,  0.0792740
20250626 12:00, 1.01650659830440,  0.0684960
20250627 12:00, 1.01654308980306,  0.0579148
20250628 12:00, 1.01657355635591,  0.0476483
20250629 12:00, 1.01659820360266,  0.0377723
20250630 12:00, 1.01661726984114,  0.0283256
20250701 12:00, 1.01663100734919,  0.0193196
20250702 12:00, 1.01663966967057,  0.0107488
20250703 12:00, 1.01664350425485,  0.0025987
20250704 12:00, 1.01664274886405, -0.0051492
20250705 12:00, 1.01663762995107, -0.0125154
20250706 12:00, 1.01662836140879, -0.0195232
20250707 12:00, 1.01661514243198, -0.0262007
20250708 12:00, 1.01659815362818, -0.0325848
20250709 12:00, 1.01657755096000, -0.0387246
20250710 12:00, 1.01655345762711, -0.0446849
20250711 12:00, 1.01652595458557, -0.0505472
20250712 12:00, 1.01649507095715, -0.0564089
20250713 12:00, 1.01646077593618, -0.0623794
20250714 12:00, 1.01642297380099, -0.0685728
20250715 12:00, 1.01638150325459, -0.0751006
20250716 12:00, 1.01633614170916, -0.0820622
20250717 12:00, 1.01628661455436, -0.0895368
20250718 12:00, 1.01623260910509, -0.0975760
20250719 12:00, 1.01617379277775, -0.1061960
20250720 12:00, 1.01610983483275, -0.1153735
20250721 12:00, 1.01604043043407, -0.1250421
20250722 12:00, 1.01596532474753, -0.1350959
20250723 12:00, 1.01588433373438, -0.1453978
20250724 12:00, 1.01579735797368, -0.1557946
20250725 12:00, 1.01570438690409, -0.1661348
20250726 12:00, 1.01560549317881, -0.1762840
20250727 12:00, 1.01550081937337, -0.1861355
20250728 12:00, 1.01539056086801, -0.1956131
20250729 12:00, 1.01527494878193, -0.2046684
20250730 12:00, 1.01515423570251, -0.2132743
20250731 12:00, 1.01502868540799, -0.2214179
20250801 12:00, 1.01489856647365, -0.2290947
20250802 12:00, 1.01476414883432, -0.2363041
20250803 12:00, 1.01462570199520, -0.2430480
20250804 12:00, 1.01448349347564, -0.2493318
20250805 12:00, 1.01433778610738, -0.2551670
20250806 12:00, 1.01418883296247, -0.2605767
20250807 12:00, 1.01403686902501, -0.2656016
20250808 12:00, 1.01388209936404, -0.2703055
20250809 12:00, 1.01372468456898, -0.2747788
20250810 12:00, 1.01356472543578, -0.2791375
20250811 12:00, 1.01340224992231, -0.2835163
20250812 12:00, 1.01323720565263, -0.2880562
20250813 12:00, 1.01306946037917, -0.2928903
20250814 12:00, 1.01289881102597, -0.2981287
20250815 12:00, 1.01272500000940, -0.3038485
20250816 12:00, 1.01254773629605, -0.3100880
20250817 12:00, 1.01236671843770, -0.3168452
20250818 12:00, 1.01218165731421, -0.3240799
20250819 12:00, 1.01199229693575, -0.3317184
20250820 12:00, 1.01179843200952, -0.3396601
20250821 12:00, 1.01159992106841, -0.3477863
20250822 12:00, 1.01139669409555, -0.3559701
20250823 12:00, 1.01118875406671, -0.3640873
20250824 12:00, 1.01097617271786, -0.3720252
20250825 12:00, 1.01075908184538, -0.3796892
20250826 12:00, 1.01053766214609, -0.3870048
20250827 12:00, 1.01031213173456, -0.3939165
20250828 12:00, 1.01008273605758, -0.4003843
20250829 12:00, 1.00984974020034, -0.4063794
20250830 12:00, 1.00961342381694, -0.4118796
20250831 12:00, 1.00937407828523, -0.4168662
20250901 12:00, 1.00913200521649, -0.4213223
20250902 12:00, 1.00888751510012, -0.4252343
20250903 12:00, 1.00864092459001, -0.4285955
20250904 12:00, 1.00839255078047, -0.4314124
20250905 12:00, 1.00814270094232, -0.4337141
20250906 12:00, 1.00789165687956, -0.4355611
20250907 12:00, 1.00763965457603, -0.4370521
20250908 12:00, 1.00738686202084, -0.4383230
20250909 12:00, 1.00713336022671, -0.4395365
20250910 12:00, 1.00687913311875, -0.4408623
20250911 12:00, 1.00662407015873, -0.4424541
20250912 12:00, 1.00636798175221, -0.4444292
20250913 12:00, 1.00611062364372, -0.4468586
20250914 12:00, 1.00585172465206, -0.4497653
20250915 12:00, 1.00559101274519, -0.4531305
20250916 12:00, 1.00532823654914, -0.4569030
20250917 12:00, 1.00506318147315, -0.4610081
20250918 12:00, 1.00479568087256, -0.4653557
20250919 12:00, 1.00452562301892, -0.4698467
20250920 12:00, 1.00425295449449, -0.4743792
20250921 12:00, 1.00397768040841, -0.4788534
20250922 12:00, 1.00369986179391, -0.4831759
20250923 12:00, 1.00341961072279, -0.4872638
20250924 12:00, 1.00313708393645, -0.4910457
20250925 12:00, 1.00285247597471, -0.4944618
20250926 12:00, 1.00256601277417, -0.4974627
20250927 12:00, 1.00227794649472, -0.5000066
20250928 12:00, 1.00198855197382, -0.5020563
20250929 12:00, 1.00169812477465, -0.5035769
20250930 12:00, 1.00140698032437, -0.5045345
20251001 12:00, 1.00111545313205, -0.5048974
20251002 12:00, 1.00082389453430, -0.5046399
20251003 12:00, 1.00053266692047, -0.5037511
20251004 12:00, 1.00024213220467, -0.5022459
20251005 12:00, 0.99995263293805, -0.5001784
20251006 12:00, 0.99966446644409, -0.4976521
20251007 12:00, 0.99937785573418, -0.4948199
20251008 12:00, 0.99909292445316, -0.4918693
20251009 12:00, 0.99880968423054, -0.4889953
20251010 12:00, 0.99852803967862, -0.4863686
20251011 12:00, 0.99824780992920, -0.4841116
20251012 12:00, 0.99796875986366, -0.4822896
20251013 12:00, 0.99769063240218, -0.4809150
20251014 12:00, 0.99741317546459, -0.4799605
20251015 12:00, 0.99713616106513, -0.4793721
20251016 12:00, 0.99685939707532, -0.4790810
20251017 12:00, 0.99658273359779, -0.4790109
20251018 12:00, 0.99630606596135, -0.4790820
20251019 12:00, 0.99602933577042, -0.4792142
20251020 12:00, 0.99575253076884, -0.4793281
20251021 12:00, 0.99547568379598, -0.4793470
20251022 12:00, 0.99519887090641, -0.4791983
20251023 12:00, 0.99492220874888, -0.4788142
20251024 12:00, 0.99464585145399, -0.4781327
20251025 12:00, 0.99436998743928, -0.4770970
20251026 12:00, 0.99409483661084, -0.4756545
20251027 12:00, 0.99382064836708, -0.4737555
20251028 12:00, 0.99354770057546, -0.4713508
20251029 12:00, 0.99327629929566, -0.4683919
20251030 12:00, 0.99300677845844, -0.4648314
20251031 12:00, 0.99273949799278, -0.4606277
20251101 12:00, 0.99247483813339, -0.4557539
20251102 12:00, 0.99221318717715, -0.4502116
20251103 12:00, 0.99195492046763, -0.4440467
20251104 12:00, 0.99170037069009, -0.4373624
20251105 12:00, 0.99144979381339, -0.4303200
20251106 12:00, 0.99120333956277, -0.4231217
20251107 12:00, 0.99096103671875, -0.4159777
20251108 12:00, 0.99072279926842, -0.4090698
20251109 12:00, 0.99048845121221, -0.4025251
20251110 12:00, 0.99025776103098, -0.3964089
20251111 12:00, 0.99003047549892, -0.3907334
20251112 12:00, 0.98980634605035, -0.3854732
20251113 12:00, 0.98958514575135, -0.3805811
20251114 12:00, 0.98936667831275, -0.3759995
20251115 12:00, 0.98915078185436, -0.3716677
20251116 12:00, 0.98893732995486, -0.3675240
20251117 12:00, 0.98872623174784, -0.3635068
20251118 12:00, 0.98851743200136, -0.3595542
20251119 12:00, 0.98831091147964, -0.3556035
20251120 12:00, 0.98810668749327, -0.3515908
20251121 12:00, 0.98790481438609, -0.3474519
20251122 12:00, 0.98770538373903, -0.3431221
20251123 12:00, 0.98750852422339, -0.3385377
20251124 12:00, 0.98731440121778, -0.3336353
20251125 12:00, 0.98712321641631, -0.3283525
20251126 12:00, 0.98693520761377, -0.3226267
20251127 12:00, 0.98675064859184, -0.3163959
20251128 12:00, 0.98656984851659, -0.3096002
20251129 12:00, 0.98639314950858, -0.3021865
20251130 12:00, 0.98622092020541, -0.2941179
20251201 12:00, 0.98605354259610, -0.2853877
20251202 12:00, 0.98589138990396, -0.2760357
20251203 12:00, 0.98573479567758, -0.2661610
20251204 12:00, 0.98558401861349, -0.2559222
20251205 12:00, 0.98543921216936, -0.2455207
20251206 12:00, 0.98530040921319, -0.2351665
20251207 12:00, 0.98516752742177, -0.2250429
20251208 12:00, 0.98504039291909, -0.2152810
20251209 12:00, 0.98491877314557, -0.2059533
20251210 12:00, 0.98480240892423, -0.1970817
20251211 12:00, 0.98469103924927, -0.1886534
20251212 12:00, 0.98458441700139, -0.1806353
20251213 12:00, 0.98448231701548, -0.1729859
20251214 12:00, 0.98438453915568, -0.1656608
20251215 12:00, 0.98429090893958, -0.1586155
20251216 12:00, 0.98420127758385, -0.1518055
20251217 12:00, 0.98411552259686, -0.1451840
20251218 12:00, 0.98403354940850, -0.1387006
20251219 12:00, 0.98395529404208, -0.1322997
20251220 12:00, 0.98388072649779, -0.1259192
20251221 12:00, 0.98380985433689, -0.1194911
20251222 12:00, 0.98374272593578, -0.1129423
20251223 12:00, 0.98367943299901, -0.1061962
20251224 12:00, 0.98362011211013, -0.0991743
20251225 12:00, 0.98356494524148, -0.0917983
20251226 12:00, 0.98351415911051, -0.0839919
20251227 12:00, 0.98346802296750, -0.0756847
20251228 12:00, 0.98342684383321, -0.0668177
20251229 12:00, 0.98339095754600, -0.0573519
20251230 12:00, 0.98336071363432, -0.0472810
20251231 12:00, 0.98333645264221, -0.0366446
20260101 12:00, 0.98331847668466, -0.0255369
20260102 12:00, 0.98330701752809, -0.0141059
20260103 12:00, 0.98330220977200, -0.0025362
20260104 12:00, 0.98330407715863,  0.0089782
20260105 12:00, 0.98331253623553,  0.0202645
20260106 12:00, 0.98332741527313,  0.0311923
20260107 12:00, 0.98334848138246,  0.0416802
20260108 12:00, 0.98337546781910,  0.0516907
20260109 12:00, 0.98340809595324,  0.0612179
20260110 12:00, 0.98344608994297,  0.0702754
20260111 12:00, 0.98348918483513,  0.0788861
20260112 12:00, 0.98353713007681,  0.0870763
20260113 12:00, 0.98358969060344,  0.0948730
20260114 12:00, 0.98364664732456,  0.1023048
20260115 12:00, 0.98370779832924,  0.1094032
20260116 12:00, 0.98377296163075,  0.1162061
20260117 12:00, 0.98384197978488,  0.1227611
20260118 12:00, 0.98391472623058,  0.1291279
20260119 12:00, 0.98399111273154,  0.1353795
20260120 12:00, 0.98407109691626,  0.1416015
20260121 12:00, 0.98415468873033,  0.1478889
20260122 12:00, 0.98424195469975,  0.1543416
20260123 12:00, 0.98433301921908,  0.1610591
20260124 12:00, 0.98442806245995,  0.1681342
20260125 12:00, 0.98452731473026,  0.1756465
20260126 12:00, 0.98463104708279,  0.1836563
20260127 12:00, 0.98473955776355,  0.1921962
20260128 12:00, 0.98485315403323,  0.2012634
20260129 12:00, 0.98497212943097,  0.2108122
20260130 12:00, 0.98509673795217,  0.2207515
20260131 12:00, 0.98522716859125,  0.2309489
20260201 12:00, 0.98536352522770,  0.2412449
20260202 12:00, 0.98550581660045,  0.2514732
20260203 12:00, 0.98565395861373,  0.2614819
20260204 12:00, 0.98580778748906,  0.2711490
20260205 12:00, 0.98596707931044,  0.2803884
20260206 12:00, 0.98613157069265,  0.2891485
20260207 12:00, 0.98630097652017,  0.2974043
20260208 12:00, 0.98647500280999,  0.3051486
20260209 12:00, 0.98665335462884,  0.3123841
20260210 12:00, 0.98683574014284,  0.3191183
20260211 12:00, 0.98702187234163,  0.3253603
20260212 12:00, 0.98721147002204,  0.3311211
20260213 12:00, 0.98740425946754,  0.3364162
20260214 12:00, 0.98759997801833,  0.3412692
20260215 12:00, 0.98779838037485,  0.3457176
20260216 12:00, 0.98799924793461,  0.3498171
20260217 12:00, 0.98820240067624,  0.3536459
20260218 12:00, 0.98840771015742,  0.3573041
20260219 12:00, 0.98861511135871,  0.3609101
20260220 12:00, 0.98882461077771,  0.3645916
20260221 12:00, 0.98903628863979,  0.3684740
20260222 12:00, 0.98925029425232,  0.3726692
20260223 12:00, 0.98946683489978,  0.3772648
20260224 12:00, 0.98968615966945,  0.3823169
20260225 12:00, 0.98990853992468,  0.3878460
20260226 12:00, 0.99013424798433,  0.3938348
20260227 12:00, 0.99036353536903,  0.4002288
20260228 12:00, 0.99059661208607,  0.4069396
20260301 12:00, 0.99083362882335,  0.4138518
20260302 12:00, 0.99107466420535,  0.4208331
20260303 12:00, 0.99131971892817,  0.4277482
20260304 12:00, 0.99156871743863,  0.4344704
20260305 12:00, 0.99182151620669,  0.4408921
20260306 12:00, 0.99207791626441,  0.4469294
20260307 12:00, 0.99233767712954,  0.4525221
20260308 12:00, 0.99260052959583,  0.4576301
20260309 12:00, 0.99286618581425,  0.4622279
20260310 12:00, 0.99313434614372,  0.4662994
20260311 12:00, 0.99340470310177,  0.4698330
20260312 12:00, 0.99367694330683,  0.4728195
20260313 12:00, 0.99395074863576,  0.4752520
20260314 12:00, 0.99422579801896,  0.4771278
20260315 12:00, 0.99450177139220,  0.4784540
20260316 12:00, 0.99477835724213,  0.4792545
20260317 12:00, 0.99505526472660,  0.4795785
20260318 12:00, 0.99533224030091,  0.4795067
20260319 12:00, 0.99560908710538,  0.4791544
20260320 12:00, 0.99588568349253,  0.4786653
20260321 12:00, 0.99616199594009,  0.4781978
20260322 12:00, 0.99643808219363,  0.4779062
20260323 12:00, 0.99671408297033,  0.4779207
20260324 12:00, 0.99699020383552,  0.4783339
20260325 12:00, 0.99726669125023,  0.4791945
20260326 12:00, 0.99754380728383,  0.4805084
20260327 12:00, 0.99782180638171,  0.4822445
20260328 12:00, 0.99810091593691,  0.4843416
20260329 12:00, 0.99838132116286,  0.4867159
20260330 12:00, 0.99866315421690,  0.4892686
20260331 12:00, 0.99894648747596,  0.4918929
20260401 12:00, 0.99923133092374,  0.4944806
20260402 12:00, 0.99951763348338,  0.4969293
20260403 12:00, 0.99980528776470,  0.4991473
20260404 12:00, 1.00009413724503,  0.5010564
20260405 12:00, 1.00038398458963,  0.5025934
20260406 12:00, 1.00067459979166,  0.5037081
20260407 12:00, 1.00096572707498,  0.5043608
20260408 12:00, 1.00125708995305,  0.5045189
20260409 12:00, 1.00154839434834,  0.5041536
20260410 12:00, 1.00183933017275,  0.5032382
20260411 12:00, 1.00212957223665,  0.5017472
20260412 12:00, 1.00241878181154,  0.4996599
20260413 12:00, 1.00270661059756,  0.4969652
20260414 12:00, 1.00299270909782,  0.4936717
20260415 12:00, 1.00327674114252,  0.4898190
20260416 12:00, 1.00355840507092,  0.4854885
20260417 12:00, 1.00383745960936,  0.4808079
20260418 12:00, 1.00411374932347,  0.4759445
20260419 12:00, 1.00438722236313,  0.4710854
20260420 12:00, 1.00465793408535,  0.4664100
20260421 12:00, 1.00492603449129,  0.4620629
20260422 12:00, 1.00519174304192,  0.4581383
20260423 12:00, 1.00545531798872,  0.4546770
20260424 12:00, 1.00571702724654,  0.4516735
20260425 12:00, 1.00597712509946,  0.4490880
20260426 12:00, 1.00623583587910,  0.4468584
20260427 12:00, 1.00649334369171,  0.4449089
20260428 12:00, 1.00674978656731,  0.4431564
20260429 12:00, 1.00700525360076,  0.4415152
20260430 12:00, 1.00725978417392,  0.4398994
20260501 12:00, 1.00751336879994,  0.4382260
20260502 12:00, 1.00776595134752,  0.4364168
20260503 12:00, 1.00801743239130,  0.4344003
20260504 12:00, 1.00826767329419,  0.4321122
20260505 12:00, 1.00851650048492,  0.4294958
20260506 12:00, 1.00876370934762,  0.4265000
20260507 12:00, 1.00900906723574,  0.4230785
20260508 12:00, 1.00925231536272,  0.4191868
20260509 12:00, 1.00949316969081,  0.4147818
20260510 12:00, 1.00973132143162,  0.4098212
20260511 12:00, 1.00996643838170,  0.4042668
20260512 12:00, 1.01019816899163,  0.3980914
20260513 12:00, 1.01042615159671,  0.3912895
20260514 12:00, 1.01065003114495,  0.3838919
20260515 12:00, 1.01086948433684,  0.3759796
20260516 12:00, 1.01108425087885,  0.3676898
20260517 12:00, 1.01129416427254,  0.3592072
20260518 12:00, 1.01149917270263,  0.3507389
20260519 12:00, 1.01169934210352,  0.3424797
20260520 12:00, 1.01189483974936,  0.3345816
20260521 12:00, 1.01208590411255,  0.3271381
20260522 12:00, 1.01227281056835,  0.3201849
20260523 12:00, 1.01245584124730,  0.3137120
20260524 12:00, 1.01263526316795,  0.3076796
20260525 12:00, 1.01281131482109,  0.3020307
20260526 12:00, 1.01298419920421,  0.2967005
20260527 12:00, 1.01315408084030,  0.2916211
20260528 12:00, 1.01332108480259,  0.2867239
20260529 12:00, 1.01348529653329,  0.2819404
20260530 12:00, 1.01364676191560,  0.2772022
20260531 12:00, 1.01380548749534,  0.2724415
20260601 12:00, 1.01396144094033,  0.2675915
20260602 12:00, 1.01411455181995,  0.2625872
20260603 12:00, 1.01426471266573,  0.2573654
20260604 12:00, 1.01441178012852,  0.2518650
20260605 12:00, 1.01455557596768,  0.2460262
20260606 12:00, 1.01469588766453,  0.2397899
20260607 12:00, 1.01483246869371,  0.2330975
20260608 12:00, 1.01496503894208,  0.2258917
20260609 12:00, 1.01509328643174,  0.2181202
20260610 12:00, 1.01521687229455,  0.2097440
20260611 12:00, 1.01533544157733,  0.2007488
20260612 12:00, 1.01544864233149,  0.1911620
20260613 12:00, 1.01555615373658,  0.1810660
20260614 12:00, 1.01565772029217,  0.1706041
20260615 12:00, 1.01575318445303,  0.1599688
20260616 12:00, 1.01584250748202,  0.1493732
20260617 12:00, 1.01592577081066,  0.1390143
20260618 12:00, 1.01600315749051,  0.1290432
20260619 12:00, 1.01607492086864,  0.1195516
20260620 12:00, 1.01614135067632,  0.1105755
20260621 12:00, 1.01620274452509,  0.1021089
20260622 12:00, 1.01625938822553,  0.0941193
20260623 12:00, 1.01631154448474,  0.0865610
20260624 12:00, 1.01635944763921,  0.0793824
20260625 12:00, 1.01640330180868,  0.0725308
20260626 12:00, 1.01644328040990,  0.0659527
20260627 12:00, 1.01647952573453,  0.0595936
20260628 12:00, 1.01651214797741,  0.0533966
20260629 12:00, 1.01654122360416,  0.0473016
20260630 12:00, 1.01656679326166,  0.0412447
20260701 12:00, 1.01658885957396,  0.0351583
20260702 12:00, 1.01660738515543,  0.0289715
20260703 12:00, 1.01662229105957,  0.0226113
20260704 12:00, 1.01663345574269,  0.0160035
20260705 12:00, 1.01664071455524,  0.0090732
20260706 12:00, 1.01664385987925,  0.0017467
20260707 12:00, 1.01664264237937, -0.0060460
20260708 12:00, 1.01663677442935, -0.0143665
20260709 12:00, 1.01662593748390, -0.0232585
20260710 12:00, 1.01660979563263, -0.0327359
20260711 12:00, 1.01658801716869, -0.0427680
20260712 12:00, 1.01656030403617, -0.0532677
20260713 12:00, 1.01652642539796, -0.0640902
20260714 12:00, 1.01648624767970, -0.0750472
20260715 12:00, 1.01643975207830, -0.0859351
20260716 12:00, 1.01638703377427, -0.0965679
20260717 12:00, 1.01632828379482, -0.1068028
20260718 12:00, 1.01626376050664, -0.1165498
20260719 12:00, 1.01619375959971, -0.1257679
20260720 12:00, 1.01611858914900, -0.1344530
20260721 12:00, 1.01603855243542, -0.1426238
20260722 12:00, 1.01595393804579, -0.1503108
20260723 12:00, 1.01586501520863, -0.1575497
20260724 12:00, 1.01577203204923, -0.1643776
20260725 12:00, 1.01567521483881, -0.1708333
20260726 12:00, 1.01557476690369, -0.1769577
20260727 12:00, 1.01547086643556, -0.1827973
20260728 12:00, 1.01536366294428, -0.1884055
20260729 12:00, 1.01525327251547, -0.1938446
20260730 12:00, 1.01513977236617, -0.1991870
20260731 12:00, 1.01502319540099, -0.2045136
20260801 12:00, 1.01490352552547, -0.2099126
20260802 12:00, 1.01478069437879, -0.2154763
20260803 12:00, 1.01465457997654, -0.2212975
20260804 12:00, 1.01452500763461, -0.2274651
20260805 12:00, 1.01439175360397, -0.2340591
20260806 12:00, 1.01425455212404, -0.2411437
20260807 12:00, 1.01411310696481, -0.2487586
20260808 12:00, 1.01396710862437, -0.2569083
20260809 12:00, 1.01381625767902, -0.2655518
20260810 12:00, 1.01366029298274, -0.2745971
20260811 12:00, 1.01349902076007, -0.2839046
20260812 12:00, 1.01333233840700, -0.2933016
20260813 12:00, 1.01316024680238, -0.3026068
20260814 12:00, 1.01298284797056, -0.3116551
20260815 12:00, 1.01280032972402, -0.3203167
20260816 12:00, 1.01261294275226, -0.3285040
20260817 12:00, 1.01242097661532, -0.3361688
20260818 12:00, 1.01222473945453, -0.3432932
20260819 12:00, 1.01202454354392, -0.3498791
20260820 12:00, 1.01182069653769, -0.3559393
20260821 12:00, 1.01161349700422, -0.3614918
20260822 12:00, 1.01140323244403, -0.3665567
20260823 12:00, 1.01119017809816, -0.3711566
20260824 12:00, 1.01097459516830, -0.3753180
20260825 12:00, 1.01075672745231, -0.3790751
20260826 12:00, 1.01053679583187, -0.3824739
20260827 12:00, 1.01031499056205, -0.3855750
20260828 12:00, 1.01009146190895, -0.3884562
20260829 12:00, 1.00986631028274, -0.3912122
20260830 12:00, 1.00963957745598, -0.3939506
20260831 12:00, 1.00941124056010, -0.3967863
20260901 12:00, 1.00918121023726, -0.3998332
20260902 12:00, 1.00894933370644, -0.4031956
20260903 12:00, 1.00871540285042, -0.4069595
20260904 12:00, 1.00847916699956, -0.4111851
20260905 12:00, 1.00824034992976, -0.4158996
20260906 12:00, 1.00799867048837, -0.4210920
20260907 12:00, 1.00775386587061, -0.4267095
20260908 12:00, 1.00750571569680, -0.4326586
20260909 12:00, 1.00725406392473, -0.4388118
20260910 12:00, 1.00699883496768, -0.4450205
20260911 12:00, 1.00674004094276, -0.4511325
20260912 12:00, 1.00647777892409, -0.4570084
20260913 12:00, 1.00621221966720, -0.4625340
20260914 12:00, 1.00594359126247, -0.4676252
20260915 12:00, 1.00567216172510, -0.4722271
20260916 12:00, 1.00539822370125, -0.4763082
20260917 12:00, 1.00512208297219, -0.4798533
20260918 12:00, 1.00484405100802, -0.4828570
20260919 12:00, 1.00456444084369, -0.4853186
20260920 12:00, 1.00428356504606, -0.4872403
20260921 12:00, 1.00400173436078, -0.4886264
20260922 12:00, 1.00371925562089, -0.4894866
20260923 12:00, 1.00343642760380, -0.4898402
20260924 12:00, 1.00315353378709, -0.4897219
20260925 12:00, 1.00287083149540, -0.4891885
20260926 12:00, 1.00258853785133, -0.4883230
20260927 12:00, 1.00230681417782, -0.4872351
20260928 12:00, 1.00202575169829, -0.4860565
20260929 12:00, 1.00174536194958, -0.4849294
20260930 12:00, 1.00146557476096, -0.4839918
20261001 12:00, 1.00118624498354, -0.4833630
20261002 12:00, 1.00090716707779, -0.4831313
20261003 12:00, 1.00062809512492, -0.4833475
20261004 12:00, 1.00034876536307, -0.4840227
20261005 12:00, 1.00006891879077, -0.4851297
20261006 12:00, 0.99978832212384, -0.4866074
20261007 12:00, 0.99950678590410, -0.4883664
20261008 12:00, 0.99922417870313, -0.4902965
20261009 12:00, 0.99894043638696, -0.4922766
20261010 12:00, 0.99865556567335, -0.4941841
20261011 12:00, 0.99836964190501, -0.4959054
20261012 12:00, 0.99808280192561, -0.4973421
20261013 12:00, 0.99779523378886, -0.4984154
20261014 12:00, 0.99750716539899, -0.4990660
20261015 12:00, 0.99721885397204, -0.4992511
20261016 12:00, 0.99693057758798, -0.4989404
20261017 12:00, 0.99664262934548, -0.4981115
20261018 12:00, 0.99635531394883, -0.4967461
20261019 12:00, 0.99606894602954, -0.4948279
20261020 12:00, 0.99578384911031, -0.4923426
20261021 12:00, 0.99550035380380, -0.4892807
20261022 12:00, 0.99521879360251, -0.4856429
20261023 12:00, 0.99493949658000, -0.4814488
20261024 12:00, 0.99466277175140, -0.4767465
20261025 12:00, 0.99438889005258, -0.4716208
20261026 12:00, 0.99411806198219, -0.4661958
20261027 12:00, 0.99385041636459, -0.4606282
20261028 12:00, 0.99358598613036, -0.4550899
20261029 12:00, 0.99332470609338, -0.4497448
20261030 12:00, 0.99306642426413, -0.4447262
20261031 12:00, 0.99281092394128, -0.4401234
20261101 12:00, 0.99255795103756, -0.4359769
20261102 12:00, 0.99230724100636, -0.4322835
20261103 12:00, 0.99205854165926, -0.4290053
20261104 12:00, 0.99181163052636, -0.4260789
20261105 12:00, 0.99156632703946, -0.4234237
20261106 12:00, 0.99132250042659, -0.4209489
20261107 12:00, 0.99108007411510, -0.4185585
20261108 12:00, 0.99083902712718, -0.4161567
20261109 12:00, 0.99059939276209, -0.4136520
20261110 12:00, 0.99036125491769, -0.4109613
20261111 12:00, 0.99012474263942, -0.4080117
20261112 12:00, 0.98989002373435, -0.4047417
20261113 12:00, 0.98965729839775, -0.4011004
20261114 12:00, 0.98942679370602, -0.3970452
20261115 12:00, 0.98919875955397, -0.3925393
20261116 12:00, 0.98897346622471, -0.3875485
20261117 12:00, 0.98875120333027, -0.3820397
20261118 12:00, 0.98853227936625, -0.3759808
20261119 12:00, 0.98831702057624, -0.3693433
20261120 12:00, 0.98810576725455, -0.3621084
20261121 12:00, 0.98789886520375, -0.3542779
20261122 12:00, 0.98769665022301, -0.3458869
20261123 12:00, 0.98749942484931, -0.3370172
20261124 12:00, 0.98730742949755, -0.3278022
20261125 12:00, 0.98712081400783, -0.3184195
20261126 12:00, 0.98693961822723, -0.3090674
20261127 12:00, 0.98676376900352, -0.2999334
20261128 12:00, 0.98659309540298, -0.2911648
20261129 12:00, 0.98642735717463, -0.2828530
20261130 12:00, 0.98626627771490, -0.2750336
20261201 12:00, 0.98610957366474, -0.2676967
20261202 12:00, 0.98595697698615, -0.2608015
20261203 12:00, 0.98580824908530, -0.2542886
20261204 12:00, 0.98566318868569, -0.2480893
20261205 12:00, 0.98552163566807, -0.2421305
20261206 12:00, 0.98538347265697, -0.2363375
20261207 12:00, 0.98524862540624, -0.2306359
20261208 12:00, 0.98511706241393, -0.2249524
20261209 12:00, 0.98498879383740, -0.2192161
20261210 12:00, 0.98486386969154, -0.2133601
20261211 12:00, 0.98474237741917, -0.2073218
20261212 12:00, 0.98462443910834, -0.2010438
20261213 12:00, 0.98451020878109, -0.1944729
20261214 12:00, 0.98439987020913, -0.1875588
20261215 12:00, 0.98429363558185, -0.1802532
20261216 12:00, 0.98419174504863, -0.1725075
20261217 12:00, 0.98409446667581, -0.1642738
20261218 12:00, 0.98400209569838, -0.1555066
20261219 12:00, 0.98391495115668, -0.1461705
20261220 12:00, 0.98383336730119, -0.1362506
20261221 12:00, 0.98375767704656, -0.1257690
20261222 12:00, 0.98368818609565, -0.1148003
20261223 12:00, 0.98362513978822, -0.1034792
20261224 12:00, 0.98356868959804, -0.0919930
20261225 12:00, 0.98351886969506, -0.0805548
20261226 12:00, 0.98347559254415, -0.0693667
20261227 12:00, 0.98343866551181, -0.0585863
20261228 12:00, 0.98340782209333, -0.0483107
20261229 12:00, 0.98338275716865, -0.0385780
20261230 12:00, 0.98336315733549, -0.0293815
20261231 12:00, 0.98334872213647, -0.0206859
20270101 12:00, 0.98333917633275, -0.0124410
20270102 12:00, 0.98333427562321, -0.0045908
20270103 12:00, 0.98333380859201,  0.0029221
20270104 12:00, 0.98333759707523,  0.0101553
20270105 12:00, 0.98334549628347,  0.0171669
20270106 12:00, 0.98335739526578,  0.0240162
20270107 12:00, 0.98337321777126,  0.0307641
20270108 12:00, 0.98339292327460,  0.0374732
20270109 12:00, 0.98341650785649,  0.0442077
20270110 12:00, 0.98344400472105,  0.0510319
20270111 12:00, 0.98347548431604,  0.0580103
20270112 12:00, 0.98351105420007,  0.0652069
20270113 12:00, 0.98355085887384,  0.0726856
20270114 12:00, 0.98359507967244,  0.0805101
20270115 12:00, 0.98364393444674,  0.0887429
20270116 12:00, 0.98369767612889,  0.0974421
20270117 12:00, 0.98375658845105,  0.1066547
20270118 12:00, 0.98382097632455,  0.1164048
20270119 12:00, 0.98389114825599,  0.1266779
20270120 12:00, 0.98396738952857,  0.1374059
20270121 12:00, 0.98404992831394,  0.1484591
20270122 12:00, 0.98413890164283,  0.1596544
20270123 12:00, 0.98423433142585,  0.1707818
20270124 12:00, 0.98433611910569,  0.1816404
20270125 12:00, 0.98444406067341,  0.1920701
20270126 12:00, 0.98455787583728,  0.2019679
20270127 12:00, 0.98467724123279,  0.2112862
20270128 12:00, 0.98480181914284,  0.2200203
20270129 12:00, 0.98493127766863,  0.2281925
20270130 12:00, 0.98506530237543,  0.2358392
20270131 12:00, 0.98520360161776,  0.2430020
20270201 12:00, 0.98534590822170,  0.2497235
20270202 12:00, 0.98549197975775,  0.2560468
20270203 12:00, 0.98564159891409,  0.2620162
20270204 12:00, 0.98579457478941,  0.2676792
20270205 12:00, 0.98595074536132,  0.2730885
20270206 12:00, 0.98610998096024,  0.2783036
20270207 12:00, 0.98627218829201,  0.2833910
20270208 12:00, 0.98643731442144,  0.2884238
20270209 12:00, 0.98660535015999,  0.2934801
20270210 12:00, 0.98677633245971,  0.2986412
20270211 12:00, 0.98695034561098,  0.3039893
20270212 12:00, 0.98712752113925,  0.3096054
20270213 12:00, 0.98730803617009,  0.3155659
20270214 12:00, 0.98749210962423,  0.3219381
20270215 12:00, 0.98767999499591,  0.3287729
20270216 12:00, 0.98787196794706,  0.3360941
20270217 12:00, 0.98806830704705,  0.3438858
20270218 12:00, 0.98826926733777,  0.3520811
20270219 12:00, 0.98847504925787,  0.3605581
20270220 12:00, 0.98868576894808,  0.3691495
20270221 12:00, 0.98890143790599,  0.3776649
20270222 12:00, 0.98912195822062,  0.3859208
20270223 12:00, 0.98934713434348,  0.3937661
20270224 12:00, 0.98957669655343,  0.4010960
20270225 12:00, 0.98981032837272,  0.4078526
20270226 12:00, 0.99004769115245,  0.4140151
20270227 12:00, 0.99028844220865,  0.4195881
20270228 12:00, 0.99053224602057,  0.4245903
20270301 12:00, 0.99077877991217,  0.4290465
20270302 12:00, 0.99102773630151,  0.4329838
20270303 12:00, 0.99127882349949,  0.4364301
20270304 12:00, 0.99153176662409,  0.4394161
20270305 12:00, 0.99178630971339,  0.4419772
20270306 12:00, 0.99204221964070,  0.4441576
20270307 12:00, 0.99229929194929,  0.4460128
20270308 12:00, 0.99255735822366,  0.4476123
20270309 12:00, 0.99281629414579,  0.4490393
20270310 12:00, 0.99307602705230,  0.4503889
20270311 12:00, 0.99333654172459,  0.4517640
20270312 12:00, 0.99359788334790,  0.4532699
20270313 12:00, 0.99386015697006,  0.4550076
20270314 12:00, 0.99412352317118,  0.4570672
20270315 12:00, 0.99438818982827,  0.4595212
20270316 12:00, 0.99465439978754,  0.4624169
20270317 12:00, 0.99492241414994,  0.4657689
20270318 12:00, 0.99519249112195,  0.4695516
20270319 12:00, 0.99546486134430,  0.4736948
20270320 12:00, 0.99573970226772,  0.4780854
20270321 12:00, 0.99601711581987,  0.4825774
20270322 12:00, 0.99629711412840,  0.4870091
20270323 12:00, 0.99657961656221,  0.4912244
20270324 12:00, 0.99686445817847,  0.4950899
20270325 12:00, 0.99715140639635,  0.4985056
20270326 12:00, 0.99744018101073,  0.5014063
20270327 12:00, 0.99773047302584,  0.5037564
20270328 12:00, 0.99802195950728,  0.5055417
20270329 12:00, 0.99831431359462,  0.5067614
20270330 12:00, 0.99860721024398,  0.5074219
20270331 12:00, 0.99890032900951,  0.5075323
20270401 12:00, 0.99919335539892,  0.5071041
20270402 12:00, 0.99948598228796,  0.5061518
20270403 12:00, 0.99977791270275,  0.5046966
20270404 12:00, 1.00006886500184,  0.5027713
20270405 12:00, 1.00035858105269,  0.5004255
20270406 12:00, 1.00064683731892,  0.4977299
20270407 12:00, 1.00093345786376,  0.4947787
20270408 12:00, 1.00121832731471,  0.4916867
20270409 12:00, 1.00150140119258,  0.4885829
20270410 12:00, 1.00178271107043,  0.4855998
20270411 12:00, 1.00206236291713,  0.4828604
20270412 12:00, 1.00234052838008,  0.4804674
20270413 12:00, 1.00261743006635,  0.4784934
20270414 12:00, 1.00289332259899,  0.4769759
20270415 12:00, 1.00316847129657,  0.4759142
20270416 12:00, 1.00344313009456,  0.4752699
20270417 12:00, 1.00371752021945,  0.4749688
20270418 12:00, 1.00399181130790,  0.4749077
20270419 12:00, 1.00426610691043,  0.4749628
20270420 12:00, 1.00454043619120,  0.4750023
20270421 12:00, 1.00481475281951,  0.4748987
20270422 12:00, 1.00508894067065,  0.4745393
20270423 12:00, 1.00536282455232,  0.4738328
20270424 12:00, 1.00563618335033,  0.4727115
20270425 12:00, 1.00590876301152,  0.4711285
20270426 12:00, 1.00618028748332,  0.4690535
20270427 12:00, 1.00645046670667,  0.4664675
20270428 12:00, 1.00671900165590,  0.4633578
20270429 12:00, 1.00698558707190,  0.4597150
20270430 12:00, 1.00724991294998,  0.4555322
20270501 12:00, 1.00751166610066,  0.4508058
20270502 12:00, 1.00777053325687,  0.4455399
20270503 12:00, 1.00802620721737,  0.4397527
20270504 12:00, 1.00827839724336,  0.4334843
20270505 12:00, 1.00852684413553,  0.4268050
20270506 12:00, 1.00877133897571,  0.4198189
20270507 12:00, 1.00901174263385,  0.4126625
20270508 12:00, 1.00924800157317,  0.4054933
20270509 12:00, 1.00948015529436,  0.3984726
20270510 12:00, 1.00970833254122,  0.3917449
20270511 12:00, 1.00993273655459,  0.3854213
20270512 12:00, 1.01015362262157,  0.3795701
20270513 12:00, 1.01037127250420,  0.3742151
20270514 12:00, 1.01058596979658,  0.3693398
20270515 12:00, 1.01079797869703,  0.3648948
20270516 12:00, 1.01100752716425,  0.3608054
20270517 12:00, 1.01121479454216,  0.3569792
20270518 12:00, 1.01141990347698,  0.3533133
20270519 12:00, 1.01162291597235,  0.3497018
20270520 12:00, 1.01182383339391,  0.3460417
20270521 12:00, 1.01202259999104,  0.3422389
20270522 12:00, 1.01221910911912,  0.3382118
20270523 12:00, 1.01241321100847,  0.3338928
20270524 12:00, 1.01260472080722,  0.3292276
20270525 12:00, 1.01279342578140,  0.3241735
20270526 12:00, 1.01297909092524,  0.3186957
20270527 12:00, 1.01316146270877,  0.3127642
20270528 12:00, 1.01334027117819,  0.3063518
20270529 12:00, 1.01351523109528,  0.2994329
20270530 12:00, 1.01368604326334,  0.2919853
20270531 12:00, 1.01385239763541,  0.2839946
20270601 12:00, 1.01401398013738,  0.2754629
20270602 12:00, 1.01417048509908,  0.2664193
20270603 12:00, 1.01432163433320,  0.2569315
20270604 12:00, 1.01446720185878,  0.2471131
20270605 12:00, 1.01460704023867,  0.2371211
20270606 12:00, 1.01474110178928,  0.2271403
20270607 12:00, 1.01486944758431,  0.2173577
20270608 12:00, 1.01499224040503,  0.2079343
20270609 12:00, 1.01510972329475,  0.1989845
20270610 12:00, 1.01522218994452,  0.1905692
20270611 12:00, 1.01532995432699,  0.1826992
20270612 12:00, 1.01543332498110,  0.1753468
20270613 12:00, 1.01553258614706,  0.1684577
20270614 12:00, 1.01562798542597,  0.1619607
20270615 12:00, 1.01571972647516,  0.1557757
20270616 12:00, 1.01580796517912,  0.1498181
20270617 12:00, 1.01589280818305,  0.1440025
20270618 12:00, 1.01597431317332,  0.1382452
20270619 12:00, 1.01605249059775,  0.1324666
20270620 12:00, 1.01612730658777,  0.1265931
20270621 12:00, 1.01619868674669,  0.1205581
20270622 12:00, 1.01626652032205,  0.1143023
20270623 12:00, 1.01633066419664,  0.1077727
20270624 12:00, 1.01639094617696,  0.1009212
20270625 12:00, 1.01644716724711,  0.0937027
20270626 12:00, 1.01649910278163,  0.0860735
20270627 12:00, 1.01654650316265,  0.0779909
20270628 12:00, 1.01658909482269,  0.0694152
20270629 12:00, 1.01662658339991,  0.0603153
20270630 12:00, 1.01665866129686,  0.0506786
20270701 12:00, 1.01668502208818,  0.0405242
20270702 12:00, 1.01670538327069,  0.0299179
20270703 12:00, 1.01671951618683,  0.0189811
20270704 12:00, 1.01672727784631,  0.0078872
20270705 12:00, 1.01672863578500, -0.0031593
20270706 12:00, 1.01672367708412, -0.0139549
20270707 12:00, 1.01671259766489, -0.0243309
20270708 12:00, 1.01669567549667, -0.0341741
20270709 12:00, 1.01667323660497, -0.0434305
20270710 12:00, 1.01664562297508, -0.0520965
20270711 12:00, 1.01661316786163, -0.0602035
20270712 12:00, 1.01657617976648, -0.0678037
20270713 12:00, 1.01653493357989, -0.0749598
20270714 12:00, 1.01648966644894, -0.0817392
20270715 12:00, 1.01644057620162, -0.0882105
20270716 12:00, 1.01638782088099, -0.0944426
20270717 12:00, 1.01633151866542, -0.1005045
20270718 12:00, 1.01627174796604, -0.1064650
20270719 12:00, 1.01620854775727, -0.1123918
20270720 12:00, 1.01614191824332, -0.1183513
20270721 12:00, 1.01607182186523, -0.1244078
20270722 12:00, 1.01599818450173, -0.1306236
20270723 12:00, 1.01592089660626, -0.1370593
20270724 12:00, 1.01583981403101, -0.1437741
20270725 12:00, 1.01575475847213, -0.1508271
20270726 12:00, 1.01566551786347, -0.1582761
20270727 12:00, 1.01557184765657, -0.1661749
20270728 12:00, 1.01547347469778, -0.1745672
20270729 12:00, 1.01537010613516, -0.1834754
20270730 12:00, 1.01526144596092, -0.1928853
20270731 12:00, 1.01514722062950, -0.2027311
20270801 12:00, 1.01502721204678, -0.2128862
20270802 12:00, 1.01490129162020, -0.2231696
20270803 12:00, 1.01476944549576, -0.2333705
20270804 12:00, 1.01463178195976, -0.2432829
20270805 12:00, 1.01448851818926, -0.2527403
20270806 12:00, 1.01433995158065, -0.2616331
20270807 12:00, 1.01418642554392, -0.2699102
20270808 12:00, 1.01402829880223, -0.2775672
20270809 12:00, 1.01386592298629, -0.2846305
20270810 12:00, 1.01369962902309, -0.2911435
20270811 12:00, 1.01352972032909, -0.2971568
20270812 12:00, 1.01335647014985, -0.3027237
20270813 12:00, 1.01318012077817, -0.3078981
20270814 12:00, 1.01300088313283, -0.3127348
20270815 12:00, 1.01281893590787, -0.3172908
20270816 12:00, 1.01263442406573, -0.3216262
20270817 12:00, 1.01244745682058, -0.3258046
20270818 12:00, 1.01225810544576, -0.3298937
20270819 12:00, 1.01206640126355, -0.3339642
20270820 12:00, 1.01187233407528, -0.3380889
20270821 12:00, 1.01167585113650, -0.3423422
20270822 12:00, 1.01147685667238, -0.3467985
20270823 12:00, 1.01127521196749, -0.3515319
20270824 12:00, 1.01107073633392, -0.3566132
20270825 12:00, 1.01086320979095, -0.3621067
20270826 12:00, 1.01065237899457, -0.3680622
20270827 12:00, 1.01043796856080, -0.3745039
20270828 12:00, 1.01021969988605, -0.3814162
20270829 12:00, 1.00999731815748, -0.3887307
20270830 12:00, 1.00977062508395, -0.3963202
20270831 12:00, 1.00953951081788, -0.4040085
20270901 12:00, 1.00930397605367, -0.4115941
20270902 12:00, 1.00906413702611, -0.4188839
20270903 12:00, 1.00882021212275, -0.4257212
20270904 12:00, 1.00857249556696, -0.4320011
20270905 12:00, 1.00832132698418, -0.4376701
20270906 12:00, 1.00806706446122, -0.4427157
20270907 12:00, 1.00781006498186, -0.4471519
20270908 12:00, 1.00755067255202, -0.4510078
20270909 12:00, 1.00728921226632, -0.4543189
20270910 12:00, 1.00702598796899, -0.4571228
20270911 12:00, 1.00676128141675, -0.4594584
20270912 12:00, 1.00649535142019, -0.4613666
20270913 12:00, 1.00622843203757, -0.4628926
20270914 12:00, 1.00596072942536, -0.4640881
20270915 12:00, 1.00569241740266, -0.4650138
20270916 12:00, 1.00542363215388, -0.4657393
20270917 12:00, 1.00515446674646, -0.4663441
20270918 12:00, 1.00488496623741, -0.4669147
20270919 12:00, 1.00461512407190, -0.4675427
20270920 12:00, 1.00434488029295, -0.4683208
20270921 12:00, 1.00407412190440, -0.4693393
20270922 12:00, 1.00380268570425, -0.4706810
20270923 12:00, 1.00353036411490, -0.4724155
20270924 12:00, 1.00325691491582, -0.4745917
20270925 12:00, 1.00298207605610, -0.4772277
20270926 12:00, 1.00270558642178, -0.4803004
20270927 12:00, 1.00242721209014, -0.4837380
20270928 12:00, 1.00214677519492, -0.4874189
20270929 12:00, 1.00186417995031, -0.4911832
20270930 12:00, 1.00157942936525, -0.4948529
20271001 12:00, 1.00129262810512, -0.4982581
20271002 12:00, 1.00100397135215, -0.5012581
20271003 12:00, 1.00071372398091, -0.5037532
20271004 12:00, 1.00042219646577, -0.5056845
20271005 12:00, 1.00012972310162, -0.5070266
20271006 12:00, 0.99983664561031, -0.5077775
20271007 12:00, 0.99954330267930, -0.5079484
20271008 12:00, 0.99925002435165, -0.5075571
20271009 12:00, 0.99895712952551, -0.5066239
20271010 12:00, 0.99866492479389, -0.5051712
20271011 12:00, 0.99837370311808, -0.5032243
20271012 12:00, 0.99808374118888, -0.5008148
20271013 12:00, 0.99779529474001, -0.4979843
20271014 12:00, 0.99750859156382, -0.4947886
20271015 12:00, 0.99722382256344, -0.4913000
20271016 12:00, 0.99694113180996, -0.4876081
20271017 12:00, 0.99666060711199, -0.4838175
20271018 12:00, 0.99638227284490, -0.4800423
20271019 12:00, 0.99610608658958, -0.4763982
20271020 12:00, 0.99583194054226, -0.4729943
20271021 12:00, 0.99555966792855, -0.4699246
20271022 12:00, 0.99528905409957, -0.4672596
20271023 12:00, 0.99501985176409, -0.4650408
20271024 12:00, 0.99475179979365, -0.4632738
20271025 12:00, 0.99448464488908, -0.4619253
20271026 12:00, 0.99421816480243, -0.4609214
20271027 12:00, 0.99395219078316, -0.4601519
20271028 12:00, 0.99368662596362, -0.4594802
20271029 12:00, 0.99342145631590, -0.4587588
20271030 12:00, 0.99315675211356, -0.4578461
20271031 12:00, 0.99289266019797, -0.4566205
20271101 12:00, 0.99262938968742, -0.4549886
20271102 12:00, 0.99236719498004, -0.4528868
20271103 12:00, 0.99210635963854, -0.4502767
20271104 12:00, 0.99184718347872, -0.4471391
20271105 12:00, 0.99158997368691, -0.4434668
20271106 12:00, 0.99133503961503, -0.4392587
20271107 12:00, 0.99108269020914, -0.4345168
20271108 12:00, 0.99083323272128, -0.4292451
20271109 12:00, 0.99058697127215, -0.4234509
20271110 12:00, 0.99034420387030, -0.4171488
20271111 12:00, 0.99010521665901, -0.4103664
20271112 12:00, 0.98987027456056, -0.4031507
20271113 12:00, 0.98963960825704, -0.3955741
20271114 12:00, 0.98941339862199, -0.3877367
20271115 12:00, 0.98919176106706, -0.3797640
20271116 12:00, 0.98897473323834, -0.3717979
20271117 12:00, 0.98876226943707, -0.3639826
20271118 12:00, 0.98855424378642, -0.3564489
20271119 12:00, 0.98835046200156, -0.3493010
20271120 12:00, 0.98815067965669, -0.3426074
20271121 12:00, 0.98795462392271, -0.3363977
20271122 12:00, 0.98776201598363, -0.3306635
20271123 12:00, 0.98757259218265, -0.3253615
20271124 12:00, 0.98738612271260, -0.3204186
20271125 12:00, 0.98720242699450, -0.3157386
20271126 12:00, 0.98702138487769, -0.3112100
20271127 12:00, 0.98684294281331, -0.3067153
20271128 12:00, 0.98666711452934, -0.3021405
20271129 12:00, 0.98649397651601, -0.2973834
20271130 12:00, 0.98632365954141, -0.2923589
20271201 12:00, 0.98615633805874, -0.2870008
20271202 12:00, 0.98599221948173, -0.2812607
20271203 12:00, 0.98583153491089, -0.2751044
20271204 12:00, 0.98567453221286, -0.2685072
20271205 12:00, 0.98552147163743, -0.2614503
20271206 12:00, 0.98537262355206, -0.2539171
20271207 12:00, 0.98522826740773, -0.2458927
20271208 12:00, 0.98508869067802, -0.2373648
20271209 12:00, 0.98495418620134, -0.2283280
20271210 12:00, 0.98482504616261, -0.2187914
20271211 12:00, 0.98470155108346, -0.2087880
20271212 12:00, 0.98458395299119, -0.1983851
20271213 12:00, 0.98447245368686, -0.1876898
20271214 12:00, 0.98436718154703, -0.1768479
20271215 12:00, 0.98426817254115, -0.1660307
20271216 12:00, 0.98417536151636, -0.1554129
20271217 12:00, 0.98408858730816, -0.1451484
20271218 12:00, 0.98400761078002, -0.1353511
20271219 12:00, 0.98393214094616, -0.1260860
20271220 12:00, 0.98386186296403, -0.1173716
20271221 12:00, 0.98379646310846, -0.1091874
20271222 12:00, 0.98373564837594, -0.1014836
20271223 12:00, 0.98367916053467, -0.0941909
20271224 12:00, 0.98362678552038, -0.0872267
20271225 12:00, 0.98357835920886, -0.0805015
20271226 12:00, 0.98353377025859, -0.0739229
20271227 12:00, 0.98349296036283, -0.0674002
20271228 12:00, 0.98345592212761, -0.0608484
20271229 12:00, 0.98342269492654, -0.0541910
20271230 12:00, 0.98339335935170, -0.0473620
20271231 12:00, 0.98336803110458, -0.0403056
20280101 12:00, 0.98334685522584, -0.0329756
20280102 12:00, 0.98333000141162, -0.0253325
20280103 12:00, 0.98331766084858, -0.0173409
20280104 12:00, 0.98331004458374, -0.0089671
20280105 12:00, 0.98330738296685, -0.0001779
20280106 12:00, 0.98330992516439,  0.0090582
20280107 12:00, 0.98331793714908,  0.0187669
20280108 12:00, 0.98333169600546,  0.0289592
20280109 12:00, 0.98335147815501,  0.0396194
20280110 12:00, 0.98337753975275,  0.0506908
20280111 12:00, 0.98341008966739,  0.0620654
20280112 12:00, 0.98344925914646,  0.0735836
20280113 12:00, 0.98349507602959,  0.0850508
20280114 12:00, 0.98354745240771,  0.0962664
20280115 12:00, 0.98360619093763,  0.1070572
20280116 12:00, 0.98367100803361,  0.1173005
20280117 12:00, 0.98374156624136,  0.1269322
20280118 12:00, 0.98381750669742,  0.1359404
20280119 12:00, 0.98389847538069,  0.1443513
20280120 12:00, 0.98398414103551,  0.1522153
20280121 12:00, 0.98407420573174,  0.1595961
20280122 12:00, 0.98416841029129,  0.1665633
20280123 12:00, 0.98426653672595,  0.1731893
20280124 12:00, 0.98436840914936,  0.1795475
20280125 12:00, 0.98447389389012,  0.1857106
20280126 12:00, 0.98458289900788,  0.1917500
20280127 12:00, 0.98469537317371,  0.1977348
20280128 12:00, 0.98481130388362,  0.2037302
20280129 12:00, 0.98493071513307,  0.2097974
20280130 12:00, 0.98505366487204,  0.2159928
20280131 12:00, 0.98518024267865,  0.2223697
20280201 12:00, 0.98531056806380,  0.2289788
20280202 12:00, 0.98544478961953,  0.2358701
20280203 12:00, 0.98558308483878,  0.2430938
20280204 12:00, 0.98572565986041,  0.2506986
20280205 12:00, 0.98587274764732,  0.2587274
20280206 12:00, 0.98602460230355,  0.2672086
20280207 12:00, 0.98618148673269,  0.2761418
20280208 12:00, 0.98634365133951,  0.2854813
20280209 12:00, 0.98651130383412,  0.2951234
20280210 12:00, 0.98668457457280,  0.3049053
20280211 12:00, 0.98686348653513,  0.3146225
20280212 12:00, 0.98704794043240,  0.3240625
20280213 12:00, 0.98723772098834,  0.3330418
20280214 12:00, 0.98743252200217,  0.3414317
20280215 12:00, 0.98763198096203,  0.3491656
20280216 12:00, 0.98783571278721,  0.3562296
20280217 12:00, 0.98804333595198,  0.3626470
20280218 12:00, 0.98825448915134,  0.3684623
20280219 12:00, 0.98846884003748,  0.3737298
20280220 12:00, 0.98868608879166,  0.3785070
20280221 12:00, 0.98890596909601,  0.3828523
20280222 12:00, 0.98912824829106,  0.3868240
20280223 12:00, 0.98935272767942,  0.3904814
20280224 12:00, 0.98957924328879,  0.3938856
20280225 12:00, 0.98980766699167,  0.3970997
20280226 12:00, 0.99003790768800,  0.4001887
20280227 12:00, 0.99026991225675,  0.4032189
20280228 12:00, 0.99050366611717,  0.4062575
20280229 12:00, 0.99073919342545,  0.4093714
20280301 12:00, 0.99097655706961,  0.4126277
20280302 12:00, 0.99121585861545,  0.4160933
20280303 12:00, 0.99145723812358,  0.4198344
20280304 12:00, 0.99170087326219,  0.4239145
20280305 12:00, 0.99194697640582,  0.4283891
20280306 12:00, 0.99219578759553,  0.4332965
20280307 12:00, 0.99244756075057,  0.4386439
20280308 12:00, 0.99270254109471,  0.4443914
20280309 12:00, 0.99296093418017,  0.4504403
20280310 12:00, 0.99322287115148,  0.4566331
20280311 12:00, 0.99348837914797,  0.4627716
20280312 12:00, 0.99375736664489,  0.4686491
20280313 12:00, 0.99402962899538,  0.4740859
20280314 12:00, 0.99430487155860,  0.4789527
20280315 12:00, 0.99458274170222,  0.4831775
20280316 12:00, 0.99486286007016,  0.4867376
20280317 12:00, 0.99514484490155,  0.4896449
20280318 12:00, 0.99542832762844,  0.4919310
20280319 12:00, 0.99571296106288,  0.4936369
20280320 12:00, 0.99599842269608,  0.4948064
20280321 12:00, 0.99628441556746,  0.4954840
20280322 12:00, 0.99657066855018,  0.4957148
20280323 12:00, 0.99685693719857,  0.4955464
20280324 12:00, 0.99714300568977,  0.4950308
20280325 12:00, 0.99742868990865,  0.4942260
20280326 12:00, 0.99771384136924,  0.4931974
20280327 12:00, 0.99799835144820,  0.4920176
20280328 12:00, 0.99828215534008,  0.4907656
20280329 12:00, 0.99856523522300,  0.4895246
20280330 12:00, 0.99884762228999,  0.4883808
20280331 12:00, 0.99912939744452,  0.4874198
20280401 12:00, 0.99941069044871,  0.4867245
20280402 12:00, 0.99969167705218,  0.4863705
20280403 12:00, 0.99997257313048,  0.4864198
20280404 12:00, 1.00025362431329,  0.4869116
20280405 12:00, 1.00053508940488,  0.4878503
20280406 12:00, 1.00081721669067,  0.4891932
20280407 12:00, 1.00110021443040,  0.4908440
20280408 12:00, 1.00138422010741,  0.4926557
20280409 12:00, 1.00166927570249,  0.4944483
20280410 12:00, 1.00195531612878,  0.4960361
20280411 12:00, 1.00224217408303,  0.4972551
20280412 12:00, 1.00252959880940,  0.4979822
20280413 12:00, 1.00281728206570,  0.4981414
20280414 12:00, 1.00310488399341,  0.4976977
20280415 12:00, 1.00339205395454,  0.4966467
20280416 12:00, 1.00367844459965,  0.4950024
20280417 12:00, 1.00396371983664,  0.4927885
20280418 12:00, 1.00424755851663,  0.4900324
20280419 12:00, 1.00452965584692,  0.4867633
20280420 12:00, 1.00480972425593,  0.4830118
20280421 12:00, 1.00508749499382,  0.4788129
20280422 12:00, 1.00536272129089,  0.4742084
20280423 12:00, 1.00563518342972,  0.4692506
20280424 12:00, 1.00590469559972,  0.4640050
20280425 12:00, 1.00617111391114,  0.4585513
20280426 12:00, 1.00643434452493,  0.4529828
20280427 12:00, 1.00669435062195,  0.4474030
20280428 12:00, 1.00695115697633,  0.4419206
20280429 12:00, 1.00720485119309,  0.4366434
20280430 12:00, 1.00745558107109,  0.4316709
20280501 12:00, 1.00770354785278,  0.4270874
20280502 12:00, 1.00794899520461,  0.4229543
20280503 12:00, 1.00819219372783,  0.4193020
20280504 12:00, 1.00843342093660,  0.4161229
20280505 12:00, 1.00867293733522,  0.4133652
20280506 12:00, 1.00891096061683,  0.4109329
20280507 12:00, 1.00914764167313,  0.4086926
20280508 12:00, 1.00938304705332,  0.4064886
20280509 12:00, 1.00961715172884,  0.4041629
20280510 12:00, 1.00984984340019,  0.4015741
20280511 12:00, 1.01008093628486,  0.3986107
20280512 12:00, 1.01031019003195,  0.3951953
20280513 12:00, 1.01053732905744,  0.3912823
20280514 12:00, 1.01076205887284,  0.3868505
20280515 12:00, 1.01098407786808,  0.3818951
20280516 12:00, 1.01120308461906,  0.3764206
20280517 12:00, 1.01141878176258,  0.3704359
20280518 12:00, 1.01163087788130,  0.3639526
20280519 12:00, 1.01183908889136,  0.3569848
20280520 12:00, 1.01204314030483,  0.3495522
20280521 12:00, 1.01224277151860,  0.3416840
20280522 12:00, 1.01243774292544,  0.3334246
20280523 12:00, 1.01262784607030,  0.3248383
20280524 12:00, 1.01281291624606,  0.3160124
20280525 12:00, 1.01299284593961,  0.3070573
20280526 12:00, 1.01316759670519,  0.2981006
20280527 12:00, 1.01333720676633,  0.2892781
20280528 12:00, 1.01350179220123,  0.2807216
20280529 12:00, 1.01366154082460,  0.2725458
20280530 12:00, 1.01381669932302,  0.2648383
20280531 12:00, 1.01396755523736,  0.2576520
20280601 12:00, 1.01411441575139,  0.2510017
20280602 12:00, 1.01425758512889,  0.2448626
20280603 12:00, 1.01439734246345,  0.2391729
20280604 12:00, 1.01453392144906,  0.2338383
20280605 12:00, 1.01466749407346,  0.2287411
20280606 12:00, 1.01479816010715,  0.2237510
20280607 12:00, 1.01492594364396,  0.2187383
20280608 12:00, 1.01505079672097,  0.2135849
20280609 12:00, 1.01517260862314,  0.2081924
20280610 12:00, 1.01529121846110,  0.2024858
20280611 12:00, 1.01540642837958,  0.1964116
20280612 12:00, 1.01551801526852,  0.1899349
20280613 12:00, 1.01562573976285,  0.1830336
20280614 12:00, 1.01572935224981,  0.1756935
20280615 12:00, 1.01582859633277,  0.1679048
20280616 12:00, 1.01592321068487,  0.1596601
20280617 12:00, 1.01601293053060,  0.1509552
20280618 12:00, 1.01609749018565,  0.1417919
20280619 12:00, 1.01617662816270,  0.1321841
20280620 12:00, 1.01625009619791,  0.1221650
20280621 12:00, 1.01631767295681,  0.1117959
20280622 12:00, 1.01637918194648,  0.1011716
20280623 12:00, 1.01643451135880,  0.0904206
20280624 12:00, 1.01648363177379,  0.0796976
20280625 12:00, 1.01652660688468,  0.0691672
20280626 12:00, 1.01656359352984,  0.0589838
20280627 12:00, 1.01659483017696,  0.0492731
20280628 12:00, 1.01662061625431,  0.0401192
20280629 12:00, 1.01664128672766,  0.0315610
20280630 12:00, 1.01665718637852,  0.0235944
20280701 12:00, 1.01666864689633,  0.0161794
20280702 12:00, 1.01667596825739,  0.0092475
20280703 12:00, 1.01667940472434,  0.0027102
20280704 12:00, 1.01667915533667, -0.0035338
20280705 12:00, 1.01667535871003, -0.0095914
20280706 12:00, 1.01666809195208, -0.0155677
20280707 12:00, 1.01665737331731, -0.0215604
20280708 12:00, 1.01664316786668, -0.0276554
20280709 12:00, 1.01662539503476, -0.0339247
20280710 12:00, 1.01660393682348, -0.0404261
20280711 12:00, 1.01657864542763, -0.0472054
20280712 12:00, 1.01654934942170, -0.0542992
20280713 12:00, 1.01651585809495, -0.0617382
20280714 12:00, 1.01647796401301, -0.0695500
20280715 12:00, 1.01643544436011, -0.0777603
20280716 12:00, 1.01638806207889, -0.0863924
20280717 12:00, 1.01633556828111, -0.0954630
20280718 12:00, 1.01627770779329, -0.1049757
20280719 12:00, 1.01621422981309, -0.1149099
20280720 12:00, 1.01614490508870, -0.1252096
20280721 12:00, 1.01606954935183, -0.1357741
20280722 12:00, 1.01598804990194, -0.1464570
20280723 12:00, 1.01590038921117, -0.1570781
20280724 12:00, 1.01580665816332, -0.1674470
20280725 12:00, 1.01570705373603, -0.1773914
20280726 12:00, 1.01560186109743, -0.1867811
20280727 12:00, 1.01549142532588, -0.1955397
20280728 12:00, 1.01537612027831, -0.2036429
20280729 12:00, 1.01525632088821, -0.2111092
20280730 12:00, 1.01513238205772, -0.2179875
20280731 12:00, 1.01500462442951, -0.2243459
20280801 12:00, 1.01487332574469, -0.2302637
20280802 12:00, 1.01473871615617, -0.2358256
20280803 12:00, 1.01460097622205, -0.2411182
20280804 12:00, 1.01446023682271, -0.2462265
20280805 12:00, 1.01431658061986, -0.2512320
20280806 12:00, 1.01417004480800, -0.2562104
20280807 12:00, 1.01402062484503, -0.2612303
20280808 12:00, 1.01386827870392, -0.2663530
20280809 12:00, 1.01371293107990, -0.2716327
20280810 12:00, 1.01355447699611, -0.2771182
20280811 12:00, 1.01339278440334, -0.2828548
20280812 12:00, 1.01322769565950, -0.2888860
20280813 12:00, 1.01305902819064, -0.2952546
20280814 12:00, 1.01288657517571, -0.3020015
20280815 12:00, 1.01271010774574, -0.3091611
20280816 12:00, 1.01252938084547, -0.3167531
20280817 12:00, 1.01234414526360, -0.3247699
20280818 12:00, 1.01215416780410, -0.3331612
20280819 12:00, 1.01195925944498, -0.3418230
20280820 12:00, 1.01175930749535, -0.3505962
20280821 12:00, 1.01155430365075, -0.3592824
20280822 12:00, 1.01134435844002, -0.3676743
20280823 12:00, 1.01112969617132, -0.3755907
20280824 12:00, 1.01091063184062, -0.3829017
20280825 12:00, 1.01068753793815, -0.3895381
20280826 12:00, 1.01046081082603, -0.3954844
20280827 12:00, 1.01023084351627, -0.4007651
20280828 12:00, 1.00999800724606, -0.4054289
20280829 12:00, 1.00976264090053, -0.4095374
20280830 12:00, 1.00952504590860, -0.4131579
20280831 12:00, 1.00928548425426, -0.4163594
20280901 12:00, 1.00904417791801, -0.4192112
20280902 12:00, 1.00880130882879, -0.4217826
20280903 12:00, 1.00855701899773, -0.4241425
20280904 12:00, 1.00831141084359, -0.4263591
20280905 12:00, 1.00806454782232, -0.4284990
20280906 12:00, 1.00781645540524, -0.4306270
20280907 12:00, 1.00756712230067, -0.4328056
20280908 12:00, 1.00731650167725, -0.4350955
20280909 12:00, 1.00706451210880, -0.4375560
20280910 12:00, 1.00681103808222, -0.4402458
20280911 12:00, 1.00655593023187, -0.4432234
20280912 12:00, 1.00629900600596, -0.4465447
20280913 12:00, 1.00604005220959, -0.4502587
20280914 12:00, 1.00577883166245, -0.4543976
20280915 12:00, 1.00551509666845, -0.4589629
20280916 12:00, 1.00524861139582, -0.4639094
20280917 12:00, 1.00497918280347, -0.4691328
20280918 12:00, 1.00470669539318, -0.4744704
20280919 12:00, 1.00443114066763, -0.4797191
20280920 12:00, 1.00415263119839, -0.4846689
20280921 12:00, 1.00387139388139, -0.4891393
20280922 12:00, 1.00358774515002, -0.4930034
20280923 12:00, 1.00330205726088, -0.4961943
20280924 12:00, 1.00301472564277, -0.4986963
20280925 12:00, 1.00272614367479, -0.5005296
20280926 12:00, 1.00243668659061, -0.5017346
20280927 12:00, 1.00214670302885, -0.5023615
20280928 12:00, 1.00185651157283, -0.5024635
20280929 12:00, 1.00156639978533, -0.5020946
20280930 12:00, 1.00127662395385, -0.5013093
20281001 12:00, 1.00098740853152, -0.5001635
20281002 12:00, 1.00069894488692, -0.4987160
20281003 12:00, 1.00041138941505, -0.4970293
20281004 12:00, 1.00012486131322, -0.4951697
20281005 12:00, 0.99983944040437, -0.4932071
20281006 12:00, 0.99955516532544, -0.4912141
20281007 12:00, 0.99927203224736, -0.4892649
20281008 12:00, 0.99898999414490, -0.4874348
20281009 12:00, 0.99870896059549, -0.4857987
20281010 12:00, 0.99842879825322, -0.4844298
20281011 12:00, 0.99814933257503, -0.4833970
20281012 12:00, 0.99787035204004, -0.4827582
20281013 12:00, 0.99759161681599, -0.4825514
20281014 12:00, 0.99731287414908, -0.4827811
20281015 12:00, 0.99703388198815, -0.4834035
20281016 12:00, 0.99675443986666, -0.4843175
20281017 12:00, 0.99647442210130, -0.4853671
20281018 12:00, 0.99619380483105, -0.4863601
20281019 12:00, 0.99591267826309, -0.4870992
20281020 12:00, 0.99563124011367, -0.4874142
20281021 12:00, 0.99534977332481, -0.4871825
20281022 12:00, 0.99506861621407, -0.4863344
20281023 12:00, 0.99478813364701, -0.4848456
20281024 12:00, 0.99450869466412, -0.4827237
20281025 12:00, 0.99423065806820, -0.4799946
20281026 12:00, 0.99395436477375, -0.4766929
20281027 12:00, 0.99368013463185, -0.4728564
20281028 12:00, 0.99340826546043, -0.4685236
20281029 12:00, 0.99313903251172, -0.4637342
20281030 12:00, 0.99287268721226, -0.4585315
20281031 12:00, 0.99260945456789, -0.4529641
20281101 12:00, 0.99234952911131, -0.4470893
20281102 12:00, 0.99209306968475, -0.4409735
20281103 12:00, 0.99184019367360, -0.4346938
20281104 12:00, 0.99159097149120, -0.4283355
20281105 12:00, 0.99134542212024, -0.4219908
20281106 12:00, 0.99110351035692, -0.4157547
20281107 12:00, 0.99086514617596, -0.4097213
20281108 12:00, 0.99063018648976, -0.4039794
20281109 12:00, 0.99039843964959, -0.3986073
20281110 12:00, 0.99016967334962, -0.3936663
20281111 12:00, 0.98994362697313, -0.3891916
20281112 12:00, 0.98972002946916, -0.3851824
20281113 12:00, 0.98949862305611, -0.3815922
20281114 12:00, 0.98927919111580, -0.3783249
20281115 12:00, 0.98906158599261, -0.3752396
20281116 12:00, 0.98884575046171, -0.3721677
20281117 12:00, 0.98863172711715, -0.3689365
20281118 12:00, 0.98841965336840, -0.3653938
20281119 12:00, 0.98820974448248, -0.3614240
20281120 12:00, 0.98800227046749, -0.3569530
20281121 12:00, 0.98779753301634, -0.3519439
20281122 12:00, 0.98759584677613, -0.3463871
20281123 12:00, 0.98739752653847, -0.3402899
20281124 12:00, 0.98720287987577, -0.3336689
20281125 12:00, 0.98701220368531, -0.3265440
20281126 12:00, 0.98682578283359, -0.3189368
20281127 12:00, 0.98664388924639, -0.3108707
20281128 12:00, 0.98646678010243, -0.3023739
20281129 12:00, 0.98629469415902, -0.2934828
20281130 12:00, 0.98612784567742, -0.2842465
20281201 12:00, 0.98596641596983, -0.2747305
20281202 12:00, 0.98581054325687, -0.2650186
20281203 12:00, 0.98566031219583, -0.2552121
20281204 12:00, 0.98551574490328, -0.2454252
20281205 12:00, 0.98537679532443, -0.2357785
20281206 12:00, 0.98524334832283, -0.2263891
20281207 12:00, 0.98511522405217, -0.2173624
20281208 12:00, 0.98499218738707, -0.2087833
20281209 12:00, 0.98487396174118, -0.2007093
20281210 12:00, 0.98476024652862, -0.1931651
20281211 12:00, 0.98465073756173, -0.1861380
20281212 12:00, 0.98454514943185, -0.1795756
20281213 12:00, 0.98444323818049, -0.1733873
20281214 12:00, 0.98434482156575, -0.1674517
20281215 12:00, 0.98424979363596, -0.1616285
20281216 12:00, 0.98415813086295, -0.1557753
20281217 12:00, 0.98406988891417, -0.1497627
20281218 12:00, 0.98398519154352, -0.1434856
20281219 12:00, 0.98390421489912, -0.1368679
20281220 12:00, 0.98382717101698, -0.1298607
20281221 12:00, 0.98375429346537, -0.1224372
20281222 12:00, 0.98368582668947, -0.1145855
20281223 12:00, 0.98362201926075, -0.1063022
20281224 12:00, 0.98356312031067, -0.0975882
20281225 12:00, 0.98350937793940, -0.0884460
20281226 12:00, 0.98346103819336, -0.0788804
20281227 12:00, 0.98341834316059, -0.0689011
20281228 12:00, 0.98338152679487, -0.0585275
20281229 12:00, 0.98335080731912, -0.0477958
20281230 12:00, 0.98332637562808, -0.0367657
20281231 12:00, 0.98330838014166, -0.0255250
20290101 12:00, 0.98329690998223, -0.0141907
20290102 12:00, 0.98329197972915, -0.0029024
20290103 12:00, 0.98329351960696,  0.0081898
20290104 12:00, 0.98330137418349,  0.0189422
20290105 12:00, 0.98331531058327,  0.0292328
20290106 12:00, 0.98333503478417,  0.0389733
20290107 12:00, 0.98336021292882,  0.0481146
20290108 12:00, 0.98339049431579,  0.0566470
20290109 12:00, 0.98342553352243,  0.0645978
20290110 12:00, 0.98346501016281,  0.0720256
20290111 12:00, 0.98350864547327,  0.0790147
20290112 12:00, 0.98355621509913,  0.0856680
20290113 12:00, 0.98360755739914,  0.0920984
20290114 12:00, 0.98366257668783,  0.0984197
20290115 12:00, 0.98372124132887,  0.1047386
20290116 12:00, 0.98378357738835,  0.1111475
20290117 12:00, 0.98384965931986,  0.1177212
20290118 12:00, 0.98391959954532,  0.1245166
20290119 12:00, 0.98399353867945,  0.1315749
20290120 12:00, 0.98407163763256,  0.1389259
20290121 12:00, 0.98415407214570,  0.1465919
20290122 12:00, 0.98424102966367,  0.1545916
20290123 12:00, 0.98433270791974,  0.1629421
20290124 12:00, 0.98442931417897,  0.1716592
20290125 12:00, 0.98453106371894,  0.1807542
20290126 12:00, 0.98463817582192,  0.1902282
20290127 12:00, 0.98475086544630,  0.2000635
20290128 12:00, 0.98486932913748,  0.2102124
20290129 12:00, 0.98499372501334,  0.2205882
20290130 12:00, 0.98512414895780,  0.2310623
20290131 12:00, 0.98526061188478,  0.2414714
20290201 12:00, 0.98540302458707,  0.2516359
20290202 12:00, 0.98555119563296,  0.2613858
20290203 12:00, 0.98570484383531,  0.2705836
20290204 12:00, 0.98586362198351,  0.2791396
20290205 12:00, 0.98602714555641,  0.2870140
20290206 12:00, 0.98619502028593,  0.2942112
20290207 12:00, 0.98636686478233,  0.3007696
20290208 12:00, 0.98654232711048,  0.3067513
20290209 12:00, 0.98672109595422,  0.3122336
20290210 12:00, 0.98690290758539,  0.3173031
20290211 12:00, 0.98708754966789,  0.3220505
20290212 12:00, 0.98727486249951,  0.3265666
20290213 12:00, 0.98746473798974,  0.3309388
20290214 12:00, 0.98765711663041,  0.3352475
20290215 12:00, 0.98785198288786,  0.3395643
20290216 12:00, 0.98804935968177,  0.3439507
20290217 12:00, 0.98824930276298,  0.3484591
20290218 12:00, 0.98845189577431,  0.3531342
20290219 12:00, 0.98865724656963,  0.3580154
20290220 12:00, 0.98886548502364,  0.3631399
20290221 12:00, 0.98907676213294,  0.3685440
20290222 12:00, 0.98929124970500,  0.3742633
20290223 12:00, 0.98950913935216,  0.3803299
20290224 12:00, 0.98973063888935,  0.3867664
20290225 12:00, 0.98995596376151,  0.3935746
20290226 12:00, 0.99018532124089,  0.4007219
20290227 12:00, 0.99041888649792,  0.4081279
20290228 12:00, 0.99065677270707,  0.4156583
20290301 12:00, 0.99089900144619,  0.4231329
20290302 12:00, 0.99114548245512,  0.4303498
20290303 12:00, 0.99139601050569,  0.4371185
20290304 12:00, 0.99165028122258,  0.4432901
20290305 12:00, 0.99190792052371,  0.4487734
20290306 12:00, 0.99216851846227,  0.4535342
20290307 12:00, 0.99243165930147,  0.4575842
20290308 12:00, 0.99269694362863,  0.4609658
20290309 12:00, 0.99296400220213,  0.4637392
20290310 12:00, 0.99323250340444,  0.4659734
20290311 12:00, 0.99350215666357,  0.4677409
20290312 12:00, 0.99377271372977,  0.4691155
20290313 12:00, 0.99404396893439,  0.4701707
20290314 12:00, 0.99431575890424,  0.4709793
20290315 12:00, 0.99458796180855,  0.4716123
20290316 12:00, 0.99486049608535,  0.4721380
20290317 12:00, 0.99513331866308,  0.4726212
20290318 12:00, 0.99540642285862,  0.4731231
20290319 12:00, 0.99567983628636,  0.4737014
20290320 12:00, 0.99595361916678,  0.4744116
20290321 12:00, 0.99622786332330,  0.4753078
20290322 12:00, 0.99650269187601,  0.4764443
20290323 12:00, 0.99677825916759,  0.4778748
20290324 12:00, 0.99705474979014,  0.4796495
20290325 12:00, 0.99733237478424,  0.4818082
20290326 12:00, 0.99761136238874,  0.4843684
20290327 12:00, 0.99789194068204,  0.4873091
20290328 12:00, 0.99817431091248,  0.4905562
20290329 12:00, 0.99845861385932,  0.4939745
20290330 12:00, 0.99874489640628,  0.4973772
20290331 12:00, 0.99903308875485,  0.5005527
20290401 12:00, 0.99932300091988,  0.5033026
20290402 12:00, 0.99961434001474,  0.5054733
20290403 12:00, 0.99990674167752,  0.5069719
20290404 12:00, 1.00019980511850,  0.5077634
20290405 12:00, 1.00049312308620,  0.5078577
20290406 12:00, 1.00078630277533,  0.5072924
20290407 12:00, 1.00107897790541,  0.5061198
20290408 12:00, 1.00137081434944,  0.5043980
20290409 12:00, 1.00166151204913,  0.5021864
20290410 12:00, 1.00195080537731,  0.4995447
20290411 12:00, 1.00223846328597,  0.4965332
20290412 12:00, 1.00252428985249,  0.4932134
20290413 12:00, 1.00280812531893,  0.4896490
20290414 12:00, 1.00308984742254,  0.4859062
20290415 12:00, 1.00336937271619,  0.4820532
20290416 12:00, 1.00364665763452,  0.4781597
20290417 12:00, 1.00392169921088,  0.4742965
20290418 12:00, 1.00419453550241,  0.4705349
20290419 12:00, 1.00446524583927,  0.4669465
20290420 12:00, 1.00473395088842,  0.4636026
20290421 12:00, 1.00500081214958,  0.4605729
20290422 12:00, 1.00526602987231,  0.4579209
20290423 12:00, 1.00552983759401,  0.4556967
20290424 12:00, 1.00579249085316,  0.4539241
20290425 12:00, 1.00605424774004,  0.4525854
20290426 12:00, 1.00631534061290,  0.4516074
20290427 12:00, 1.00657594191780,  0.4508561
20290428 12:00, 1.00683613152496,  0.4501483
20290429 12:00, 1.00709587543683,  0.4492786
20290430 12:00, 1.00735502327658,  0.4480550
20290501 12:00, 1.00761332502089,  0.4463282
20290502 12:00, 1.00787046026963,  0.4440047
20290503 12:00, 1.00812607038096,  0.4410439
20290504 12:00, 1.00837978576842,  0.4374460
20290505 12:00, 1.00863124492483,  0.4332364
20290506 12:00, 1.00888010542114,  0.4284541
20290507 12:00, 1.00912604902547,  0.4231430
20290508 12:00, 1.00936878346121,  0.4173487
20290509 12:00, 1.00960804289375,  0.4111172
20290510 12:00, 1.00984358856587,  0.4044965
20290511 12:00, 1.01007521036348,  0.3975382
20290512 12:00, 1.01030272956630,  0.3902997
20290513 12:00, 1.01052600263197,  0.3828456
20290514 12:00, 1.01074492557778,  0.3752483
20290515 12:00, 1.01095943837882,  0.3675874
20290516 12:00, 1.01116952880139,  0.3599486
20290517 12:00, 1.01137523520746,  0.3524210
20290518 12:00, 1.01157664801469,  0.3450953
20290519 12:00, 1.01177390955349,  0.3380600
20290520 12:00, 1.01196721191130,  0.3313980
20290521 12:00, 1.01215679195856,  0.3251804
20290522 12:00, 1.01234292222782,  0.3194579
20290523 12:00, 1.01252589600807,  0.3142496
20290524 12:00, 1.01270600546733,  0.3095306
20290525 12:00, 1.01288351335814,  0.3052230
20290526 12:00, 1.01305862184292,  0.3011959
20290527 12:00, 1.01323144499036,  0.2972785
20290528 12:00, 1.01340199238432,  0.2932844
20290529 12:00, 1.01357016855899,  0.2890408
20290530 12:00, 1.01373578759259,  0.2844101
20290531 12:00, 1.01389859727302,  0.2793008
20290601 12:00, 1.01405830547053,  0.2736652
20290602 12:00, 1.01421460289425,  0.2674896
20290603 12:00, 1.01436717947658,  0.2607830
20290604 12:00, 1.01451573434619,  0.2535669
20290605 12:00, 1.01465998089303,  0.2458684
20290606 12:00, 1.01479964890249,  0.2377169
20290607 12:00, 1.01493448558804,  0.2291433
20290608 12:00, 1.01506425695908,  0.2201823
20290609 12:00, 1.01518875051174,  0.2108742
20290610 12:00, 1.01530777977332,  0.2012692
20290611 12:00, 1.01542119075059,  0.1914302
20290612 12:00, 1.01552886982940,  0.1814343
20290613 12:00, 1.01563075220264,  0.1713731
20290614 12:00, 1.01572682957527,  0.1613501
20290615 12:00, 1.01581715582045,  0.1514762
20290616 12:00, 1.01590184946966,  0.1418633
20290617 12:00, 1.01598109230881,  0.1326172
20290618 12:00, 1.01605512372582,  0.1238304
20290619 12:00, 1.01612423064561,  0.1155738
20290620 12:00, 1.01618873290790,  0.1078889
20290621 12:00, 1.01624896403030,  0.1007804
20290622 12:00, 1.01630524782396,  0.0942094
20290623 12:00, 1.01635787252284,  0.0880917
20290624 12:00, 1.01640706570756,  0.0823029
20290625 12:00, 1.01645297450467,  0.0766916
20290626 12:00, 1.01649565526163,  0.0710983
20290627 12:00, 1.01653507472706,  0.0653753
20290628 12:00, 1.01657112153574,  0.0594016
20290629 12:00, 1.01660362413101,  0.0530903
20290630 12:00, 1.01663237036395,  0.0463871
20290701 12:00, 1.01665712490592,  0.0392647
20290702 12:00, 1.01667764240757,  0.0317143
20290703 12:00, 1.01669367606558,  0.0237385
20290704 12:00, 1.01670498241124,  0.0153457
20290705 12:00, 1.01671132368065,  0.0065470
20290706 12:00, 1.01671246926154, -0.0026439
20290707 12:00, 1.01670819763532, -0.0122088
20290708 12:00, 1.01669830004630, -0.0221208
20290709 12:00, 1.01668258682297, -0.0323397
20290710 12:00, 1.01666089677208, -0.0428063
20290711 12:00, 1.01663310930103, -0.0534389
20290712 12:00, 1.01659915795019, -0.0641319
20290713 12:00, 1.01655904308406, -0.0747605
20290714 12:00, 1.01651284100343, -0.0851884
20290715 12:00, 1.01646070705135, -0.0952802
20290716 12:00, 1.01640287140106, -0.1049144
20290717 12:00, 1.01633962770201, -0.1139944
20290718 12:00, 1.01627131599195, -0.1224571
20290719 12:00, 1.01619830185804, -0.1302776
20290720 12:00, 1.01612095381362, -0.1374708
20290721 12:00, 1.01603962064202, -0.1440896
20290722 12:00, 1.01595461040532, -0.1502211
20290723 12:00, 1.01586617296249, -0.1559782
20290724 12:00, 1.01577448788573, -0.1614894
20290725 12:00, 1.01567965921077, -0.1668856
20290726 12:00, 1.01558171737337, -0.1722890
20290727 12:00, 1.01548062727688, -0.1778033
20290728 12:00, 1.01537630028258, -0.1835097
20290729 12:00, 1.01526860747625, -0.1894668
20290730 12:00, 1.01515739190890, -0.1957139
20290731 12:00, 1.01504247835115, -0.2022759
20290801 12:00, 1.01492368005045, -0.2091685
20290802 12:00, 1.01480080276759, -0.2164026
20290803 12:00, 1.01467364691243, -0.2239860
20290804 12:00, 1.01454200894335, -0.2319243
20290805 12:00, 1.01440568341652, -0.2402181
20290806 12:00, 1.01426446719152, -0.2488576
20290807 12:00, 1.01411816723429, -0.2578162
20290808 12:00, 1.01396661301091, -0.2670414
20290809 12:00, 1.01380967341391, -0.2764482
20290810 12:00, 1.01364727646807, -0.2859171
20290811 12:00, 1.01347942815024, -0.2952993
20290812 12:00, 1.01330622548142, -0.3044312
20290813 12:00, 1.01312785962492, -0.3131540
20290814 12:00, 1.01294460724543, -0.3213334
20290815 12:00, 1.01275681175497, -0.3288742
20290816 12:00, 1.01256485856749, -0.3357266
20290817 12:00, 1.01236914904595, -0.3418845
20290818 12:00, 1.01217007671486, -0.3473798
20290819 12:00, 1.01196800760361, -0.3522745
20290820 12:00, 1.01176326524066, -0.3566524
20290821 12:00, 1.01155612018062, -0.3606120
20290822 12:00, 1.01134678383019, -0.3642585
20290823 12:00, 1.01113540636930, -0.3676974
20290824 12:00, 1.01092207845807, -0.3710285
20290825 12:00, 1.01070683611890, -0.3743407
20290826 12:00, 1.01048966781221, -0.3777094
20290827 12:00, 1.01027052247770, -0.3811961
20290828 12:00, 1.01004931731535, -0.3848496
20290829 12:00, 1.00982594433583, -0.3887089
20290830 12:00, 1.00960027513106, -0.3928062
20290831 12:00, 1.00937216379554, -0.3971704
20290901 12:00, 1.00914144840572, -0.4018282
20290902 12:00, 1.00890795192784, -0.4068050
20290903 12:00, 1.00867148388893, -0.4121213
20290904 12:00, 1.00843184458181, -0.4177872
20290905 12:00, 1.00818883382286, -0.4237923
20290906 12:00, 1.00794226598868, -0.4300947
20290907 12:00, 1.00769199174706, -0.4366092
20290908 12:00, 1.00743792432846, -0.4432045
20290909 12:00, 1.00718006497120, -0.4497096
20290910 12:00, 1.00691852009943, -0.4559355
20290911 12:00, 1.00665350389770, -0.4617030
20290912 12:00, 1.00638532455111, -0.4668695
20290913 12:00, 1.00611435812315, -0.4713439
20290914 12:00, 1.00584101745848, -0.4750892
20290915 12:00, 1.00556572313631, -0.4781138
20290916 12:00, 1.00528888059289, -0.4804597
20290917 12:00, 1.00501086434676, -0.4821901
20290918 12:00, 1.00473200825275, -0.4833814
20290919 12:00, 1.00445260007970, -0.4841160
20290920 12:00, 1.00417287895418, -0.4844793
20290921 12:00, 1.00389303475934, -0.4845562
20290922 12:00, 1.00361320904086, -0.4844287
20290923 12:00, 1.00333349719599, -0.4841743
20290924 12:00, 1.00305395171465, -0.4838639
20290925 12:00, 1.00277458610381, -0.4835614
20290926 12:00, 1.00249537898233, -0.4833240
20290927 12:00, 1.00221627778097, -0.4832028
20290928 12:00, 1.00193720156994, -0.4832451
20290929 12:00, 1.00165804276923, -0.4834963
20290930 12:00, 1.00137866786385, -0.4840009
20291001 12:00, 1.00109891774315, -0.4848027
20291002 12:00, 1.00081860890891, -0.4859417
20291003 12:00, 1.00053753749440, -0.4874469
20291004 12:00, 1.00025548858742, -0.4893252
20291005 12:00, 0.99997225324989, -0.4915465
20291006 12:00, 0.99968765413147, -0.4940296
20291007 12:00, 0.99940157721165, -0.4966364
20291008 12:00, 0.99911400277673, -0.4991816
20291009 12:00, 0.99882502590223, -0.5014586
20291010 12:00, 0.99853485852030, -0.5032752
20291011 12:00, 0.99824381180857, -0.5044839
20291012 12:00, 0.99795226518719, -0.5049968
20291013 12:00, 0.99766063182398, -0.5047834
20291014 12:00, 0.99736932890179, -0.5038577
20291015 12:00, 0.99707875649918, -0.5022624
20291016 12:00, 0.99678928495850, -0.5000560
20291017 12:00, 0.99650124854941, -0.4973039
20291018 12:00, 0.99621494288647, -0.4940740
20291019 12:00, 0.99593062412174, -0.4904349
20291020 12:00, 0.99564850873657, -0.4864554
20291021 12:00, 0.99536877344365, -0.4822043
20291022 12:00, 0.99509155515480, -0.4777506
20291023 12:00, 0.99481695116323, -0.4731625
20291024 12:00, 0.99454501967641, -0.4685070
20291025 12:00, 0.99427578069732, -0.4638493
20291026 12:00, 0.99400921708091, -0.4592529
20291027 12:00, 0.99374527548441, -0.4547797
20291028 12:00, 0.99348386696152, -0.4504913
20291029 12:00, 0.99322486717519, -0.4464487
20291030 12:00, 0.99296811665273, -0.4427121
20291031 12:00, 0.99271342218288, -0.4393373
20291101 12:00, 0.99246056127903, -0.4363684
20291102 12:00, 0.99220929233382, -0.4338250
20291103 12:00, 0.99195937306997, -0.4316869
20291104 12:00, 0.99171058828191, -0.4298787
20291105 12:00, 0.99146278413519, -0.4282634
20291106 12:00, 0.99121590143055, -0.4266536
20291107 12:00, 0.99096999733074, -0.4248398
20291108 12:00, 0.99072524740651, -0.4226275
20291109 12:00, 0.99048192732500, -0.4198685
20291110 12:00, 0.99024038140513, -0.4164740
20291111 12:00, 0.99000098852335, -0.4124113
20291112 12:00, 0.98976413359687, -0.4076894
20291113 12:00, 0.98953018811175, -0.4023433
20291114 12:00, 0.98929949917316, -0.3964208
20291115 12:00, 0.98907238462109, -0.3899744
20291116 12:00, 0.98884913150331, -0.3830579
20291117 12:00, 0.98862999578277, -0.3757253
20291118 12:00, 0.98841520194795, -0.3680318
20291119 12:00, 0.98820494190055, -0.3600351
20291120 12:00, 0.98799937302491, -0.3517973
20291121 12:00, 0.98779861569076, -0.3433846
20291122 12:00, 0.98760275060931, -0.3348680
20291123 12:00, 0.98741181646591, -0.3263219
20291124 12:00, 0.98722580812470, -0.3178234
20291125 12:00, 0.98704467551754, -0.3094508
20291126 12:00, 0.98686832319594, -0.3012827
20291127 12:00, 0.98669661055774, -0.2933967
20291128 12:00, 0.98652935304641, -0.2858669
20291129 12:00, 0.98636632518273, -0.2787599
20291130 12:00, 0.98620726702129, -0.2721268
20291201 12:00, 0.98605189621517, -0.2659919
20291202 12:00, 0.98589992772602, -0.2603378
20291203 12:00, 0.98575110159635, -0.2550934
20291204 12:00, 0.98560521581731, -0.2501297
20291205 12:00, 0.98546215726485, -0.2452710
20291206 12:00, 0.98532192161785, -0.2403216
20291207 12:00, 0.98518461561081, -0.2350981
20291208 12:00, 0.98505044140072, -0.2294567
20291209 12:00, 0.98491966932985, -0.2233059
20291210 12:00, 0.98479260800847, -0.2166033
20291211 12:00, 0.98466957883270, -0.2093446
20291212 12:00, 0.98455089816190, -0.2015494
20291213 12:00, 0.98443686699263, -0.1932496
20291214 12:00, 0.98432776617280, -0.1844823
20291215 12:00, 0.98422385478712, -0.1752855
20291216 12:00, 0.98412536967694, -0.1656982
20291217 12:00, 0.98403252463140, -0.1557616
20291218 12:00, 0.98394550836518, -0.1455219
20291219 12:00, 0.98386448091906, -0.1350326
20291220 12:00, 0.98378956858549, -0.1243572
20291221 12:00, 0.98372085786619, -0.1135702
20291222 12:00, 0.98365838926413, -0.1027562
20291223 12:00, 0.98360215183459, -0.0920082
20291224 12:00, 0.98355207933316, -0.0814241
20291225 12:00, 0.98350804855308, -0.0711025
20291226 12:00, 0.98346988017967, -0.0611383
20291227 12:00, 0.98343734238020, -0.0516177
20291228 12:00, 0.98341015750157, -0.0426120
20291229 12:00, 0.98338801260187, -0.0341706
20291230 12:00, 0.98337057480959, -0.0263115
20291231 12:00, 0.98335751221355, -0.0190120
20300101 12:00, 0.98334851969161, -0.0122014
20300102 12:00, 0.98334334679911, -0.0057618
20300103 12:00, 0.98334182246037,  0.0004610
20300104 12:00, 0.98334387038425,  0.0066370
20300105 12:00, 0.98334951109680,  0.0129275
20300106 12:00, 0.98335885070087,  0.0194649
20300107 12:00, 0.98337206063432,  0.0263422
20300108 12:00, 0.98338935456669,  0.0336135
20300109 12:00, 0.98341096769259,  0.0413008
20300110 12:00, 0.98343714127407,  0.0494047
20300111 12:00, 0.98346811289811,  0.0579134
20300112 12:00, 0.98350411138458,  0.0668092
20300113 12:00, 0.98354535465174,  0.0760722
20300114 12:00, 0.98359204880446,  0.0856814
20300115 12:00, 0.98364438693378,  0.0956124
20300116 12:00, 0.98370254643590,  0.1058344
20300117 12:00, 0.98376668404187,  0.1163059
20300118 12:00, 0.98383692824376,  0.1269701
20300119 12:00, 0.98391336944787,  0.1377514
20300120 12:00, 0.98399604893217,  0.1485554
20300121 12:00, 0.98408494835189,  0.1592709
20300122 12:00, 0.98417998185501,  0.1697766
20300123 12:00, 0.98428099262951,  0.1799496
20300124 12:00, 0.98438775494235,  0.1896758
20300125 12:00, 0.98449998175848,  0.1988586
20300126 12:00, 0.98461733726893,  0.2074266
20300127 12:00, 0.98473945334849,  0.2153402
20300128 12:00, 0.98486594900038,  0.2225952
20300129 12:00, 0.98499645185892,  0.2292258
20300130 12:00, 0.98513062046090,  0.2353044
20300131 12:00, 0.98526816522867,  0.2409372
20300201 12:00, 0.98540886535760,  0.2462541
20300202 12:00, 0.98555257875907,  0.2513952
20300203 12:00, 0.98569924333128,  0.2564950
20300204 12:00, 0.98584886986490,  0.2616696
20300205 12:00, 0.98600152892794,  0.2670091
20300206 12:00, 0.98615733517276,  0.2725763
20300207 12:00, 0.98631643233150,  0.2784100
20300208 12:00, 0.98647898108221,  0.2845312
20300209 12:00, 0.98664515063204,  0.2909495
20300210 12:00, 0.98681511376949,  0.2976684
20300211 12:00, 0.98698904445327,  0.3046888
20300212 12:00, 0.98716711666237,  0.3120098
20300213 12:00, 0.98734950309132,  0.3196274
20300214 12:00, 0.98753637224766,  0.3275303
20300215 12:00, 0.98772788261439,  0.3356940
20300216 12:00, 0.98792417290494,  0.3440732
20300217 12:00, 0.98812534823542,  0.3525959
20300218 12:00, 0.98833146333829,  0.3611596
20300219 12:00, 0.98854250550254,  0.3696343
20300220 12:00, 0.98875838110288,  0.3778720
20300221 12:00, 0.98897890956844,  0.3857225
20300222 12:00, 0.98920382707606,  0.3930505
20300223 12:00, 0.98943279969105,  0.3997504
20300224 12:00, 0.98966544335831,  0.4057552
20300225 12:00, 0.98990134711030,  0.4110388
20300226 12:00, 0.99014009624170,  0.4156136
20300227 12:00, 0.99038129333324,  0.4195261
20300228 12:00, 0.99062457606120,  0.4228503
20300301 12:00, 0.99086963126746,  0.4256812
20300302 12:00, 0.99111620485403,  0.4281270
20300303 12:00, 0.99136410705869,  0.4303009
20300304 12:00, 0.99161321289617,  0.4323127
20300305 12:00, 0.99186345810412,  0.4342619
20300306 12:00, 0.99211483163011,  0.4362326
20300307 12:00, 0.99236736622209,  0.4382924
20300308 12:00, 0.99262112881469,  0.4404925
20300309 12:00, 0.99287621211601,  0.4428714
20300310 12:00, 0.99313272824714,  0.4454586
20300311 12:00, 0.99339080466373,  0.4482783
20300312 12:00, 0.99365058202529,  0.4513524
20300313 12:00, 0.99391221320648,  0.4547012
20300314 12:00, 0.99417586223551,  0.4583425
20300315 12:00, 0.99444170157980,  0.4622869
20300316 12:00, 0.99470990594765,  0.4665299
20300317 12:00, 0.99498064086620,  0.4710424
20300318 12:00, 0.99525404510520,  0.4757593
20300319 12:00, 0.99553020786578,  0.4805734
20300320 12:00, 0.99580914436135,  0.4853371
20300321 12:00, 0.99609077586593,  0.4898759
20300322 12:00, 0.99637492071432,  0.4940121
20300323 12:00, 0.99666130001024,  0.4975908
20300324 12:00, 0.99694955694158,  0.5004996
20300325 12:00, 0.99723928435493,  0.5026770
20300326 12:00, 0.99753005386639,  0.5041097
20300327 12:00, 0.99782144133584,  0.5048239
20300328 12:00, 0.99811304633673,  0.5048739
20300329 12:00, 0.99840450559836,  0.5043326
20300330 12:00, 0.99869550155444,  0.5032842
20300331 12:00, 0.99898576726639,  0.5018191
20300401 12:00, 0.99927508862265,  0.5000293
20300402 12:00, 0.99956330430299,  0.4980049
20300403 12:00, 0.99985030378802,  0.4958313
20300404 12:00, 1.00013602372927,  0.4935862
20300405 12:00, 1.00042044317745,  0.4913386
20300406 12:00, 1.00070357834905,  0.4891482
20300407 12:00, 1.00098547767535,  0.4870670
20300408 12:00, 1.00126621777383,  0.4851412
20300409 12:00, 1.00154590072408,  0.4834131
20300410 12:00, 1.00182465265618,  0.4819239
20300411 12:00, 1.00210262319531,  0.4807139
20300412 12:00, 1.00237998475632,  0.4798211
20300413 12:00, 1.00265693006150,  0.4792766
20300414 12:00, 1.00293366568049,  0.4790955
20300415 12:00, 1.00321039919194,  0.4792638
20300416 12:00, 1.00348731833335,  0.4797245
20300417 12:00, 1.00376456285068,  0.4803676
20300418 12:00, 1.00404219358883,  0.4810314
20300419 12:00, 1.00432016704384,  0.4815205
20300420 12:00, 1.00459832425271,  0.4816362
20300421 12:00, 1.00487639874670,  0.4812099
20300422 12:00, 1.00515404112913,  0.4801255
20300423 12:00, 1.00543085216554,  0.4783262
20300424 12:00, 1.00570641528331,  0.4758068
20300425 12:00, 1.00598032244088,  0.4725995
20300426 12:00, 1.00625219151822,  0.4687596
20300427 12:00, 1.00652167635856,  0.4643550
20300428 12:00, 1.00678847175191,  0.4594588
20300429 12:00, 1.00705231551791,  0.4541464
20300430 12:00, 1.00731298916184,  0.4484935
20300501 12:00, 1.00757031785775,  0.4425756
20300502 12:00, 1.00782416999590,  0.4364667
20300503 12:00, 1.00807445628081,  0.4302392
20300504 12:00, 1.00832112834468,  0.4239623
20300505 12:00, 1.00856417696257,  0.4177022
20300506 12:00, 1.00880363011669,  0.4115217
20300507 12:00, 1.00903955125821,  0.4054810
20300508 12:00, 1.00927203808679,  0.3996387
20300509 12:00, 1.00950122196764,  0.3940529
20300510 12:00, 1.00972726771232,  0.3887811
20300511 12:00, 1.00995037285588,  0.3838786
20300512 12:00, 1.01017076480516,  0.3793923
20300513 12:00, 1.01038869347495,  0.3753510
20300514 12:00, 1.01060441670075,  0.3717507
20300515 12:00, 1.01081817656840,  0.3685384
20300516 12:00, 1.01103016758298,  0.3656014
20300517 12:00, 1.01124050212303,  0.3627700
20300518 12:00, 1.01144918274976,  0.3598385
20300519 12:00, 1.01165609117100,  0.3566005
20300520 12:00, 1.01186099825395,  0.3528837
20300521 12:00, 1.01206359119485,  0.3485728
20300522 12:00, 1.01226350821941,  0.3436128
20300523 12:00, 1.01246037106182,  0.3379990
20300524 12:00, 1.01265380945828,  0.3317611
20300525 12:00, 1.01284347648779,  0.3249482
20300526 12:00, 1.01302905651163,  0.3176182
20300527 12:00, 1.01321026840861,  0.3098320
20300528 12:00, 1.01338686650778,  0.3016513
20300529 12:00, 1.01355864085721,  0.2931382
20300530 12:00, 1.01372541769716,  0.2843561
20300531 12:00, 1.01388706041042,  0.2753703
20300601 12:00, 1.01404347084405,  0.2662487
20300602 12:00, 1.01419459072412,  0.2570614
20300603 12:00, 1.01434040288459,  0.2478806
20300604 12:00, 1.01448093214962,  0.2387795
20300605 12:00, 1.01461624586392,  0.2298320
20300606 12:00, 1.01474645416309,  0.2211123
20300607 12:00, 1.01487171001872,  0.2126944
20300608 12:00, 1.01499220880694,  0.2046508
20300609 12:00, 1.01510818660554,  0.1970492
20300610 12:00, 1.01521991568063,  0.1899457
20300611 12:00, 1.01532769491096,  0.1833742
20300612 12:00, 1.01543183272513,  0.1773313
20300613 12:00, 1.01553262125534,  0.1717618
20300614 12:00, 1.01563030342279,  0.1665500
20300615 12:00, 1.01572503901621,  0.1615262
20300616 12:00, 1.01581687913981,  0.1564888
20300617 12:00, 1.01590575759251,  0.1512391
20300618 12:00, 1.01599150197888,  0.1456125
20300619 12:00, 1.01607385985820,  0.1394981
20300620 12:00, 1.01615253076888,  0.1328397
20300621 12:00, 1.01622719553257,  0.1256263
20300622 12:00, 1.01629753804636,  0.1178771
20300623 12:00, 1.01636325878260,  0.1096284
20300624 12:00, 1.01642408167616,  0.1009239
20300625 12:00, 1.01647975687428,  0.0918102
20300626 12:00, 1.01653006159716,  0.0823344
20300627 12:00, 1.01657480073769,  0.0725454
20300628 12:00, 1.01661380817227,  0.0624950
20300629 12:00, 1.01664694919105,  0.0522405
20300630 12:00, 1.01667412401016,  0.0418459
20300701 12:00, 1.01669527200424,  0.0313827
20300702 12:00, 1.01671037610729,  0.0209302
20300703 12:00, 1.01671946678718,  0.0105734
20300704 12:00, 1.01672262508689,  0.0004020
20300705 12:00, 1.01671998437567, -0.0094929
20300706 12:00, 1.01671173054958, -0.0190210
20300707 12:00, 1.01669810034008, -0.0280973
20300708 12:00, 1.01667937706626, -0.0366465
20300709 12:00, 1.01665588266817, -0.0446117
20300710 12:00, 1.01662796445654, -0.0519641
20300711 12:00, 1.01659597520091, -0.0587154
20300712 12:00, 1.01656024651438, -0.0649284
20300713 12:00, 1.01652105815018, -0.0707196
20300714 12:00, 1.01647860896062, -0.0762499
20300715 12:00, 1.01643299692944, -0.0817033
20300716 12:00, 1.01638421402739, -0.0872582
20300717 12:00, 1.01633215683369, -0.0930632
20300718 12:00, 1.01627664855829, -0.0992225
20300719 12:00, 1.01621746532350, -0.1057957
20300720 12:00, 1.01615436026154, -0.1128046
20300721 12:00, 1.01608708178549, -0.1202457
20300722 12:00, 1.01601538530672, -0.1280999
20300723 12:00, 1.01593903955818, -0.1363410
20300724 12:00, 1.01585782942568, -0.1449398
20300725 12:00, 1.01577155718330, -0.1538653
20300726 12:00, 1.01568004368502, -0.1630838
20300727 12:00, 1.01558313062557, -0.1725564
20300728 12:00, 1.01548068452753, -0.1822355
20300729 12:00, 1.01537260263844, -0.1920617
20300730 12:00, 1.01525882042127, -0.2019618
20300731 12:00, 1.01513931983526, -0.2118481
20300801 12:00, 1.01501413722924, -0.2216206
20300802 12:00, 1.01488336952410, -0.2311703
20300803 12:00, 1.01474717750408, -0.2403861
20300804 12:00, 1.01460578539953, -0.2491606
20300805 12:00, 1.01445947634537, -0.2573985
20300806 12:00, 1.01430858354808, -0.2650230
20300807 12:00, 1.01415347704061, -0.2719845
20300808 12:00, 1.01399454592399, -0.2782680
20300809 12:00, 1.01383217633882, -0.2838997
20300810 12:00, 1.01366672638169, -0.2889506
20300811 12:00, 1.01349850071144, -0.2935337
20300812 12:00, 1.01332772900890, -0.2977931
20300813 12:00, 1.01315455270322, -0.3018870
20300814 12:00, 1.01297902277184, -0.3059674
20300815 12:00, 1.01280110840022, -0.3101631
20300816 12:00, 1.01262071332400, -0.3145711
20300817 12:00, 1.01243769520814, -0.3192544
20300818 12:00, 1.01225188383466, -0.3242476
20300819 12:00, 1.01206309548860, -0.3295644
20300820 12:00, 1.01187114273800, -0.3352050
20300821 12:00, 1.01167584013862, -0.3411632
20300822 12:00, 1.01147700710274, -0.3474288
20300823 12:00, 1.01127446940715, -0.3539898
20300824 12:00, 1.01106806079044, -0.3608304
20300825 12:00, 1.01085762593632, -0.3679277
20300826 12:00, 1.01064302587724, -0.3752471
20300827 12:00, 1.01042414641662, -0.3827365
20300828 12:00, 1.01020090947851, -0.3903224
20300829 12:00, 1.00997328635885, -0.3979074
20300830 12:00, 1.00974131086407, -0.4053731
20300831 12:00, 1.00950508966325, -0.4125872
20300901 12:00, 1.00926480725052, -0.4194147
20300902 12:00, 1.00902072384638, -0.4257304
20300903 12:00, 1.00877316603194, -0.4314314
20300904 12:00, 1.00852251127831, -0.4364458
20300905 12:00, 1.00826916828892, -0.4407379
20300906 12:00, 1.00801355514832, -0.4443109
20300907 12:00, 1.00775607701320, -0.4472061
20300908 12:00, 1.00749710491791, -0.4494996
20300909 12:00, 1.00723695736600, -0.4512959
20300910 12:00, 1.00697588653414, -0.4527184
20300911 12:00, 1.00671407071399, -0.4538974
20300912 12:00, 1.00645161379018, -0.4549584
20300913 12:00, 1.00618855123735, -0.4560114
20300914 12:00, 1.00592486082636, -0.4571455
20300915 12:00, 1.00566047550543, -0.4584270
20300916 12:00, 1.00539529599249, -0.4599019
20300917 12:00, 1.00512920130679, -0.4616002
20300918 12:00, 1.00486205640472, -0.4635413
20300919 12:00, 1.00459371693979, -0.4657388
20300920 12:00, 1.00432403179453, -0.4682029
20300921 12:00, 1.00405284444029, -0.4709419
20300922 12:00, 1.00377999444785, -0.4739607
20300923 12:00, 1.00350532064230, -0.4772562
20300924 12:00, 1.00322866742458, -0.4808107
20300925 12:00, 1.00294989550051, -0.4845840
20300926 12:00, 1.00266889742395, -0.4885050
20300927 12:00, 1.00238561683136, -0.4924676
20300928 12:00, 1.00210006826700, -0.4963335
20300929 12:00, 1.00181235290187, -0.4999437
20300930 12:00, 1.00152266536659, -0.5031370
20301001 12:00, 1.00123128893043, -0.5057710
20301002 12:00, 1.00093857963857, -0.5077382
20301003 12:00, 1.00064494303201, -0.5089754
20301004 12:00, 1.00035080826832, -0.5094637
20301005 12:00, 1.00005660370186, -0.5092235
20301006 12:00, 0.99976273624746, -0.5083072
20301007 12:00, 0.99946957527264, -0.5067913
20301008 12:00, 0.99917744090802, -0.5047687
20301009 12:00, 0.99888659647382, -0.5023420
20301010 12:00, 0.99859724481771, -0.4996169
20301011 12:00, 0.99830952838688, -0.4966958
20301012 12:00, 0.99802353265421, -0.4936730
20301013 12:00, 0.99773929214937, -0.4906302
20301014 12:00, 0.99745679800140, -0.4876357
20301015 12:00, 0.99717600575836, -0.4847448
20301016 12:00, 0.99689684238000, -0.4820017
20301017 12:00, 0.99661921164864, -0.4794430
20301018 12:00, 0.99634299770561, -0.4771006
20301019 12:00, 0.99606806690680, -0.4750045
20301020 12:00, 0.99579426866844, -0.4731833
20301021 12:00, 0.99552143645429, -0.4716631
20301022 12:00, 0.99524939053611, -0.4704625
20301023 12:00, 0.99497794454387, -0.4695842
20301024 12:00, 0.99470691782615, -0.4690036
20301025 12:00, 0.99443615478790, -0.4686566
20301026 12:00, 0.99416555022852, -0.4684323
20301027 12:00, 0.99389507646430, -0.4681747
20301028 12:00, 0.99362480509975, -0.4676996
20301029 12:00, 0.99335491598288, -0.4668215
20301030 12:00, 0.99308568943291, -0.4653825
20301031 12:00, 0.99281748376597, -0.4632726
20301101 12:00, 0.99255070489943, -0.4604368
20301102 12:00, 0.99228577581638, -0.4568695
20301103 12:00, 0.99202311129856, -0.4526026
20301104 12:00, 0.99176309987383, -0.4476931
20301105 12:00, 0.99150609233946, -0.4422133
20301106 12:00, 0.99125239513452, -0.4362436
20301107 12:00, 0.99100226688058, -0.4298686
20301108 12:00, 0.99075591696015, -0.4231738
20301109 12:00, 0.99051350557450, -0.4162436
20301110 12:00, 0.99027514507598, -0.4091590
20301111 12:00, 0.99004090245355, -0.4019959
20301112 12:00, 0.98981080273589, -0.3948235
20301113 12:00, 0.98958483289091, -0.3877043
20301114 12:00, 0.98936294566632, -0.3806946
20301115 12:00, 0.98914506281362, -0.3738458
20301116 12:00, 0.98893107729327, -0.3672065
20301117 12:00, 0.98872085436507, -0.3608242
20301118 12:00, 0.98851423191401, -0.3547461
20301119 12:00, 0.98831102094729, -0.3490177
20301120 12:00, 0.98811100790314, -0.3436774
20301121 12:00, 0.98791396110812, -0.3387475
20301122 12:00, 0.98771964403299, -0.3342200
20301123 12:00, 0.98752783723894, -0.3300411
20301124 12:00, 0.98733836833381, -0.3261008
20301125 12:00, 0.98715114494861, -0.3222338
20301126 12:00, 0.98696618161749, -0.3182397
20301127 12:00, 0.98678361087517, -0.3139166
20301128 12:00, 0.98660367382855, -0.3090956
20301129 12:00, 0.98642669354746, -0.3036640
20301130 12:00, 0.98625304054829, -0.2975695
20301201 12:00, 0.98608310009944, -0.2908109
20301202 12:00, 0.98591724727287, -0.2834221
20301203 12:00, 0.98575583106796, -0.2754574
20301204 12:00, 0.98559916594744, -0.2669807
20301205 12:00, 0.98544752814206, -0.2580597
20301206 12:00, 0.98530115438669, -0.2487632
20301207 12:00, 0.98516024154405, -0.2391606
20301208 12:00, 0.98502494636089, -0.2293214
20301209 12:00, 0.98489538517755, -0.2193159
20301210 12:00, 0.98477163372719, -0.2092145
20301211 12:00, 0.98465372723925, -0.1990869
20301212 12:00, 0.98454166096479, -0.1890016
20301213 12:00, 0.98443539105705, -0.1790256
20301214 12:00, 0.98433483557055, -0.1692238
20301215 12:00, 0.98423987527708, -0.1596605
20301216 12:00, 0.98415035410980, -0.1503992
20301217 12:00, 0.98406607937861, -0.1415030
20301218 12:00, 0.98398682247252, -0.1330326
20301219 12:00, 0.98391232154544, -0.1250412
20301220 12:00, 0.98384228851147, -0.1175645
20301221 12:00, 0.98377642312429, -0.1106061
20301222 12:00, 0.98371443620585, -0.1041214
20301223 12:00, 0.98365608139522, -0.0980058
20301224 12:00, 0.98360119019251, -0.0920960
20301225 12:00, 0.98354970069542, -0.0861910
20301226 12:00, 0.98350166992575, -0.0800864
20301227 12:00, 0.98345726499825, -0.0736106
20301228 12:00, 0.98341673686935, -0.0666471
20301229 12:00, 0.98338038636499, -0.0591389
20301230 12:00, 0.98334853237741, -0.0510780
20301231 12:00, 0.98332148806371, -0.0424895
20310101 12:00, 0.98329954620135, -0.0334167
20310102 12:00, 0.98328297190016, -0.0239109
20310103 12:00, 0.98327199991379, -0.0140253
20310104 12:00, 0.98326683407763, -0.0038136
20310105 12:00, 0.98326764714669,  0.0066700
20310106 12:00, 0.98327458007300,  0.0173693
20310107 12:00, 0.98328774038285,  0.0282245
20310108 12:00, 0.98330719975880,  0.0391712
20310109 12:00, 0.98333299120101,  0.0501399
20310110 12:00, 0.98336510623988,  0.0610566
20310111 12:00, 0.98340349261400,  0.0718439
20310112 12:00, 0.98344805266050,  0.0824222
20310113 12:00, 0.98349864248135,  0.0927111
20310114 12:00, 0.98355507186625,  0.1026309
20310115 12:00, 0.98361710508279,  0.1121041
20310116 12:00, 0.98368446305059,  0.1210588
20310117 12:00, 0.98375682806717,  0.1294344
20310118 12:00, 0.98383385295140,  0.1371913
20310119 12:00, 0.98391517676779,  0.1443239
20310120 12:00, 0.98400044850467,  0.1508742
20310121 12:00, 0.98408935761149,  0.1569410
20310122 12:00, 0.98418166645299,  0.1626762
20310123 12:00, 0.98427723641616,  0.1682664
20310124 12:00, 0.98437603942823,  0.1739024
20310125 12:00, 0.98447815123419,  0.1797484
20310126 12:00, 0.98458372960755,  0.1859221
20310127 12:00, 0.98469298543791,  0.1924902
20310128 12:00, 0.98480615494247,  0.1994757
20310129 12:00, 0.98492347817348,  0.2068711
20310130 12:00, 0.98504518523038,  0.2146514
20310131 12:00, 0.98517148900443,  0.2227833
20310201 12:00, 0.98530258223929,  0.2312308
20310202 12:00, 0.98543863669318,  0.2399574
20310203 12:00, 0.98557980265224,  0.2489250
20310204 12:00, 0.98572620761036,  0.2580923
20310205 12:00, 0.98587795346508,  0.2674114
20310206 12:00, 0.98603511206612,  0.2768258
20310207 12:00, 0.98619771939930,  0.2862677
20310208 12:00, 0.98636576906997,  0.2956581
20310209 12:00, 0.98653920600172,  0.3049077
20310210 12:00, 0.98671792132162,  0.3139202
20310211 12:00, 0.98690174924854,  0.3225956
20310212 12:00, 0.98709046652177,  0.3308355
20310213 12:00, 0.98728379466746,  0.3385481
20310214 12:00, 0.98748140536313,  0.3456537
20310215 12:00, 0.98768292936949,  0.3520915
20310216 12:00, 0.98788796979670,  0.3578279
20310217 12:00, 0.98809612048198,  0.3628660
20310218 12:00, 0.98830698950891,  0.3672532
20310219 12:00, 0.98852022615248,  0.3710845
20310220 12:00, 0.98873554721427,  0.3744970
20310221 12:00, 0.98895275709070,  0.3776535
20310222 12:00, 0.98917175648043,  0.3807207
20310223 12:00, 0.98939253776315,  0.3838462
20310224 12:00, 0.98961516931052,  0.3871437
20310225 12:00, 0.98983977398641,  0.3906883
20310226 12:00, 0.99006650751523,  0.3945199
20310227 12:00, 0.99029554069861,  0.3986525
20310228 12:00, 0.99052704706839,  0.4030830
20310301 12:00, 0.99076119564883,  0.4077998
20310302 12:00, 0.99099814746261,  0.4127876
20310303 12:00, 0.99123805409628,  0.4180291
20310304 12:00, 0.99148105672260,  0.4235053
20310305 12:00, 0.99172728422361,  0.4291920
20310306 12:00, 0.99197684937814,  0.4350569
20310307 12:00, 0.99222984248949,  0.4410537
20310308 12:00, 0.99248632239100,  0.4471191
20310309 12:00, 0.99274630549129,  0.4531694
20310310 12:00, 0.99300975429940,  0.4591020
20310311 12:00, 0.99327656745910,  0.4647995
20310312 12:00, 0.99354657343479,  0.4701377
20310313 12:00, 0.99381952949029,  0.4749960
20310314 12:00, 0.99409512664463,  0.4792674
20310315 12:00, 0.99437300028322,  0.4828676
20310316 12:00, 0.99465274544669,  0.4857421
20310317 12:00, 0.99493393562829,  0.4878714
20310318 12:00, 0.99521614395163,  0.4892741
20310319 12:00, 0.99549896548997,  0.4900076
20310320 12:00, 0.99578203900521,  0.4901649
20310321 12:00, 0.99606506570678,  0.4898675
20310322 12:00, 0.99634782230305,  0.4892531
20310323 12:00, 0.99663016620081,  0.4884609
20310324 12:00, 0.99691203228831,  0.4876180
20310325 12:00, 0.99719342272488,  0.4868291
20310326 12:00, 0.99747439264544,  0.4861727
20310327 12:00, 0.99775503507069,  0.4857020
20310328 12:00, 0.99803546764793,  0.4854501
20310329 12:00, 0.99831582265160,  0.4854357
20310330 12:00, 0.99859624049876,  0.4856690
20310331 12:00, 0.99887686618560,  0.4861562
20310401 12:00, 0.99915784755763,  0.4869012
20310402 12:00, 0.99943933408441,  0.4879054
20310403 12:00, 0.99972147470761,  0.4891649
20310404 12:00, 1.00000441334211,  0.4906652
20310405 12:00, 1.00028828081570,  0.4923742
20310406 12:00, 1.00057318260215,  0.4942351
20310407 12:00, 1.00085918278440,  0.4961607
20310408 12:00, 1.00114628621504,  0.4980336
20310409 12:00, 1.00143442235661,  0.4997119
20310410 12:00, 1.00172343497206,  0.5010434
20310411 12:00, 1.00201308100381,  0.5018827
20310412 12:00, 1.00230303970275,  0.5021087
20310413 12:00, 1.00259293036386,  0.5016364
20310414 12:00, 1.00288233520105,  0.5004227
20310415 12:00, 1.00317082360245,  0.4984658
20310416 12:00, 1.00345797491078,  0.4958011
20310417 12:00, 1.00374339811098,  0.4924948
20310418 12:00, 1.00402674768867,  0.4886369
20310419 12:00, 1.00430773527120,  0.4843340
20310420 12:00, 1.00458613671441,  0.4797007
20310421 12:00, 1.00486179441474,  0.4748513
20310422 12:00, 1.00513461501455,  0.4698929
20310423 12:00, 1.00540456327353,  0.4649190
20310424 12:00, 1.00567165344854,  0.4600071
20310425 12:00, 1.00593593980118,  0.4552185
20310426 12:00, 1.00619750773208,  0.4506003
20310427 12:00, 1.00645646660350,  0.4461890
20310428 12:00, 1.00671294472813,  0.4420143
20310429 12:00, 1.00696708642492,  0.4381023
20310430 12:00, 1.00721905053946,  0.4344774
20310501 12:00, 1.00746900939042,  0.4311616
20310502 12:00, 1.00771714670878,  0.4281716
20310503 12:00, 1.00796365281406,  0.4255122
20310504 12:00, 1.00820871518341,  0.4231670
20310505 12:00, 1.00845250304639,  0.4210874
20310506 12:00, 1.00869514606229,  0.4191839
20310507 12:00, 1.00893670959304,  0.4173239
20310508 12:00, 1.00917717185045,  0.4153406
20310509 12:00, 1.00941640964744,  0.4130538
20310510 12:00, 1.00965419803121,  0.4102959
20310511 12:00, 1.00989022478181,  0.4069355
20310512 12:00, 1.01012411586231,  0.4028911
20310513 12:00, 1.01035546517810,  0.3981326
20310514 12:00, 1.01058386248247,  0.3926740
20310515 12:00, 1.01080891581171,  0.3865627
20310516 12:00, 1.01103026754632,  0.3798688
20310517 12:00, 1.01124760488991,  0.3726761
20310518 12:00, 1.01146066608360,  0.3650765
20310519 12:00, 1.01166924346982,  0.3571649
20310520 12:00, 1.01187318409814,  0.3490352
20310521 12:00, 1.01207238826381,  0.3407774
20310522 12:00, 1.01226680630393,  0.3324744
20310523 12:00, 1.01245643409720,  0.3242008
20310524 12:00, 1.01264130788814,  0.3160219
20310525 12:00, 1.01282149915742,  0.3079945
20310526 12:00, 1.01299711021117,  0.3001689
20310527 12:00, 1.01316827095681,  0.2925909
20310528 12:00, 1.01333513700095,  0.2853039
20310529 12:00, 1.01349788877508,  0.2783505
20310530 12:00, 1.01365673087662,  0.2717716
20310531 12:00, 1.01381189021365,  0.2656026
20310601 12:00, 1.01396361093369,  0.2598661
20310602 12:00, 1.01411214374844,  0.2545600
20310603 12:00, 1.01425772764385,  0.2496434
20310604 12:00, 1.01440056373863,  0.2450247
20310605 12:00, 1.01454078446184,  0.2405583
20310606 12:00, 1.01467842520343,  0.2360571
20310607 12:00, 1.01481340755938,  0.2313195
20310608 12:00, 1.01494554078449,  0.2261637
20310609 12:00, 1.01507454152941,  0.2204543
20310610 12:00, 1.01520006527592,  0.2141154
20310611 12:00, 1.01532174015852,  0.2071267
20310612 12:00, 1.01543919577851,  0.1995111
20310613 12:00, 1.01555208373453,  0.1913194
20310614 12:00, 1.01566009014071,  0.1826186
20310615 12:00, 1.01576294218136,  0.1734830
20310616 12:00, 1.01586041099385,  0.1639900
20310617 12:00, 1.01595231261952,  0.1542173
20310618 12:00, 1.01603850802595,  0.1442426
20310619 12:00, 1.01611890261165,  0.1341422
20310620 12:00, 1.01619344526686,  0.1239901
20310621 12:00, 1.01626212697114,  0.1138578
20310622 12:00, 1.01632497898614,  0.1038134
20310623 12:00, 1.01638207084853,  0.0939214
20310624 12:00, 1.01643350848572,  0.0842434
20310625 12:00, 1.01647943278532,  0.0748390
20310626 12:00, 1.01652001880132,  0.0657671
20310627 12:00, 1.01655547544732,  0.0570861
20310628 12:00, 1.01658604499781,  0.0488527
20310629 12:00, 1.01661200100880,  0.0411174
20310630 12:00, 1.01663364249148,  0.0339159
20310701 12:00, 1.01665128166406,  0.0272558
20310702 12:00, 1.01666522302419,  0.0211001
20310703 12:00, 1.01667573363898,  0.0153545
20310704 12:00, 1.01668300864930,  0.0098654
20310705 12:00, 1.01668714053236,  0.0044351
20310706 12:00, 1.01668810237728, -0.0011461
20310707 12:00, 1.01668575166665, -0.0070631
20310708 12:00, 1.01667985315018, -0.0134489
20310709 12:00, 1.01667011241207, -0.0203754
20310710 12:00, 1.01665620987893, -0.0278600
20310711 12:00, 1.01663782808549, -0.0358807
20310712 12:00, 1.01661466974062, -0.0443919
20310713 12:00, 1.01658646766681, -0.0533366
20310714 12:00, 1.01655298918080, -0.0626533
20310715 12:00, 1.01651403747854, -0.0722795
20310716 12:00, 1.01646945190796, -0.0821524
20310717 12:00, 1.01641910822043, -0.0922086
20310718 12:00, 1.01636291923854, -0.1023831
20310719 12:00, 1.01630083593884, -0.1126088
20310720 12:00, 1.01623284871927, -0.1228162
20310721 12:00, 1.01615898857486, -0.1329342
20310722 12:00, 1.01607932799181, -0.1428905
20310723 12:00, 1.01599398151767, -0.1526117
20310724 12:00, 1.01590310608226, -0.1620245
20310725 12:00, 1.01580690113523, -0.1710551
20310726 12:00, 1.01570560845035, -0.1796309
20310727 12:00, 1.01559951097921, -0.1876827
20310728 12:00, 1.01548892944077, -0.1951500
20310729 12:00, 1.01537421457630, -0.2019913
20310730 12:00, 1.01525573259679, -0.2081972
20310731 12:00, 1.01513384201016, -0.2138061
20310801 12:00, 1.01500886245342, -0.2189153
20310802 12:00, 1.01488104026990, -0.2236799
20310803 12:00, 1.01475051952905, -0.2282944
20310804 12:00, 1.01461732784240, -0.2329616
20310805 12:00, 1.01448138186358, -0.2378581
20310806 12:00, 1.01434250985836, -0.2431107
20310807 12:00, 1.01420048297464, -0.2487905
20310808 12:00, 1.01405504597832, -0.2549200
20310809 12:00, 1.01390594140520, -0.2614869
20310810 12:00, 1.01375292529829, -0.2684588
20310811 12:00, 1.01359577568823, -0.2757934
20310812 12:00, 1.01343429620222, -0.2834451
20310813 12:00, 1.01326831718103, -0.2913671
20310814 12:00, 1.01309769612824, -0.2995119
20310815 12:00, 1.01292231864898, -0.3078296
20310816 12:00, 1.01274210044204, -0.3162654
20310817 12:00, 1.01255699043059, -0.3247587
20310818 12:00, 1.01236697475778, -0.3332413
20310819 12:00, 1.01217208114197, -0.3416374
20310820 12:00, 1.01197238299869, -0.3498648
20310821 12:00, 1.01176800278899, -0.3578362
20310822 12:00, 1.01155911419539, -0.3654619
20310823 12:00, 1.01134594285496, -0.3726522
20310824 12:00, 1.01112876536615, -0.3793210
20310825 12:00, 1.01090790603934, -0.3853900
20310826 12:00, 1.01068373039656, -0.3907962
20310827 12:00, 1.01045663394070, -0.3955008
20310828 12:00, 1.01022702463618, -0.3995013
20310829 12:00, 1.00999529844953, -0.4028434
20310830 12:00, 1.00976180956398, -0.4056264
20310831 12:00, 1.00952684005289, -0.4079987
20310901 12:00, 1.00929057620694, -0.4101397
20310902 12:00, 1.00905309824176, -0.4122324
20310903 12:00, 1.00881438610811, -0.4144371
20310904 12:00, 1.00857433857233, -0.4168728
20310905 12:00, 1.00833279889231, -0.4196128
20310906 12:00, 1.00808958007225, -0.4226902
20310907 12:00, 1.00784448505865, -0.4261087
20310908 12:00, 1.00759732031784, -0.4298542
20310909 12:00, 1.00734790350797, -0.4339031
20310910 12:00, 1.00709606703036, -0.4382286
20310911 12:00, 1.00684165942121, -0.4428019
20310912 12:00, 1.00658454627114, -0.4475923
20310913 12:00, 1.00632461193783, -0.4525651
20310914 12:00, 1.00606176286794, -0.4576779
20310915 12:00, 1.00579593287959, -0.4628778
20310916 12:00, 1.00552709025758, -0.4680981
20310917 12:00, 1.00525524600123, -0.4732574
20310918 12:00, 1.00498046212321, -0.4782609
20310919 12:00, 1.00470285865501, -0.4830033
20310920 12:00, 1.00442261806928, -0.4873746
20310921 12:00, 1.00413998615987, -0.4912668
20310922 12:00, 1.00385526886830, -0.4945808
20310923 12:00, 1.00356882488855, -0.4972342
20310924 12:00, 1.00328105399182, -0.4991684
20310925 12:00, 1.00299238098103, -0.5003567
20310926 12:00, 1.00270323532338, -0.5008107
20310927 12:00, 1.00241402719151, -0.5005860
20310928 12:00, 1.00212512199069, -0.4997815
20310929 12:00, 1.00183681703011, -0.4985322
20310930 12:00, 1.00154932483060, -0.4969937
20311001 12:00, 1.00126276669630, -0.4953228
20311002 12:00, 1.00097717756503, -0.4936591
20311003 12:00, 1.00069251996261, -0.4921125
20311004 12:00, 1.00040870273355, -0.4907589
20311005 12:00, 1.00012559996581, -0.4896437
20311006 12:00, 0.99984306682341, -0.4887884
20311007 12:00, 0.99956095084990, -0.4881992
20311008 12:00, 0.99927909886248, -0.4878734
20311009 12:00, 0.99899736049085, -0.4878044
20311010 12:00, 0.99871558980066, -0.4879837
20311011 12:00, 0.99843364649650, -0.4884000
20311012 12:00, 0.99815139809524, -0.4890368
20311013 12:00, 0.99786872425445, -0.4898677
20311014 12:00, 0.99758552408553, -0.4908509
20311015 12:00, 0.99730172668042, -0.4919235
20311016 12:00, 0.99701730418634, -0.4929990
20311017 12:00, 0.99673228569565, -0.4939674
20311018 12:00, 0.99644676932594, -0.4947009
20311019 12:00, 0.99616092961852, -0.4950646
20311020 12:00, 0.99587501807654, -0.4949293
20311021 12:00, 0.99558935611880, -0.4941840
20311022 12:00, 0.99530432131462, -0.4927466
20311023 12:00, 0.99502032881198, -0.4905698
20311024 12:00, 0.99473781010866, -0.4876446
20311025 12:00, 0.99445719100733, -0.4839995
20311026 12:00, 0.99417887024483, -0.4796991
20311027 12:00, 0.99390320023359, -0.4748382
20311028 12:00, 0.99363047154661, -0.4695345
20311029 12:00, 0.99336090283629, -0.4639174
20311030 12:00, 0.99309463739962, -0.4581165
20311031 12:00, 0.99283174650531, -0.4522500
20311101 12:00, 0.99257223824619, -0.4464175
20311102 12:00, 0.99231606965317, -0.4406960
20311103 12:00, 0.99206315951393, -0.4351414
20311104 12:00, 0.99181339978320, -0.4297916
20311105 12:00, 0.99156666433712, -0.4246720
20311106 12:00, 0.99132281473914, -0.4198007
20311107 12:00, 0.99108170341792, -0.4151918
20311108 12:00, 0.99084317515885, -0.4108577
20311109 12:00, 0.99060706814171, -0.4068087
20311110 12:00, 0.99037321598814, -0.4030494
20311111 12:00, 0.99014145241300, -0.3995737
20311112 12:00, 0.98991161997710, -0.3963557
20311113 12:00, 0.98968358386910, -0.3933414
20311114 12:00, 0.98945725035609, -0.3904418
20311115 12:00, 0.98923258756597, -0.3875323
20311116 12:00, 0.98900964422549, -0.3844606
20311117 12:00, 0.98878856106443, -0.3810638
20311118 12:00, 0.98856957084246, -0.3771896
20311119 12:00, 0.98835298619636, -0.3727165
20311120 12:00, 0.98813917813698, -0.3675652
20311121 12:00, 0.98792855013452, -0.3617023
20311122 12:00, 0.98772151256953, -0.3551363
20311123 12:00, 0.98751846063222, -0.3479100
20311124 12:00, 0.98731975684319, -0.3400924
20311125 12:00, 0.98712571813712, -0.3317710
20311126 12:00, 0.98693660705160, -0.3230457
20311127 12:00, 0.98675262666671, -0.3140216
20311128 12:00, 0.98657391911560, -0.3048035
20311129 12:00, 0.98640056745470, -0.2954903
20311130 12:00, 0.98623260040243, -0.2861708
20311201 12:00, 0.98606999907699, -0.2769208
20311202 12:00, 0.98591270459293, -0.2678030
20311203 12:00, 0.98576062535063, -0.2588685
20311204 12:00, 0.98561364308329, -0.2501591
20311205 12:00, 0.98547161712990, -0.2417109
20311206 12:00, 0.98533438687586, -0.2335574
20311207 12:00, 0.98520177278633, -0.2257309
20311208 12:00, 0.98507357694450, -0.2182624
20311209 12:00, 0.98494958451345, -0.2111786
20311210 12:00, 0.98482956802825, -0.2044952
20311211 12:00, 0.98471329670085, -0.1982060
20311212 12:00, 0.98460055256709, -0.1922705
20311213 12:00, 0.98449115376891, -0.1866029
20311214 12:00, 0.98438498231658, -0.1810683
20311215 12:00, 0.98428201014563, -0.1754929
20311216 12:00, 0.98418231532865, -0.1696879
20311217 12:00, 0.98408608213683, -0.1634795
20311218 12:00, 0.98399358417361, -0.1567355
20311219 12:00, 0.98390515587835, -0.1493784
20311220 12:00, 0.98382116063957, -0.1413842
20311221 12:00, 0.98374196253360, -0.1327724
20311222 12:00, 0.98366790519257, -0.1235922
20311223 12:00, 0.98359929801007, -0.1139113
20311224 12:00, 0.98353640809717, -0.1038073
20311225 12:00, 0.98347945604559, -0.0933630
20311226 12:00, 0.98342861400434, -0.0826630
20311227 12:00, 0.98338400523214, -0.0717917
20311228 12:00, 0.98334570479895, -0.0608312
20311229 12:00, 0.98331374134740, -0.0498599
20311230 12:00, 0.98328809980976, -0.0389506
20311231 12:00, 0.98326872481388, -0.0281700
20320101 12:00, 0.98325552432944, -0.0175784
20320102 12:00, 0.98324837301291, -0.0072311
20320103 12:00, 0.98324711476245,  0.0028204
20320104 12:00, 0.98325156420689,  0.0125259
20320105 12:00, 0.98326150721648,  0.0218358
20320106 12:00, 0.98327670103758,  0.0307010
20320107 12:00, 0.98329687531493,  0.0390757
20320108 12:00, 0.98332173601663,  0.0469253
20320109 12:00, 0.98335097488338,  0.0542376
20320110 12:00, 0.98338428693450,  0.0610388
20320111 12:00, 0.98342139696639,  0.0674078
20320112 12:00, 0.98346209236325,  0.0734821
20320113 12:00, 0.98350625482531,  0.0794476
20320114 12:00, 0.98355388075288,  0.0855098
20320115 12:00, 0.98360508225560,  0.0918578
20320116 12:00, 0.98366006804259,  0.0986331
20320117 12:00, 0.98371911128440,  0.1059168
20320118 12:00, 0.98378251485979,  0.1137325
20320119 12:00, 0.98385058221641,  0.1220612
20320120 12:00, 0.98392359732492,  0.1308570
20320121 12:00, 0.98400181319956,  0.1400604
20320122 12:00, 0.98408544653428,  0.1496061
20320123 12:00, 0.98417467580434,  0.1594275
20320124 12:00, 0.98426964083637,  0.1694574
20320125 12:00, 0.98437044269030,  0.1796286
20320126 12:00, 0.98447714339825,  0.1898732
20320127 12:00, 0.98458976556340,  0.2001226
20320128 12:00, 0.98470829203149,  0.2103078
20320129 12:00, 0.98483266585175,  0.2203601
20320130 12:00, 0.98496279060849,  0.2302116
20320131 12:00, 0.98509853102110,  0.2397956
20320201 12:00, 0.98523971357376,  0.2490464
20320202 12:00, 0.98538612693438,  0.2578986
20320203 12:00, 0.98553752211929,  0.2662872
20320204 12:00, 0.98569361279546,  0.2741482
20320205 12:00, 0.98585407678780,  0.2814224
20320206 12:00, 0.98601856069419,  0.2880626
20320207 12:00, 0.98618669022209,  0.2940460
20320208 12:00, 0.98635808883806,  0.2993904
20320209 12:00, 0.98653240569196,  0.3041689
20320210 12:00, 0.98670935002827,  0.3085164
20320211 12:00, 0.98688872445245,  0.3126179
20320212 12:00, 0.98707044659036,  0.3166807
20320213 12:00, 0.98725455113152,  0.3208969
20320214 12:00, 0.98744117172285,  0.3254133
20320215 12:00, 0.98763050997096,  0.3303177
20320216 12:00, 0.98782280193771,  0.3356433
20320217 12:00, 0.98801829021004,  0.3413824
20320218 12:00, 0.98821720491379,  0.3475019
20320219 12:00, 0.98841975312633,  0.3539568
20320220 12:00, 0.98862611425447,  0.3606973
20320221 12:00, 0.98883643869746,  0.3676730
20320222 12:00, 0.98905084767900,  0.3748332
20320223 12:00, 0.98926943289726,  0.3821261
20320224 12:00, 0.98949225532859,  0.3894969
20320225 12:00, 0.98971934304975,  0.3968861
20320226 12:00, 0.98995068831033,  0.4042291
20320227 12:00, 0.99018624429405,  0.4114553
20320228 12:00, 0.99042592205678,  0.4184896
20320229 12:00, 0.99066958803999,  0.4252528
20320301 12:00, 0.99091706239015,  0.4316640
20320302 12:00, 0.99116811816885,  0.4376414
20320303 12:00, 0.99142248153620,  0.4431047
20320304 12:00, 0.99167983323027,  0.4479776
20320305 12:00, 0.99193981217544,  0.4521925
20320306 12:00, 0.99220202272480,  0.4556989
20320307 12:00, 0.99246604755125,  0.4584746
20320308 12:00, 0.99273146796882,  0.4605393
20320309 12:00, 0.99299789181301,  0.4619664
20320310 12:00, 0.99326498575650,  0.4628857
20320311 12:00, 0.99353250521108,  0.4634715
20320312 12:00, 0.99380031327600,  0.4639173
20320313 12:00, 0.99406838270389,  0.4644042
20320314 12:00, 0.99433678090956,  0.4650757
20320315 12:00, 0.99460564401283,  0.4660256
20320316 12:00, 0.99487514827960,  0.4673003
20320317 12:00, 0.99514548564166,  0.4689098
20320318 12:00, 0.99541684638807,  0.4708406
20320319 12:00, 0.99568940896532,  0.4730667
20320320 12:00, 0.99596333510646,  0.4755572
20320321 12:00, 0.99623876806508,  0.4782792
20320322 12:00, 0.99651583199092,  0.4811993
20320323 12:00, 0.99679463098983,  0.4842813
20320324 12:00, 0.99707524694108,  0.4874838
20320325 12:00, 0.99735773563860,  0.4907573
20320326 12:00, 0.99764212128937,  0.4940417
20320327 12:00, 0.99792838983737,  0.4972646
20320328 12:00, 0.99821648193860,  0.5003416
20320329 12:00, 0.99850628661453,  0.5031787
20320330 12:00, 0.99879763659621,  0.5056759
20320331 12:00, 0.99909030615940,  0.5077316
20320401 12:00, 0.99938401196198,  0.5092488
20320402 12:00, 0.99967841720599,  0.5101404
20320403 12:00, 0.99997313947823,  0.5103368
20320404 12:00, 1.00026776282912,  0.5097930
20320405 12:00, 1.00056185475650,  0.5084980
20320406 12:00, 1.00085498833507,  0.5064834
20320407 12:00, 1.00114676842030,  0.5038281
20320408 12:00, 1.00143685878372,  0.5006560
20320409 12:00, 1.00172500512537,  0.4971240
20320410 12:00, 1.00201104858423,  0.4934020
20320411 12:00, 1.00229492650028,  0.4896497
20320412 12:00, 1.00257666104548,  0.4859987
20320413 12:00, 1.00285633988413,  0.4825435
20320414 12:00, 1.00313409445666,  0.4793420
20320415 12:00, 1.00341008056897,  0.4764221
20320416 12:00, 1.00368446381097,  0.4737914
20320417 12:00, 1.00395741021881,  0.4714451
20320418 12:00, 1.00422908122427,  0.4693727
20320419 12:00, 1.00449963134240,  0.4675612
20320420 12:00, 1.00476920696951,  0.4659954
20320421 12:00, 1.00503794483019,  0.4646565
20320422 12:00, 1.00530596888069,  0.4635184
20320423 12:00, 1.00557338482834,  0.4625431
20320424 12:00, 1.00584027191578,  0.4616763
20320425 12:00, 1.00610667228994,  0.4608435
20320426 12:00, 1.00637257908227,  0.4599496
20320427 12:00, 1.00663792507600,  0.4588815
20320428 12:00, 1.00690257422762,  0.4575154
20320429 12:00, 1.00716631809434,  0.4557263
20320430 12:00, 1.00742887839903,  0.4533991
20320501 12:00, 1.00768991585918,  0.4504392
20320502 12:00, 1.00794904447503,  0.4467807
20320503 12:00, 1.00820585000051,  0.4423925
20320504 12:00, 1.00845991124128,  0.4372820
20320505 12:00, 1.00871082279613,  0.4314965
20320506 12:00, 1.00895821757340,  0.4251207
20320507 12:00, 1.00920178687770,  0.4182706
20320508 12:00, 1.00944129547407,  0.4110825
20320509 12:00, 1.00967658934771,  0.4036989
20320510 12:00, 1.00990759513735,  0.3962543
20320511 12:00, 1.01013431207101,  0.3888642
20320512 12:00, 1.01035679886887,  0.3816186
20320513 12:00, 1.01057515879978,  0.3745819
20320514 12:00, 1.01078952573337,  0.3677967
20320515 12:00, 1.01100005299667,  0.3612888
20320516 12:00, 1.01120690566605,  0.3550739
20320517 12:00, 1.01141025597988,  0.3491618
20320518 12:00, 1.01161028095644,  0.3435595
20320519 12:00, 1.01180716097913,  0.3382716
20320520 12:00, 1.01200107795639,  0.3332982
20320521 12:00, 1.01219221161899,  0.3286307
20320522 12:00, 1.01238073263092,  0.3242452
20320523 12:00, 1.01256679160596,  0.3200948
20320524 12:00, 1.01275050401835,  0.3161039
20320525 12:00, 1.01293193241078,  0.3121650
20320526 12:00, 1.01311106892720,  0.3081431
20320527 12:00, 1.01328782230626,  0.3038867
20320528 12:00, 1.01346201323616,  0.2992455
20320529 12:00, 1.01363338011712,  0.2940878
20320530 12:00, 1.01380159451619,  0.2883157
20320531 12:00, 1.01396628326508,  0.2818730
20320601 12:00, 1.01412705325113,  0.2747467
20320602 12:00, 1.01428351549917,  0.2669631
20320603 12:00, 1.01443530638392,  0.2585826
20320604 12:00, 1.01458210492159,  0.2496912
20320605 12:00, 1.01472364568396,  0.2403939
20320606 12:00, 1.01485972706303,  0.2308054
20320607 12:00, 1.01499021472345,  0.2210425
20320608 12:00, 1.01511504037922,  0.2112160
20320609 12:00, 1.01523419655016,  0.2014248
20320610 12:00, 1.01534772850527,  0.1917524
20320611 12:00, 1.01545572493586,  0.1822657
20320612 12:00, 1.01555830887687,  0.1730170
20320613 12:00, 1.01565563004219,  0.1640471
20320614 12:00, 1.01574785920172,  0.1553889
20320615 12:00, 1.01583518465959,  0.1470705
20320616 12:00, 1.01591781038050,  0.1391183
20320617 12:00, 1.01599595486507,  0.1315562
20320618 12:00, 1.01606984947010,  0.1244040
20320619 12:00, 1.01613973451410,  0.1176719
20320620 12:00, 1.01620585132074,  0.1113515
20320621 12:00, 1.01626842861423,  0.1054057
20320622 12:00, 1.01632766278257,  0.0997582
20320623 12:00, 1.01638369369301,  0.0942896
20320624 12:00, 1.01643658054912,  0.0888419
20320625 12:00, 1.01648628433167,  0.0832367
20320626 12:00, 1.01653266290334,  0.0772998
20320627 12:00, 1.01657548128440,  0.0708877
20320628 12:00, 1.01661443456394,  0.0639036
20320629 12:00, 1.01664917727280,  0.0563037
20320630 12:00, 1.01667935255925,  0.0480910
20320701 12:00, 1.01670461662023,  0.0393057
20320702 12:00, 1.01672465669527,  0.0300133
20320703 12:00, 1.01673920302048,  0.0202959
20320704 12:00, 1.01674803601818,  0.0102442
20320705 12:00, 1.01675098997938, -0.0000468
20320706 12:00, 1.01674795410650, -0.0104825
20320707 12:00, 1.01673887142509, -0.0209717
20320708 12:00, 1.01672373592309, -0.0314294
20320709 12:00, 1.01670258833165, -0.0417790
20320710 12:00, 1.01667551111216, -0.0519526
20320711 12:00, 1.01664262332990, -0.0618912
20320712 12:00, 1.01660407608699, -0.0715427
20320713 12:00, 1.01656004902944, -0.0808598
20320714 12:00, 1.01651074815424, -0.0897981
20320715 12:00, 1.01645640474928, -0.0983145
20320716 12:00, 1.01639727481483, -0.1063667
20320717 12:00, 1.01633363774006, -0.1139165
20320718 12:00, 1.01626579238811, -0.1209363
20320719 12:00, 1.01619404826434, -0.1274190
20320720 12:00, 1.01611870953660, -0.1333924
20320721 12:00, 1.01604005098949, -0.1389323
20320722 12:00, 1.01595828797005, -0.1441690
20320723 12:00, 1.01587354641220, -0.1492791
20320724 12:00, 1.01578584188528, -0.1544631
20320725 12:00, 1.01569507550670, -0.1599112
20320726 12:00, 1.01560104888412, -0.1657735
20320727 12:00, 1.01550349312183, -0.1721427
20320728 12:00, 1.01540210282196, -0.1790536
20320729 12:00, 1.01529656676802, -0.1864939
20320730 12:00, 1.01518659080305, -0.1944193
20320731 12:00, 1.01507191233509, -0.2027668
20320801 12:00, 1.01495230820998, -0.2114640
20320802 12:00, 1.01482759830185, -0.2204349
20320803 12:00, 1.01469764677157, -0.2296024
20320804 12:00, 1.01456236221308, -0.2388900
20320805 12:00, 1.01442169725202, -0.2482218
20320806 12:00, 1.01427564774304, -0.2575241
20320807 12:00, 1.01412425154787, -0.2667253
20320808 12:00, 1.01396758690756, -0.2757571
20320809 12:00, 1.01380577055603, -0.2845546
20320810 12:00, 1.01363895585786, -0.2930558
20320811 12:00, 1.01346733130379, -0.3012009
20320812 12:00, 1.01329111960565, -0.3089310
20320813 12:00, 1.01311057736280, -0.3161875
20320814 12:00, 1.01292599480512, -0.3229128
20320815 12:00, 1.01273769445530, -0.3290536
20320816 12:00, 1.01254602676658, -0.3345682
20320817 12:00, 1.01235136013691, -0.3394385
20320818 12:00, 1.01215406274218, -0.3436861
20320819 12:00, 1.01195447519664, -0.3473868
20320820 12:00, 1.01175287665492, -0.3506776
20320821 12:00, 1.01154945171636, -0.3537457
20320822 12:00, 1.01134426845918, -0.3568015
20320823 12:00, 1.01113727585843, -0.3600409
20320824 12:00, 1.01092832166721, -0.3636145
20320825 12:00, 1.01071718393872, -0.3676122
20320826 12:00, 1.01050360580276, -0.3720667
20320827 12:00, 1.01028732504928, -0.3769665
20320828 12:00, 1.01006809472792, -0.3822728
20320829 12:00, 1.00984569505152, -0.3879322
20320830 12:00, 1.00961993895996, -0.3938857
20320831 12:00, 1.00939067403409, -0.4000728
20320901 12:00, 1.00915778288420, -0.4064328
20320902 12:00, 1.00892118333305, -0.4129044
20320903 12:00, 1.00868082900119, -0.4194247
20320904 12:00, 1.00843671039111, -0.4259287
20320905 12:00, 1.00818885626962, -0.4323490
20320906 12:00, 1.00793733504462, -0.4386158
20320907 12:00, 1.00768225588382, -0.4446578
20320908 12:00, 1.00742376946766, -0.4504027
20320909 12:00, 1.00716206841741, -0.4557777
20320910 12:00, 1.00689738749596, -0.4607096
20320911 12:00, 1.00663000354853, -0.4651260
20320912 12:00, 1.00636023477228, -0.4689567
20320913 12:00, 1.00608843827004, -0.4721382
20320914 12:00, 1.00581500406112, -0.4746217
20320915 12:00, 1.00554034311534, -0.4763858
20320916 12:00, 1.00526486717128, -0.4774519
20320917 12:00, 1.00498895988937, -0.4778975
20320918 12:00, 1.00471294258338, -0.4778605
20320919 12:00, 1.00443704216264, -0.4775264
20320920 12:00, 1.00416137105379, -0.4771003
20320921 12:00, 1.00388592606514, -0.4767720
20320922 12:00, 1.00361060610017, -0.4766872
20320923 12:00, 1.00333524169998, -0.4769362
20320924 12:00, 1.00305962681562, -0.4775572
20320925 12:00, 1.00278354541115, -0.4785491
20320926 12:00, 1.00250678976421, -0.4798865
20320927 12:00, 1.00222917088543, -0.4815315
20320928 12:00, 1.00195052325201, -0.4834417
20320929 12:00, 1.00167070635588, -0.4855733
20320930 12:00, 1.00138960511915, -0.4878818
20321001 12:00, 1.00110713056359, -0.4903210
20321002 12:00, 1.00082322148957, -0.4928406
20321003 12:00, 1.00053784739329, -0.4953842
20321004 12:00, 1.00025101243690, -0.4978881
20321005 12:00, 0.99996275999116, -0.5002803
20321006 12:00, 0.99967317711884, -0.5024815
20321007 12:00, 0.99938239837437, -0.5044070
20321008 12:00, 0.99909060843405, -0.5059683
20321009 12:00, 0.99879804325271, -0.5070768
20321010 12:00, 0.99850498953152, -0.5076461
20321011 12:00, 0.99821178215365, -0.5075965
20321012 12:00, 0.99791879885648, -0.5068603
20321013 12:00, 0.99762645088215, -0.5053908
20321014 12:00, 0.99733516802410, -0.5031726
20321015 12:00, 0.99704537691496, -0.5002339
20321016 12:00, 0.99675747310517, -0.4966550
20321017 12:00, 0.99647179041634, -0.4925683
20321018 12:00, 0.99618857401711, -0.4881451
20321019 12:00, 0.99590796453084, -0.4835715
20321020 12:00, 0.99562999776976, -0.4790199
20321021 12:00, 0.99535461936462, -0.4746274
20321022 12:00, 0.99508170871603, -0.4704857
20321023 12:00, 0.99481110497508, -0.4666437
20321024 12:00, 0.99454262932375, -0.4631168
20321025 12:00, 0.99427610087677, -0.4598984
20321026 12:00, 0.99401134621194, -0.4569707
20321027 12:00, 0.99374820405091, -0.4543104
20321028 12:00, 0.99348652707351, -0.4518927
20321029 12:00, 0.99322618270265, -0.4496912
20321030 12:00, 0.99296705431444, -0.4476765
20321031 12:00, 0.99270904388881, -0.4458131
20321101 12:00, 0.99245207665668, -0.4440554
20321102 12:00, 0.99219610779764, -0.4423448
20321103 12:00, 0.99194113069388, -0.4406075
20321104 12:00, 0.99168718572034, -0.4387547
20321105 12:00, 0.99143436818447, -0.4366857
20321106 12:00, 0.99118283396631, -0.4342925
20321107 12:00, 0.99093280169690, -0.4314669
20321108 12:00, 0.99068455082799, -0.4281078
20321109 12:00, 0.99043841544015, -0.4241283
20321110 12:00, 0.99019477388789, -0.4194631
20321111 12:00, 0.98995403436575, -0.4140754
20321112 12:00, 0.98971661643448, -0.4079637
20321113 12:00, 0.98948292886752, -0.4011677
20321114 12:00, 0.98925334515374, -0.3937697
20321115 12:00, 0.98902817948136, -0.3858913
20321116 12:00, 0.98880766728643, -0.3776813
20321117 12:00, 0.98859195443717, -0.3692978
20321118 12:00, 0.98838109730288, -0.3608894
20321119 12:00, 0.98817507294076, -0.3525804
20321120 12:00, 0.98797379593268, -0.3444623
20321121 12:00, 0.98777713729966, -0.3365948
20321122 12:00, 0.98758494159575, -0.3290113
20321123 12:00, 0.98739703996042, -0.3217262
20321124 12:00, 0.98721325862526, -0.3147430
20321125 12:00, 0.98703342357122, -0.3080600
20321126 12:00, 0.98685736263800, -0.3016727
20321127 12:00, 0.98668490657544, -0.2955754
20321128 12:00, 0.98651589049925, -0.2897583
20321129 12:00, 0.98635015707475, -0.2842041
20321130 12:00, 0.98618756249140, -0.2788822
20321201 12:00, 0.98602798580790, -0.2737432
20321202 12:00, 0.98587134144701, -0.2687135
20321203 12:00, 0.98571759352602, -0.2636946
20321204 12:00, 0.98556676959580, -0.2585666
20321205 12:00, 0.98541897072455, -0.2531966
20321206 12:00, 0.98527437517450, -0.2474524
20321207 12:00, 0.98513323423877, -0.2412157
20321208 12:00, 0.98499586060477, -0.2343938
20321209 12:00, 0.98486261106874, -0.2269275
20321210 12:00, 0.98473386599738, -0.2187947
20321211 12:00, 0.98461000768234, -0.2100107
20321212 12:00, 0.98449139917496, -0.2006263
20321213 12:00, 0.98437836484031, -0.1907238
20321214 12:00, 0.98427117390196, -0.1804107
20321215 12:00, 0.98417002842336, -0.1698103
20321216 12:00, 0.98407505705639, -0.1590516
20321217 12:00, 0.98398631519657, -0.1482576
20321218 12:00, 0.98390379102868, -0.1375367
20321219 12:00, 0.98382741578828, -0.1269773
20321220 12:00, 0.98375707590799, -0.1166463
20321221 12:00, 0.98369262477942, -0.1065917
20321222 12:00, 0.98363389249393, -0.0968470
20321223 12:00, 0.98358069279117, -0.0874363
20321224 12:00, 0.98353282724479, -0.0783782
20321225 12:00, 0.98349008731833, -0.0696893
20321226 12:00, 0.98345225533982, -0.0613847
20321227 12:00, 0.98341910574327, -0.0534761
20321228 12:00, 0.98339040814592, -0.0459675
20321229 12:00, 0.98336593390527, -0.0388474
20321230 12:00, 0.98334546752284, -0.0320801
20321231 12:00, 0.98332882333549, -0.0255969
20330101 12:00, 0.98331586618565, -0.0192914
20330102 12:00, 0.98330653249961, -0.0130235
20330103 12:00, 0.98330084645497, -0.0066325
20330104 12:00, 0.98329892603738,  0.0000420
20330105 12:00, 0.98330097635477,  0.0071379
20330106 12:00, 0.98330727153556,  0.0147543
20330107 12:00, 0.98331812973655,  0.0229443
20330108 12:00, 0.98333388667811,  0.0317163
20330109 12:00, 0.98335487183837,  0.0410416
20330110 12:00, 0.98338138929007,  0.0508626
20330111 12:00, 0.98341370342436,  0.0611006
20330112 12:00, 0.98345202899107,  0.0716634
20330113 12:00, 0.98349652482654,  0.0824507
20330114 12:00, 0.98354729089298,  0.0933597
20330115 12:00, 0.98360436843100,  0.1042906
20330116 12:00, 0.98366774295081,  0.1151510
20330117 12:00, 0.98373734950236,  0.1258589
20330118 12:00, 0.98381307934177,  0.1363448
20330119 12:00, 0.98389478693306,  0.1465506
20330120 12:00, 0.98398229628029,  0.1564284
20330121 12:00, 0.98407540585681,  0.1659373
20330122 12:00, 0.98417389180386,  0.1750404
20330123 12:00, 0.98427750953088,  0.1837024
20330124 12:00, 0.98438599433349,  0.1918890
20330125 12:00, 0.98449906215783,  0.1995681
20330126 12:00, 0.98461641217744,  0.2067148
20330127 12:00, 0.98473773330606,  0.2133202
20330128 12:00, 0.98486271683424,  0.2194036
20330129 12:00, 0.98499107651521,  0.2250256
20330130 12:00, 0.98512257512822,  0.2302960
20330131 12:00, 0.98525705301147,  0.2353719
20330201 12:00, 0.98539445086121,  0.2404397
20330202 12:00, 0.98553481879990,  0.2456866
20330203 12:00, 0.98567830772860,  0.2512699
20330204 12:00, 0.98582514549758,  0.2572964
20330205 12:00, 0.98597560541856,  0.2638171
20330206 12:00, 0.98612997539198,  0.2708334
20330207 12:00, 0.98628853309923,  0.2783108
20330208 12:00, 0.98645152893419,  0.2861913
20330209 12:00, 0.98661917568484,  0.2944040
20330210 12:00, 0.98679164295627,  0.3028711
20330211 12:00, 0.98696905447443,  0.3115119
20330212 12:00, 0.98715148704640,  0.3202450
20330213 12:00, 0.98733897059396,  0.3289897
20330214 12:00, 0.98753148909278,  0.3376678
20330215 12:00, 0.98772898238994,  0.3462050
20330216 12:00, 0.98793134879736,  0.3545319
20330217 12:00, 0.98813844818091,  0.3625847
20330218 12:00, 0.98835010510499,  0.3703049
20330219 12:00, 0.98856611154008,  0.3776378
20330220 12:00, 0.98878622874229,  0.3845315
20330221 12:00, 0.98901018817970,  0.3909347
20330222 12:00, 0.98923769180934,  0.3967963
20330223 12:00, 0.98946841260197,  0.4020676
20330224 12:00, 0.98970199694519,  0.4067066
20330225 12:00, 0.98993807128991,  0.4106882
20330226 12:00, 0.99017625574885,  0.4140182
20330227 12:00, 0.99041618658858,  0.4167492
20330228 12:00, 0.99065754691159,  0.4189918
20330301 12:00, 0.99090010039285,  0.4209126
20330302 12:00, 0.99114371872649,  0.4227143
20330303 12:00, 0.99138839293537,  0.4246012
20330304 12:00, 0.99163422384425,  0.4267441
20330305 12:00, 0.99188139528123,  0.4292573
20330306 12:00, 0.99213013950128,  0.4321948
20330307 12:00, 0.99238070464345,  0.4355602
20330308 12:00, 0.99263333009811,  0.4393223
20330309 12:00, 0.99288823101703,  0.4434304
20330310 12:00, 0.99314559023011,  0.4478248
20330311 12:00, 0.99340555487660,  0.4524422
20330312 12:00, 0.99366823537585,  0.4572189
20330313 12:00, 0.99393370515440,  0.4620905
20330314 12:00, 0.99420200033215,  0.4669921
20330315 12:00, 0.99447311915730,  0.4718574
20330316 12:00, 0.99474702132335,  0.4766192
20330317 12:00, 0.99502362741981,  0.4812095
20330318 12:00, 0.99530281871142,  0.4855602
20330319 12:00, 0.99558443728043,  0.4896038
20330320 12:00, 0.99586828639728,  0.4932733
20330321 12:00, 0.99615413090114,  0.4965026
20330322 12:00, 0.99644169745561,  0.4992257
20330323 12:00, 0.99673067485554,  0.5013776
20330324 12:00, 0.99702071512082,  0.5028965
20330325 12:00, 0.99731143688364,  0.5037300
20330326 12:00, 0.99760243336921,  0.5038447
20330327 12:00, 0.99789328762564,  0.5032413
20330328 12:00, 0.99818359679993,  0.5019704
20330329 12:00, 0.99847300444016,  0.5001430
20330330 12:00, 0.99876123528540,  0.4979272
20330331 12:00, 0.99904812300644,  0.4955271
20330401 12:00, 0.99933362134648,  0.4931483
20330402 12:00, 0.99961779462305,  0.4909631
20330403 12:00, 0.99990079166623,  0.4890898
20330404 12:00, 1.00018281266837,  0.4875889
20330405 12:00, 1.00046407833678,  0.4864732
20330406 12:00, 1.00074480680061,  0.4857235
20330407 12:00, 1.00102519931258,  0.4853027
20330408 12:00, 1.00130543301870,  0.4851658
20330409 12:00, 1.00158565816523,  0.4852651
20330410 12:00, 1.00186599736390,  0.4855526
20330411 12:00, 1.00214654522647,  0.4859794
20330412 12:00, 1.00242736739955,  0.4864937
20330413 12:00, 1.00270849862565,  0.4870399
20330414 12:00, 1.00298993989921,  0.4875566
20330415 12:00, 1.00327165507541,  0.4879766
20330416 12:00, 1.00355356742409,  0.4882268
20330417 12:00, 1.00383555660615,  0.4882294
20330418 12:00, 1.00411745642186,  0.4879037
20330419 12:00, 1.00439905352071,  0.4871674
20330420 12:00, 1.00468008718652,  0.4859392
20330421 12:00, 1.00496025043338,  0.4841407
20330422 12:00, 1.00523919303195,  0.4817013
20330423 12:00, 1.00551652768119,  0.4785648
20330424 12:00, 1.00579184111220,  0.4746995
20330425 12:00, 1.00606471197888,  0.4701113
20330426 12:00, 1.00633473630381,  0.4648561
20330427 12:00, 1.00660155860437,  0.4590462
20330428 12:00, 1.00686490321397,  0.4528434
20330429 12:00, 1.00712459774606,  0.4464391
20330430 12:00, 1.00738058154362,  0.4400236
20330501 12:00, 1.00763289681489,  0.4337587
20330502 12:00, 1.00788166635907,  0.4277601
20330503 12:00, 1.00812706557975,  0.4220949
20330504 12:00, 1.00836929622066,  0.4167892
20330505 12:00, 1.00860856624674,  0.4118405
20330506 12:00, 1.00884507691693,  0.4072297
20330507 12:00, 1.00907901585591,  0.4029299
20330508 12:00, 1.00931055404795,  0.3989110
20330509 12:00, 1.00953984469457,  0.3951415
20330510 12:00, 1.00976702229489,  0.3915879
20330511 12:00, 1.00999220082140,  0.3882121
20330512 12:00, 1.01021547036322,  0.3849689
20330513 12:00, 1.01043689208274,  0.3818030
20330514 12:00, 1.01065649178380,  0.3786471
20330515 12:00, 1.01087425279062,  0.3754215
20330516 12:00, 1.01109010911741,  0.3720355
20330517 12:00, 1.01130393999287,  0.3683907
20330518 12:00, 1.01151556667296,  0.3643857
20330519 12:00, 1.01172475220660,  0.3599213
20330520 12:00, 1.01193120457078,  0.3549069
20330521 12:00, 1.01213458351432,  0.3492674
20330522 12:00, 1.01233451156523,  0.3429504
20330523 12:00, 1.01253058977834,  0.3359354
20330524 12:00, 1.01272241854999,  0.3282420
20330525 12:00, 1.01290962281781,  0.3199361
20330526 12:00, 1.01309187915050,  0.3111299
20330527 12:00, 1.01326894026310,  0.3019727
20330528 12:00, 1.01344065164154,  0.2926328
20330529 12:00, 1.01360695631535,  0.2832759
20330530 12:00, 1.01376788718199,  0.2740449
20330531 12:00, 1.01392354999134,  0.2650480
20330601 12:00, 1.01407410221190,  0.2563563
20330602 12:00, 1.01421973278726,  0.2480090
20330603 12:00, 1.01436064597554,  0.2400215
20330604 12:00, 1.01449705031978,  0.2323946
20330605 12:00, 1.01462915220310,  0.2251209
20330606 12:00, 1.01475715262295,  0.2181895
20330607 12:00, 1.01488124558968,  0.2115873
20330608 12:00, 1.01500161664545,  0.2052977
20330609 12:00, 1.01511844022865,  0.1992982
20330610 12:00, 1.01523187492408,  0.1935557
20330611 12:00, 1.01534205607195,  0.1880219
20330612 12:00, 1.01544908581613,  0.1826297
20330613 12:00, 1.01555302144183,  0.1772909
20330614 12:00, 1.01565386364588,  0.1718982
20330615 12:00, 1.01575154692523,  0.1663310
20330616 12:00, 1.01584593427596,  0.1604640
20330617 12:00, 1.01593681776609,  0.1541788
20330618 12:00, 1.01602392549347,  0.1473740
20330619 12:00, 1.01610693439775,  0.1399751
20330620 12:00, 1.01618548773644,  0.1319410
20330621 12:00, 1.01625921581758,  0.1232684
20330622 12:00, 1.01632775855109,  0.1139940
20330623 12:00, 1.01639078820030,  0.1041926
20330624 12:00, 1.01644803027910,  0.0939724
20330625 12:00, 1.01649928011986,  0.0834652
20330626 12:00, 1.01654441274396,  0.0728128
20330627 12:00, 1.01658338465237,  0.0621531
20330628 12:00, 1.01661622784430,  0.0516081
20330629 12:00, 1.01664303808351,  0.0412758
20330630 12:00, 1.01666396041842,  0.0312288
20330701 12:00, 1.01667917491148,  0.0215166
20330702 12:00, 1.01668888468021,  0.0121705
20330703 12:00, 1.01669330720750,  0.0032098
20330704 12:00, 1.01669266886904, -0.0053532
20330705 12:00, 1.01668720193455, -0.0135100
20330706 12:00, 1.01667714290503, -0.0212545
20330707 12:00, 1.01666273084695, -0.0285842
20330708 12:00, 1.01664420430263, -0.0355043
20330709 12:00, 1.01662179540714, -0.0420330
20330710 12:00, 1.01659572014754, -0.0482092
20330711 12:00, 1.01656616443532, -0.0540991
20330712 12:00, 1.01653326692785, -0.0598004
20330713 12:00, 1.01649710114302, -0.0654402
20330714 12:00, 1.01645766075315, -0.0711656
20330715 12:00, 1.01641485217311, -0.0771286
20330716 12:00, 1.01636849716771, -0.0834675
20330717 12:00, 1.01631834560314, -0.0902908
20330718 12:00, 1.01626409588178, -0.0976669
20330719 12:00, 1.01620541922364, -0.1056216
20330720 12:00, 1.01614198412383, -0.1141393
20330721 12:00, 1.01607347844116, -0.1231695
20330722 12:00, 1.01599962778920, -0.1326334
20330723 12:00, 1.01592020966498, -0.1424313
20330724 12:00, 1.01583506303504, -0.1524514
20330725 12:00, 1.01574409319416, -0.1625773
20330726 12:00, 1.01564727192802, -0.1726963
20330727 12:00, 1.01554463345771, -0.1827058
20330728 12:00, 1.01543626719636, -0.1925178
20330729 12:00, 1.01532230876372, -0.2020604
20330730 12:00, 1.01520293079728, -0.2112769
20330731 12:00, 1.01507833484458, -0.2201233
20330801 12:00, 1.01494874513379, -0.2285645
20330802 12:00, 1.01481440445661, -0.2365708
20330803 12:00, 1.01467557186730, -0.2441153
20330804 12:00, 1.01453252143654, -0.2511729
20330805 12:00, 1.01438554087939, -0.2577218
20330806 12:00, 1.01423492849529, -0.2637483
20330807 12:00, 1.01408098659349, -0.2692537
20330808 12:00, 1.01392400966323, -0.2742656
20330809 12:00, 1.01376426636302, -0.2788475
20330810 12:00, 1.01360197626804, -0.2831064
20330811 12:00, 1.01343728504608, -0.2871899
20330812 12:00, 1.01327024420478, -0.2912732
20330813 12:00, 1.01310080197257, -0.2955343
20330814 12:00, 1.01292880912825, -0.3001284
20330815 12:00, 1.01275403867815, -0.3051673
20330816 12:00, 1.01257621395613, -0.3107107
20330817 12:00, 1.01239503829265, -0.3167694
20330818 12:00, 1.01221022094741, -0.3233140
20330819 12:00, 1.01202149684892, -0.3302867
20330820 12:00, 1.01182864009112, -0.3376112
20330821 12:00, 1.01163147234686, -0.3452001
20330822 12:00, 1.01142986752865, -0.3529607
20330823 12:00, 1.01122375367592, -0.3607989
20330824 12:00, 1.01101311263439, -0.3686230
20330825 12:00, 1.01079797786562, -0.3763465
20330826 12:00, 1.01057843072981, -0.3838902
20330827 12:00, 1.01035459573331, -0.3911840
20330828 12:00, 1.01012663538919, -0.3981664
20330829 12:00, 1.00989474539174, -0.4047836
20330830 12:00, 1.00965915070438, -0.4109878
20330831 12:00, 1.00942010291259, -0.4167342
20330901 12:00, 1.00917787882833, -0.4219799
20330902 12:00, 1.00893277987091, -0.4266827
20330903 12:00, 1.00868513119285, -0.4308032
20330904 12:00, 1.00843527889035, -0.4343095
20330905 12:00, 1.00818358306461, -0.4371868
20330906 12:00, 1.00793040433233, -0.4394505
20330907 12:00, 1.00767608223298, -0.4411604
20330908 12:00, 1.00742090644939, -0.4424303
20330909 12:00, 1.00716508567993, -0.4434250
20330910 12:00, 1.00690872261765, -0.4443423
20330911 12:00, 1.00665180387728, -0.4453806
20330912 12:00, 1.00639420922725, -0.4467066
20330913 12:00, 1.00613573719022, -0.4484326
20330914 12:00, 1.00587613858363, -0.4506120
20330915 12:00, 1.00561514890229, -0.4532467
20330916 12:00, 1.00535251372348, -0.4563022
20330917 12:00, 1.00508800553394, -0.4597221
20330918 12:00, 1.00482143327107, -0.4634380
20330919 12:00, 1.00455264693115, -0.4673768
20330920 12:00, 1.00428153940111, -0.4714635
20330921 12:00, 1.00400804696046, -0.4756231
20330922 12:00, 1.00373214917486, -0.4797807
20330923 12:00, 1.00345386839164, -0.4838631
20330924 12:00, 1.00317326880305, -0.4877988
20330925 12:00, 1.00289045502893, -0.4915195
20330926 12:00, 1.00260557029881, -0.4949598
20330927 12:00, 1.00231879448003, -0.4980581
20330928 12:00, 1.00203034230439, -0.5007552
20330929 12:00, 1.00174046211905, -0.5029937
20330930 12:00, 1.00144943528516, -0.5047165
20331001 12:00, 1.00115757594754, -0.5058672
20331002 12:00, 1.00086523029369, -0.5063920
20331003 12:00, 1.00057277364574, -0.5062451
20331004 12:00, 1.00028060295574, -0.5053995
20331005 12:00, 0.99998912194979, -0.5038616
20331006 12:00, 0.99969871706636, -0.5016872
20331007 12:00, 0.99940972522700, -0.4989928
20331008 12:00, 0.99912239912731, -0.4959516
20331009 12:00, 0.99883687987178, -0.4927717
20331010 12:00, 0.99855318679261, -0.4896602
20331011 12:00, 0.99827122854576, -0.4867882
20331012 12:00, 0.99799083110971, -0.4842689
20331013 12:00, 0.99771177272717, -0.4821554
20331014 12:00, 0.99743381603498, -0.4804512
20331015 12:00, 0.99715673185520, -0.4791272
20331016 12:00, 0.99688031375626, -0.4781358
20331017 12:00, 0.99660438532085, -0.4774220
20331018 12:00, 0.99632880289495, -0.4769280
20331019 12:00, 0.99605345622508, -0.4765959
20331020 12:00, 0.99577826859603, -0.4763675
20331021 12:00, 0.99550319730023, -0.4761830
20331022 12:00, 0.99522823467018, -0.4759806
20331023 12:00, 0.99495340952251, -0.4756959
20331024 12:00, 0.99467878868712, -0.4752618
20331025 12:00, 0.99440447829958, -0.4746092
20331026 12:00, 0.99413062466792, -0.4736683
20331027 12:00, 0.99385741470579, -0.4723685
20331028 12:00, 0.99358507605073, -0.4706393
20331029 12:00, 0.99331387695631, -0.4684107
20331030 12:00, 0.99304412578100, -0.4656141
20331031 12:00, 0.99277616936061, -0.4621856
20331101 12:00, 0.99251038879566, -0.4580718
20331102 12:00, 0.99224719042938, -0.4532408
20331103 12:00, 0.99198698953130, -0.4476963
20331104 12:00, 0.99173018520764, -0.4414928
20331105 12:00, 0.99147712797588, -0.4347445
20331106 12:00, 0.99122808582538, -0.4276207
20331107 12:00, 0.99098321811928, -0.4203234
20331108 12:00, 0.99074256615496, -0.4130535
20331109 12:00, 0.99050606354165, -0.4059784
20331110 12:00, 0.99027356190249, -0.3992129
20331111 12:00, 0.99004486269482, -0.3928167
20331112 12:00, 0.98981974638587, -0.3868052
20331113 12:00, 0.98959799406042, -0.3811634
20331114 12:00, 0.98937940064087, -0.3758602
20331115 12:00, 0.98916378142694, -0.3708573
20331116 12:00, 0.98895097448111, -0.3661148
20331117 12:00, 0.98874084115900, -0.3615920
20331118 12:00, 0.98853326646049, -0.3572474
20331119 12:00, 0.98832816021457, -0.3530361
20331120 12:00, 0.98812545953605, -0.3489082
20331121 12:00, 0.98792513252199, -0.3448061
20331122 12:00, 0.98772718279373, -0.3406642
20331123 12:00, 0.98753165425982, -0.3364088
20331124 12:00, 0.98733863540635, -0.3319596
20331125 12:00, 0.98714826251801, -0.3272317
20331126 12:00, 0.98696072143500, -0.3221389
20331127 12:00, 0.98677624763306, -0.3165961
20331128 12:00, 0.98659512442813, -0.3105234
20331129 12:00, 0.98641767885712, -0.3038502
20331130 12:00, 0.98624427430418, -0.2965225
20331201 12:00, 0.98607529845986, -0.2885119
20331202 12:00, 0.98591114517681, -0.2798275
20331203 12:00, 0.98575218979378, -0.2705259
20331204 12:00, 0.98559875984199, -0.2607158
20331205 12:00, 0.98545110613588, -0.2505520
20331206 12:00, 0.98530938133390, -0.2402156
20331207 12:00, 0.98517363214000, -0.2298876
20331208 12:00, 0.98504380707176, -0.2197236
20331209 12:00, 0.98491977636895, -0.2098375
20331210 12:00, 0.98480135728902, -0.2002992
20331211 12:00, 0.98468833814968, -0.1911407
20331212 12:00, 0.98458049700972, -0.1823675
20331213 12:00, 0.98447761383908, -0.1739692
20331214 12:00, 0.98437947709472, -0.1659277
20331215 12:00, 0.98428588652914, -0.1582226
20331216 12:00, 0.98419665415914, -0.1508320
20331217 12:00, 0.98411160503967, -0.1437321
20331218 12:00, 0.98403057908387, -0.1368948
20331219 12:00, 0.98395343473798, -0.1302835
20331220 12:00, 0.98388005484532, -0.1238496
20331221 12:00, 0.98381035449151, -0.1175296
20331222 12:00, 0.98374429004073, -0.1112442
20331223 12:00, 0.98368186806563, -0.1048994
20331224 12:00, 0.98362315261361, -0.0983909
20331225 12:00, 0.98356826937127, -0.0916108
20331226 12:00, 0.98351740576053, -0.0844546
20331227 12:00, 0.98347080661383, -0.0768291
20331228 12:00, 0.98342876554358, -0.0686598
20331229 12:00, 0.98339161227399, -0.0598973
20331230 12:00, 0.98335969613305, -0.0505242
20331231 12:00, 0.98333336594236, -0.0405604
20340101 12:00, 0.98331294707668, -0.0300675
20340102 12:00, 0.98329871761836, -0.0191471
20340103 12:00, 0.98329088690463, -0.0079336
20340104 12:00, 0.98328958046662,  0.0034199
20340105 12:00, 0.98329483454231,  0.0147602
20340106 12:00, 0.98330660098015,  0.0259510
20340107 12:00, 0.98332476048364,  0.0368834
20340108 12:00, 0.98334914021360,  0.0474808
20340109 12:00, 0.98337953153294,  0.0576951
20340110 12:00, 0.98341570484976,  0.0675005
20340111 12:00, 0.98345742020311,  0.0768857
20340112 12:00, 0.98350443367937,  0.0858473
20340113 12:00, 0.98355650063727,  0.0943857
20340114 12:00, 0.98361337711566,  0.1025027
20340115 12:00, 0.98367482089321,  0.1102029
20340116 12:00, 0.98374059361657,  0.1174958
20340117 12:00, 0.98381046525593,  0.1244016
20340118 12:00, 0.98388422181658,  0.1309567
20340119 12:00, 0.98396167660778,  0.1372202
20340120 12:00, 0.98404268437653,  0.1432768
20340121 12:00, 0.98412715638287,  0.1492367
20340122 12:00, 0.98421507344509,  0.1552292
20340123 12:00, 0.98430649370493,  0.1613906
20340124 12:00, 0.98440155272656,  0.1678501
20340125 12:00, 0.98450045532352,  0.1747163
20340126 12:00, 0.98460346040503,  0.1820667
20340127 12:00, 0.98471086129896,  0.1899423
20340128 12:00, 0.98482296413508,  0.1983465
20340129 12:00, 0.98494006630195,  0.2072462
20340130 12:00, 0.98506243635025,  0.2165753
20340131 12:00, 0.98519029642889,  0.2262401
20340201 12:00, 0.98532380840726,  0.2361271
20340202 12:00, 0.98546306491326,  0.2461119
20340203 12:00, 0.98560808621033,  0.2560699
20340204 12:00, 0.98575882301314,  0.2658863
20340205 12:00, 0.98591516424672,  0.2754628
20340206 12:00, 0.98607694785575,  0.2847214
20340207 12:00, 0.98624397244325,  0.2936036
20340208 12:00, 0.98641600781758,  0.3020675
20340209 12:00, 0.98659280323366,  0.3100830
20340210 12:00, 0.98677409291974,  0.3176274
20340211 12:00, 0.98695959917282,  0.3246816
20340212 12:00, 0.98714903381904,  0.3312283
20340213 12:00, 0.98734209921077,  0.3372523
20340214 12:00, 0.98753849022477,  0.3427437
20340215 12:00, 0.98773789892628,  0.3477039
20340216 12:00, 0.98794002353207,  0.3521544
20340217 12:00, 0.98814458276340,  0.3561463
20340218 12:00, 0.98835133532977,  0.3597677
20340219 12:00, 0.98856010212377,  0.3631454
20340220 12:00, 0.98877078640782,  0.3664356
20340221 12:00, 0.98898338619191,  0.3698064
20340222 12:00, 0.98919799435814,  0.3734143
20340223 12:00, 0.98941478572511,  0.3773838
20340224 12:00, 0.98963399430835,  0.3817942
20340225 12:00, 0.98985588631710,  0.3866779
20340226 12:00, 0.99008073411156,  0.3920251
20340227 12:00, 0.99030879433176,  0.3977928
20340228 12:00, 0.99054029121934,  0.4039131
20340301 12:00, 0.99077540477228,  0.4103019
20340302 12:00, 0.99101426294455,  0.4168641
20340303 12:00, 0.99125693725930,  0.4235001
20340304 12:00, 0.99150344148929,  0.4301104
20340305 12:00, 0.99175373316800,  0.4366005
20340306 12:00, 0.99200771755464,  0.4428845
20340307 12:00, 0.99226525338903,  0.4488874
20340308 12:00, 0.99252615951821,  0.4545459
20340309 12:00, 0.99279022139796,  0.4598075
20340310 12:00, 0.99305719661400,  0.4646277
20340311 12:00, 0.99332681888661,  0.4689679
20340312 12:00, 0.99359880044299,  0.4727919
20340313 12:00, 0.99387283311031,  0.4760650
20340314 12:00, 0.99414858898675,  0.4787539
20340315 12:00, 0.99442572209342,  0.4808301
20340316 12:00, 0.99470387294529,  0.4822770
20340317 12:00, 0.99498267829708,  0.4831002
20340318 12:00, 0.99526178797452,  0.4833414
20340319 12:00, 0.99554088910855,  0.4830897
20340320 12:00, 0.99581973500300,  0.4824847
20340321 12:00, 0.99609817217319,  0.4817066
20340322 12:00, 0.99637615708017,  0.4809508
20340323 12:00, 0.99665375607352,  0.4803972
20340324 12:00, 0.99693112788411,  0.4801824
20340325 12:00, 0.99720849431379,  0.4803872
20340326 12:00, 0.99748610771362,  0.4810380
20340327 12:00, 0.99776422244581,  0.4821176
20340328 12:00, 0.99804307382461,  0.4835794
20340329 12:00, 0.99832286463221,  0.4853591
20340330 12:00, 0.99860375748675,  0.4873829
20340331 12:00, 0.99888587099946,  0.4895729
20340401 12:00, 0.99916927812925,  0.4918493
20340402 12:00, 0.99945400582452,  0.4941327
20340403 12:00, 0.99974003558496,  0.4963455
20340404 12:00, 1.00002730485753,  0.4984130
20340405 12:00, 1.00031570921265,  0.5002649
20340406 12:00, 1.00060510512053,  0.5018362
20340407 12:00, 1.00089531297901,  0.5030670
20340408 12:00, 1.00118611993966,  0.5039019
20340409 12:00, 1.00147728210467,  0.5042885
20340410 12:00, 1.00176852585314,  0.5041760
20340411 12:00, 1.00205954840688,  0.5035142
20340412 12:00, 1.00235001826593,  0.5022542
20340413 12:00, 1.00263957682213,  0.5003519
20340414 12:00, 1.00292784321343,  0.4977760
20340415 12:00, 1.00321442503777,  0.4945202
20340416 12:00, 1.00349893731557,  0.4906193
20340417 12:00, 1.00378103027633,  0.4861622
20340418 12:00, 1.00406042276824,  0.4812970
20340419 12:00, 1.00433693349295,  0.4762178
20340420 12:00, 1.00461049989297,  0.4711357
20340421 12:00, 1.00488117732915,  0.4662420
20340422 12:00, 1.00514911863279,  0.4616794
20340423 12:00, 1.00541454154127,  0.4575296
20340424 12:00, 1.00567769426836,  0.4538183
20340425 12:00, 1.00593882699068,  0.4505292
20340426 12:00, 1.00619817236116,  0.4476204
20340427 12:00, 1.00645593437196,  0.4450363
20340428 12:00, 1.00671228312915,  0.4427161
20340429 12:00, 1.00696735296159,  0.4405970
20340430 12:00, 1.00722124192917,  0.4386163
20340501 12:00, 1.00747401160425,  0.4367104
20340502 12:00, 1.00772568667085,  0.4348149
20340503 12:00, 1.00797625432861,  0.4328645
20340504 12:00, 1.00822566369871,  0.4307928
20340505 12:00, 1.00847382544651,  0.4285330
20340506 12:00, 1.00872061172320,  0.4260186
20340507 12:00, 1.00896585636905,  0.4231835
20340508 12:00, 1.00920935520742,  0.4199621
20340509 12:00, 1.00945086627762,  0.4162892
20340510 12:00, 1.00969011007529,  0.4121001
20340511 12:00, 1.00992677032943,  0.4073326
20340512 12:00, 1.01016049653480,  0.4019315
20340513 12:00, 1.01039091025194,  0.3958571
20340514 12:00, 1.01061761773416,  0.3890985
20340515 12:00, 1.01084023107629,  0.3816895
20340516 12:00, 1.01105839800540,  0.3737213
20340517 12:00, 1.01127183645290,  0.3653449
20340518 12:00, 1.01148036563244,  0.3567559
20340519 12:00, 1.01168392367264,  0.3481645
20340520 12:00, 1.01188256544040,  0.3397593
20340521 12:00, 1.01207644175936,  0.3316808
20340522 12:00, 1.01226576795674,  0.3240117
20340523 12:00, 1.01245079155288,  0.3167827
20340524 12:00, 1.01263176609136,  0.3099866
20340525 12:00, 1.01280893364479,  0.3035932
20340526 12:00, 1.01298251511947,  0.2975609
20340527 12:00, 1.01315270595866,  0.2918439
20340528 12:00, 1.01331967474170,  0.2863953
20340529 12:00, 1.01348356274319,  0.2811674
20340530 12:00, 1.01364448323242,  0.2761106
20340531 12:00, 1.01380251992853,  0.2711718
20340601 12:00, 1.01395772451556,  0.2662931
20340602 12:00, 1.01411011346074,  0.2614104
20340603 12:00, 1.01425966456881,  0.2564538
20340604 12:00, 1.01440631374892,  0.2513484
20340605 12:00, 1.01454995239187,  0.2460152
20340606 12:00, 1.01469042561591,  0.2403732
20340607 12:00, 1.01482753154119,  0.2343410
20340608 12:00, 1.01496102180819,  0.2278396
20340609 12:00, 1.01509060384884,  0.2207958
20340610 12:00, 1.01521594594261,  0.2131483
20340611 12:00, 1.01533668667752,  0.2048574
20340612 12:00, 1.01545245069091,  0.1959168
20340613 12:00, 1.01556287187944,  0.1863668
20340614 12:00, 1.01566762311850,  0.1763029
20340615 12:00, 1.01576644813318,  0.1658734
20340616 12:00, 1.01585918808868,  0.1552634
20340617 12:00, 1.01594579514937,  0.1446671
20340618 12:00, 1.01602632896932,  0.1342582
20340619 12:00, 1.01610093814703,  0.1241686
20340620 12:00, 1.01616983344464,  0.1144814
20340621 12:00, 1.01623326055508,  0.1052362
20340622 12:00, 1.01629147787035,  0.0964395
20340623 12:00, 1.01634474129556,  0.0880779
20340624 12:00, 1.01639329551835,  0.0801274
20340625 12:00, 1.01643736986598,  0.0725595
20340626 12:00, 1.01647717665932,  0.0653441
20340627 12:00, 1.01651291028967,  0.0584490
20340628 12:00, 1.01654474573371,  0.0518386
20340629 12:00, 1.01657283572026,  0.0454711
20340630 12:00, 1.01659730623529,  0.0392953
20340701 12:00, 1.01661825050548,  0.0332486
20340702 12:00, 1.01663572201858,  0.0272559
20340703 12:00, 1.01664972746790,  0.0212306
20340704 12:00, 1.01666022066966,  0.0150768
20340705 12:00, 1.01666709845319,  0.0086937
20340706 12:00, 1.01667019930409,  0.0019812
20340707 12:00, 1.01666930528181, -0.0051549
20340708 12:00, 1.01666414759298, -0.0127956
20340709 12:00, 1.01665441625325, -0.0210010
20340710 12:00, 1.01663977439723, -0.0298025
20340711 12:00, 1.01661987767765, -0.0391934
20340712 12:00, 1.01659439842392, -0.0491218
20340713 12:00, 1.01656305262768, -0.0594885
20340714 12:00, 1.01652562580704, -0.0701538
20340715 12:00, 1.01648199250363, -0.0809525
20340716 12:00, 1.01643212482973, -0.0917156
20340717 12:00, 1.01637608836277, -0.1022916
20340718 12:00, 1.01631402748386, -0.1125608
20340719 12:00, 1.01624614497052, -0.1224407
20340720 12:00, 1.01617268110873, -0.1318829
20340721 12:00, 1.01609389613459, -0.1408652
20340722 12:00, 1.01601005766470, -0.1493829
20340723 12:00, 1.01592143297502, -0.1574408
20340724 12:00, 1.01582828494677, -0.1650487
20340725 12:00, 1.01573087011805, -0.1722186
20340726 12:00, 1.01562943729422, -0.1789655
20340727 12:00, 1.01552422536348, -0.1853093
20340728 12:00, 1.01541545924763, -0.1912791
20340729 12:00, 1.01530334330561, -0.1969180
20340730 12:00, 1.01518805205763, -0.2022868
20340731 12:00, 1.01506971882940, -0.2074675
20340801 12:00, 1.01494842373390, -0.2125620
20340802 12:00, 1.01482418306963, -0.2176883
20340803 12:00, 1.01469694241451, -0.2229717
20340804 12:00, 1.01456657524977, -0.2285347
20340805 12:00, 1.01443288797387, -0.2344853
20340806 12:00, 1.01429563105835, -0.2409076
20340807 12:00, 1.01415451528778, -0.2478539
20340808 12:00, 1.01400923169078, -0.2553397
20340809 12:00, 1.01385947372873, -0.2633409
20340810 12:00, 1.01370496021305, -0.2717941
20340811 12:00, 1.01354545705632, -0.2806006
20340812 12:00, 1.01338079548219, -0.2896347
20340813 12:00, 1.01321088419877, -0.2987560
20340814 12:00, 1.01303571373758, -0.3078240
20340815 12:00, 1.01285535269307, -0.3167109
20340816 12:00, 1.01266993740414, -0.3253109
20340817 12:00, 1.01247965790416, -0.3335441
20340818 12:00, 1.01228474323773, -0.3413547
20340819 12:00, 1.01208544858362, -0.3487069
20340820 12:00, 1.01188204550455, -0.3555790
20340821 12:00, 1.01167481555250, -0.3619573
20340822 12:00, 1.01146404665881, -0.3678327
20340823 12:00, 1.01125003125837, -0.3731987
20340824 12:00, 1.01103306484474, -0.3780516
20340825 12:00, 1.01081344353243, -0.3823935
20340826 12:00, 1.01059145919816, -0.3862381
20340827 12:00, 1.01036739097726, -0.3896171
20340828 12:00, 1.01014149247965, -0.3925883
20340829 12:00, 1.00991397521587, -0.3952402
20340830 12:00, 1.00968499031076, -0.3976929
20340831 12:00, 1.00945461213648, -0.4000904
20340901 12:00, 1.00922282816497, -0.4025866
20340902 12:00, 1.00898953841124, -0.4053274
20340903 12:00, 1.00875456542390, -0.4084326
20340904 12:00, 1.00851767296908, -0.4119845
20340905 12:00, 1.00827858971137, -0.4160221
20340906 12:00, 1.00803703396990, -0.4205428
20340907 12:00, 1.00779273662786, -0.4255067
20340908 12:00, 1.00754546059536, -0.4308439
20340909 12:00, 1.00729501616162, -0.4364616
20340910 12:00, 1.00704127195433, -0.4422519
20340911 12:00, 1.00678416129513, -0.4481001
20340912 12:00, 1.00652368385727, -0.4538923
20340913 12:00, 1.00625990289432, -0.4595233
20340914 12:00, 1.00599293886198, -0.4649010
20340915 12:00, 1.00572296076512, -0.4699495
20340916 12:00, 1.00545017679282, -0.4746088
20340917 12:00, 1.00517482566696, -0.4788326
20340918 12:00, 1.00489716969995, -0.4825849
20340919 12:00, 1.00461748999618, -0.4858360
20340920 12:00, 1.00433608367502, -0.4885598
20340921 12:00, 1.00405326250069, -0.4907316
20340922 12:00, 1.00376935186606, -0.4923291
20340923 12:00, 1.00348468866904, -0.4933356
20340924 12:00, 1.00319961628173, -0.4937469
20340925 12:00, 1.00291447472285, -0.4935806
20340926 12:00, 1.00262958465894, -0.4928878
20340927 12:00, 1.00234522538417, -0.4917618
20340928 12:00, 1.00206160952681, -0.4903395
20340929 12:00, 1.00177886008797, -0.4887917
20340930 12:00, 1.00149699677956, -0.4873010
20341001 12:00, 1.00121593686953, -0.4860349
20341002 12:00, 1.00093551109869, -0.4851224
20341003 12:00, 1.00065549021139, -0.4846413
20341004 12:00, 1.00037561510521, -0.4846180
20341005 12:00, 1.00009562442482, -0.4850358
20341006 12:00, 0.99981527621974, -0.4858460
20341007 12:00, 0.99953436306363, -0.4869793
20341008 12:00, 0.99925272165793, -0.4883534
20341009 12:00, 0.99897023836258, -0.4898795
20341010 12:00, 0.99868685180469, -0.4914661
20341011 12:00, 0.99840255324029, -0.4930229
20341012 12:00, 0.99811738501478, -0.4944638
20341013 12:00, 0.99783143739224, -0.4957093
20341014 12:00, 0.99754484414772, -0.4966885
20341015 12:00, 0.99725777750458, -0.4973391
20341016 12:00, 0.99697044311681, -0.4976073
20341017 12:00, 0.99668307576596, -0.4974457
20341018 12:00, 0.99639593625119, -0.4968113
20341019 12:00, 0.99610930962801, -0.4956629
20341020 12:00, 0.99582350452321, -0.4939598
20341021 12:00, 0.99553885272758, -0.4916627
20341022 12:00, 0.99525570764661, -0.4887371
20341023 12:00, 0.99497443954081, -0.4851608
20341024 12:00, 0.99469542506364, -0.4809362
20341025 12:00, 0.99441902894320, -0.4761046
20341026 12:00, 0.99414557746356, -0.4707594
20341027 12:00, 0.99387532697427, -0.4650488
20341028 12:00, 0.99360843488343, -0.4591636
20341029 12:00, 0.99334494267620, -0.4533088
20341030 12:00, 0.99308477778264, -0.4476687
20341031 12:00, 0.99282777414105, -0.4423794
20341101 12:00, 0.99257370434455, -0.4375168
20341102 12:00, 0.99232231363402, -0.4331014
20341103 12:00, 0.99207334826882, -0.4291118
20341104 12:00, 0.99182657521399, -0.4255001
20341105 12:00, 0.99158179371268, -0.4222041
20341106 12:00, 0.99133884102162, -0.4191554
20341107 12:00, 0.99109759472213, -0.4162832
20341108 12:00, 0.99085797337978, -0.4135165
20341109 12:00, 0.99061993653437, -0.4107845
20341110 12:00, 0.99038348437461, -0.4080173
20341111 12:00, 0.99014865709290, -0.4051464
20341112 12:00, 0.98991553381422, -0.4021057
20341113 12:00, 0.98968423107923, -0.3988318
20341114 12:00, 0.98945490103565, -0.3952647
20341115 12:00, 0.98922772964863, -0.3913472
20341116 12:00, 0.98900293529283, -0.3870241
20341117 12:00, 0.98878076797860, -0.3822409
20341118 12:00, 0.98856150916157, -0.3769432
20341119 12:00, 0.98834547156999, -0.3710774
20341120 12:00, 0.98813299776635, -0.3645947
20341121 12:00, 0.98792445532700, -0.3574591
20341122 12:00, 0.98772022588301, -0.3496605
20341123 12:00, 0.98752068546669, -0.3412312
20341124 12:00, 0.98732617554361, -0.3322604
20341125 12:00, 0.98713696818756, -0.3228986
20341126 12:00, 0.98695323377302, -0.3133436
20341127 12:00, 0.98677502193046, -0.3038094
20341128 12:00, 0.98660226319515, -0.2944884
20341129 12:00, 0.98643479067218, -0.2855222
20341130 12:00, 0.98627237338919, -0.2769909
20341201 12:00, 0.98611475062485, -0.2689195
20341202 12:00, 0.98596165951172, -0.2612933
20341203 12:00, 0.98581285318432, -0.2540741
20341204 12:00, 0.98566811053080, -0.2472125
20341205 12:00, 0.98552724023123, -0.2406555
20341206 12:00, 0.98539008178564, -0.2343498
20341207 12:00, 0.98525650553187, -0.2282418
20341208 12:00, 0.98512641282474, -0.2222774
20341209 12:00, 0.98499973685426, -0.2164003
20341210 12:00, 0.98487644409392, -0.2105515
20341211 12:00, 0.98475653609089, -0.2046686
20341212 12:00, 0.98464005122154, -0.1986864
20341213 12:00, 0.98452706610637, -0.1925379
20341214 12:00, 0.98441769654773, -0.1861546
20341215 12:00, 0.98431209803002, -0.1794676
20341216 12:00, 0.98421046589926, -0.1724079
20341217 12:00, 0.98411303521590, -0.1649071
20341218 12:00, 0.98402007988650, -0.1568995
20341219 12:00, 0.98393191002545, -0.1483266
20341220 12:00, 0.98384886569761, -0.1391449
20341221 12:00, 0.98377130459610, -0.1293392
20341222 12:00, 0.98369958147157, -0.1189376
20341223 12:00, 0.98363401904768, -0.1080244
20341224 12:00, 0.98357487396894, -0.0967433
20341225 12:00, 0.98352230566709, -0.0852836
20341226 12:00, 0.98347635784611, -0.0738510
20341227 12:00, 0.98343695903563, -0.0626330
20341228 12:00, 0.98340394141944, -0.0517727
20341229 12:00, 0.98337707049679, -0.0413577
20341230 12:00, 0.98335607606340, -0.0314257
20341231 12:00, 0.98334067754098, -0.0219774
20350101 12:00, 0.98333060096857, -0.0129915
20350102 12:00, 0.98332558834779, -0.0044355
20350103 12:00, 0.98332540162149,  0.0037263
20350104 12:00, 0.98332982376408,  0.0115307
20350105 12:00, 0.98333865898544,  0.0190147
20350106 12:00, 0.98335173339908,  0.0262175
20350107 12:00, 0.98336889689537,  0.0331826
20350108 12:00, 0.98339002644284,  0.0399607
20350109 12:00, 0.98341503061219,  0.0466107
20350110 12:00, 0.98344385478840,  0.0532011
20350111 12:00, 0.98347648634500,  0.0598088
20350112 12:00, 0.98351295903589,  0.0665170
20350113 12:00, 0.98355335600546,  0.0734129
20350114 12:00, 0.98359781104108,  0.0805842
20350115 12:00, 0.98364650784752,  0.0881154
20350116 12:00, 0.98369967706375,  0.0960837
20350117 12:00, 0.98375759041288,  0.1045531
20350118 12:00, 0.98382055089054,  0.1135663
20350119 12:00, 0.98388887759627,  0.1231345
20350120 12:00, 0.98396288422903,  0.1332261
20350121 12:00, 0.98404285188806,  0.1437590
20350122 12:00, 0.98412899956895,  0.1546013
20350123 12:00, 0.98422145846832,  0.1655841
20350124 12:00, 0.98432025693135,  0.1765245
20350125 12:00, 0.98442532027357,  0.1872528
20350126 12:00, 0.98453648472277,  0.1976329
20350127 12:00, 0.98465352021753,  0.2075719
20350128 12:00, 0.98477615519175,  0.2170178
20350129 12:00, 0.98490409791354,  0.2259509
20350130 12:00, 0.98503705179109,  0.2343724
20350131 12:00, 0.98517472459270,  0.2422948
20350201 12:00, 0.98531683298915,  0.2497356
20350202 12:00, 0.98546310430631,  0.2567139
20350203 12:00, 0.98561327727998,  0.2632503
20350204 12:00, 0.98576710327812,  0.2693684
20350205 12:00, 0.98592434906421,  0.2750985
20350206 12:00, 0.98608480174452,  0.2804815
20350207 12:00, 0.98624827603452,  0.2855727
20350208 12:00, 0.98641462338085,  0.2904442
20350209 12:00, 0.98658374185116,  0.2951850
20350210 12:00, 0.98675558522064,  0.2998983
20350211 12:00, 0.98693016953975,  0.3046955
20350212 12:00, 0.98710757576446,  0.3096886
20350213 12:00, 0.98728794766534,  0.3149817
20350214 12:00, 0.98747148491686,  0.3206629
20350215 12:00, 0.98765843170779,  0.3267971
20350216 12:00, 0.98784906131665,  0.3334192
20350217 12:00, 0.98804365706460,  0.3405281
20350218 12:00, 0.98824249027603,  0.3480828
20350219 12:00, 0.98844579663666,  0.3560013
20350220 12:00, 0.98865375353371,  0.3641650
20350221 12:00, 0.98886646196163,  0.3724302
20350222 12:00, 0.98908393650183,  0.3806444
20350223 12:00, 0.98930610528625,  0.3886635
20350224 12:00, 0.98953281924392,  0.3963660
20350225 12:00, 0.98976386756311,  0.4036603
20350226 12:00, 0.98999899527668,  0.4104847
20350227 12:00, 0.99023791939493,  0.4168026
20350228 12:00, 0.99048034145073,  0.4225958
20350301 12:00, 0.99072595586401,  0.4278568
20350302 12:00, 0.99097445466625,  0.4325841
20350303 12:00, 0.99122552974833,  0.4367786
20350304 12:00, 0.99147887404049,  0.4404429
20350305 12:00, 0.99173418307322,  0.4435839
20350306 12:00, 0.99199115829584,  0.4462162
20350307 12:00, 0.99224951332247,  0.4483683
20350308 12:00, 0.99250898381945,  0.4500891
20350309 12:00, 0.99276934091776,  0.4514533
20350310 12:00, 0.99303040682924,  0.4525629
20350311 12:00, 0.99329207004807,  0.4535443
20350312 12:00, 0.99355429670252,  0.4545380
20350313 12:00, 0.99381713488216,  0.4556846
20350314 12:00, 0.99408071024345,  0.4571097
20350315 12:00, 0.99434521331446,  0.4589106
20350316 12:00, 0.99461088069161,  0.4611485
20350317 12:00, 0.99487797304253,  0.4638455
20350318 12:00, 0.99514675251887,  0.4669851
20350319 12:00, 0.99541746141858,  0.4705157
20350320 12:00, 0.99569030332864,  0.4743558
20350321 12:00, 0.99596542777386,  0.4784010
20350322 12:00, 0.99624291941470,  0.4825328
20350323 12:00, 0.99652279269990,  0.4866282
20350324 12:00, 0.99680499232274,  0.4905701
20350325 12:00, 0.99708939891325,  0.4942549
20350326 12:00, 0.99737583847305,  0.4975975
20350327 12:00, 0.99766409352189,  0.5005324
20350328 12:00, 0.99795391396350,  0.5030116
20350329 12:00, 0.99824502619579,  0.5050010
20350330 12:00, 0.99853713972768,  0.5064754
20350331 12:00, 0.99882995128083,  0.5074151
20350401 12:00, 0.99912314692928,  0.5078028
20350402 12:00, 0.99941640326132,  0.5076229
20350403 12:00, 0.99970938888801,  0.5068639
20350404 12:00, 1.00000176789018,  0.5055228
20350405 12:00, 1.00029320691046,  0.5036129
20350406 12:00, 1.00058338732937,  0.5011736
20350407 12:00, 1.00087202299348,  0.4982792
20350408 12:00, 1.00115888209684,  0.4950438
20350409 12:00, 1.00144380939051,  0.4916168
20350410 12:00, 1.00172674303056,  0.4881690
20350411 12:00, 1.00200772054633,  0.4848698
20350412 12:00, 1.00228687123524,  0.4818639
20350413 12:00, 1.00256439657838,  0.4792545
20350414 12:00, 1.00284054366997,  0.4770962
20350415 12:00, 1.00311557751304,  0.4753974
20350416 12:00, 1.00338975655721,  0.4741285
20350417 12:00, 1.00366331349614,  0.4732315
20350418 12:00, 1.00393644145793,  0.4726288
20350419 12:00, 1.00420928483382,  0.4722303
20350420 12:00, 1.00448193390363,  0.4719396
20350421 12:00, 1.00475442267225,  0.4716591
20350422 12:00, 1.00502672954645,  0.4712946
20350423 12:00, 1.00529878048169,  0.4707591
20350424 12:00, 1.00557045404104,  0.4699759
20350425 12:00, 1.00584158757553,  0.4688790
20350426 12:00, 1.00611198360609,  0.4674136
20350427 12:00, 1.00638141554424,  0.4655334
20350428 12:00, 1.00664963212591,  0.4631987
20350429 12:00, 1.00691636029481,  0.4603733
20350430 12:00, 1.00718130670342,  0.4570229
20350501 12:00, 1.00744415847835,  0.4531144
20350502 12:00, 1.00770458442408,  0.4486180
20350503 12:00, 1.00796223839247,  0.4435130
20350504 12:00, 1.00821676698302,  0.4377969
20350505 12:00, 1.00846782370837,  0.4314983
20350506 12:00, 1.00871509069979,  0.4246896
20350507 12:00, 1.00895830648845,  0.4174941
20350508 12:00, 1.00919729475243,  0.4100813
20350509 12:00, 1.00943198596525,  0.4026471
20350510 12:00, 1.00966242418041,  0.3953835
20350511 12:00, 1.00988875577383,  0.3884485
20350512 12:00, 1.01011120358144,  0.3819469
20350513 12:00, 1.01033003442393,  0.3759268
20350514 12:00, 1.01054552819639,  0.3703875
20350515 12:00, 1.01075795357724,  0.3652931
20350516 12:00, 1.01096755165662,  0.3605859
20350517 12:00, 1.01117452628986,  0.3561961
20350518 12:00, 1.01137903910894,  0.3520480
20350519 12:00, 1.01158120734069,  0.3480640
20350520 12:00, 1.01178110321744,  0.3441661
20350521 12:00, 1.01197875437895,  0.3402782
20350522 12:00, 1.01217414505511,  0.3363263
20350523 12:00, 1.01236721795608,  0.3322406
20350524 12:00, 1.01255787674315,  0.3279559
20350525 12:00, 1.01274598881393,  0.3234119
20350526 12:00, 1.01293138801509,  0.3185525
20350527 12:00, 1.01311387687427,  0.3133250
20350528 12:00, 1.01329322806472,  0.3076786
20350529 12:00, 1.01346918509833,  0.3015630
20350530 12:00, 1.01364146269382,  0.2949290
20350531 12:00, 1.01380974788607,  0.2877306
20350601 12:00, 1.01397370367976,  0.2799320
20350602 12:00, 1.01413297770648,  0.2715180
20350603 12:00, 1.01428721843957,  0.2625094
20350604 12:00, 1.01443610029983,  0.2529775
20350605 12:00, 1.01457935584223,  0.2430525
20350606 12:00, 1.01471680869105,  0.2329170
20350607 12:00, 1.01484839745843,  0.2227812
20350608 12:00, 1.01497418183086,  0.2128481
20350609 12:00, 1.01509432820805,  0.2032798
20350610 12:00, 1.01520908022622,  0.1941800
20350611 12:00, 1.01531872404024,  0.1855936
20350612 12:00, 1.01542355731736,  0.1775181
20350613 12:00, 1.01552386662771,  0.1699201
20350614 12:00, 1.01561991365273,  0.1627488
20350615 12:00, 1.01571192819478,  0.1559459
20350616 12:00, 1.01580010536254,  0.1494501
20350617 12:00, 1.01588460474988,  0.1431997
20350618 12:00, 1.01596555020714,  0.1371327
20350619 12:00, 1.01604302952820,  0.1311862
20350620 12:00, 1.01611709389495,  0.1252963
20350621 12:00, 1.01618775720915,  0.1193978
20350622 12:00, 1.01625499552760,  0.1134248
20350623 12:00, 1.01631874675170,  0.1073112
20350624 12:00, 1.01637891058237,  0.1009910
20350625 12:00, 1.01643534862196,  0.0943982
20350626 12:00, 1.01648788447663,  0.0874671
20350627 12:00, 1.01653630386185,  0.0801324
20350628 12:00, 1.01658035509211,  0.0723302
20350629 12:00, 1.01661975095441,  0.0640023
20350630 12:00, 1.01665417374139,  0.0551029
20350701 12:00, 1.01668328588240,  0.0456113
20350702 12:00, 1.01670674858527,  0.0355468
20350703 12:00, 1.01672424939029,  0.0249832
20350704 12:00, 1.01673553606908,  0.0140551
20350705 12:00, 1.01674044977911,  0.0029482
20350706 12:00, 1.01673894758945, -0.0081274
20350707 12:00, 1.01673110645805, -0.0189726
20350708 12:00, 1.01671710748512, -0.0294298
20350709 12:00, 1.01669720672666, -0.0393980
20350710 12:00, 1.01667170233100, -0.0488310
20350711 12:00, 1.01664090611654, -0.0577252
20350712 12:00, 1.01660512343332, -0.0661042
20350713 12:00, 1.01656464128271, -0.0740061
20350714 12:00, 1.01651972259794, -0.0814751
20350715 12:00, 1.01647060413123, -0.0885573
20350716 12:00, 1.01641749581490, -0.0952995
20350717 12:00, 1.01636058016075, -0.1017501
20350718 12:00, 1.01630001092797, -0.1079605
20350719 12:00, 1.01623591082408, -0.1139870
20350720 12:00, 1.01616836839103, -0.1198918
20350721 12:00, 1.01609743446936, -0.1257433
20350722 12:00, 1.01602311872766, -0.1316155
20350723 12:00, 1.01594538670363, -0.1375870
20350724 12:00, 1.01586415767561, -0.1437391
20350725 12:00, 1.01577930355858, -0.1501540
20350726 12:00, 1.01569064901225, -0.1569128
20350727 12:00, 1.01559797316015, -0.1640915
20350728 12:00, 1.01550101377722, -0.1717561
20350729 12:00, 1.01539947539733, -0.1799540
20350730 12:00, 1.01529304319539, -0.1887027
20350731 12:00, 1.01518140414977, -0.1979763
20350801 12:00, 1.01506427528722, -0.2076954
20350802 12:00, 1.01494143567912, -0.2177255
20350803 12:00, 1.01481275545682, -0.2278890
20350804 12:00, 1.01467821378152, -0.2379908
20350805 12:00, 1.01453790029591, -0.2478484
20350806 12:00, 1.01439200032112, -0.2573160
20350807 12:00, 1.01424076957073, -0.2662962
20350808 12:00, 1.01408450630468, -0.2747380
20350809 12:00, 1.01392352727072, -0.2826264
20350810 12:00, 1.01375815044060, -0.2899700
20350811 12:00, 1.01358868457217, -0.2967906
20350812 12:00, 1.01341542396286, -0.3031157
20350813 12:00, 1.01323864628419, -0.3089750
20350814 12:00, 1.01305861159292, -0.3143999
20350815 12:00, 1.01287556107693, -0.3194247
20350816 12:00, 1.01268971459767, -0.3240894
20350817 12:00, 1.01250126657552, -0.3284425
20350818 12:00, 1.01231038023265, -0.3325440
20350819 12:00, 1.01211718065447, -0.3364662
20350820 12:00, 1.01192174750682, -0.3402938
20350821 12:00, 1.01172410847003, -0.3441215
20350822 12:00, 1.01152423445680, -0.3480504
20350823 12:00, 1.01132203747862, -0.3521825
20350824 12:00, 1.01111737173084, -0.3566150
20350825 12:00, 1.01091003825079, -0.3614336
20350826 12:00, 1.01069979348971, -0.3667057
20350827 12:00, 1.01048636227756, -0.3724721
20350828 12:00, 1.01026945568376, -0.3787382
20350829 12:00, 1.01004879377275, -0.3854663
20350830 12:00, 1.00982413192083, -0.3925717
20350831 12:00, 1.00959528739189, -0.3999261
20350901 12:00, 1.00936216119853, -0.4073706
20350902 12:00, 1.00912475022419, -0.4147360
20350903 12:00, 1.00888314683557, -0.4218643
20350904 12:00, 1.00863752694074, -0.4286262
20350905 12:00, 1.00838813069265, -0.4349292
20350906 12:00, 1.00813524122039, -0.4407161
20350907 12:00, 1.00787916578636, -0.4459591
20350908 12:00, 1.00762022168448, -0.4506499
20350909 12:00, 1.00735872720632, -0.4547921
20350910 12:00, 1.00709499671841, -0.4583949
20350911 12:00, 1.00682933833780, -0.4614704
20350912 12:00, 1.00656205261340, -0.4640329
20350913 12:00, 1.00629343077225, -0.4661008
20350914 12:00, 1.00602375134492, -0.4677005
20350915 12:00, 1.00575327433572, -0.4688705
20350916 12:00, 1.00548223260831, -0.4696670
20350917 12:00, 1.00521082086083, -0.4701664
20350918 12:00, 1.00493918340927, -0.4704665
20350919 12:00, 1.00466740276768, -0.4706827
20350920 12:00, 1.00439549138405, -0.4709406
20350921 12:00, 1.00412338860283, -0.4713658
20350922 12:00, 1.00385096400396, -0.4720725
20350923 12:00, 1.00357802707868, -0.4731530
20350924 12:00, 1.00330434224090, -0.4746701
20350925 12:00, 1.00302964773318, -0.4766509
20350926 12:00, 1.00275367697445, -0.4790845
20350927 12:00, 1.00247618094661, -0.4819213
20350928 12:00, 1.00219695000597, -0.4850753
20350929 12:00, 1.00191583303745, -0.4884313
20350930 12:00, 1.00163275153495, -0.4918552
20351001 12:00, 1.00134770651849, -0.4952079
20351002 12:00, 1.00106077741676, -0.4983592
20351003 12:00, 1.00077211380284, -0.5011979
20351004 12:00, 1.00048192240476, -0.5036376
20351005 12:00, 1.00019045246883, -0.5056170
20351006 12:00, 0.99989798219841, -0.5070965
20351007 12:00, 0.99960480798865, -0.5080517
20351008 12:00, 0.99931123704348, -0.5084685
20351009 12:00, 0.99901758305049, -0.5083381
20351010 12:00, 0.99872416400408, -0.5076540
20351011 12:00, 0.99843130094296, -0.5064123
20351012 12:00, 0.99813931619721, -0.5046131
20351013 12:00, 0.99784852967517, -0.5022656
20351014 12:00, 0.99755925181796, -0.4993946
20351015 12:00, 0.99727177227663, -0.4960486
20351016 12:00, 0.99698634431847, -0.4923060
20351017 12:00, 0.99670316648563, -0.4882777
20351018 12:00, 0.99642236476031, -0.4841026
20351019 12:00, 0.99614397961851, -0.4799354
20351020 12:00, 0.99586796198026, -0.4759284
20351021 12:00, 0.99559417994523, -0.4722131
20351022 12:00, 0.99532243521191, -0.4688861
20351023 12:00, 0.99505248571254, -0.4660018
20351024 12:00, 0.99478407027765, -0.4635724
20351025 12:00, 0.99451693196212, -0.4615721
20351026 12:00, 0.99425083811401, -0.4599437
20351027 12:00, 0.99398559645588, -0.4586058
20351028 12:00, 0.99372106700590, -0.4574600
20351029 12:00, 0.99345716974500, -0.4563982
20351030 12:00, 0.99319388791350, -0.4553107
20351031 12:00, 0.99293126699932, -0.4540929
20351101 12:00, 0.99266940992442, -0.4526512
20351102 12:00, 0.99240846947453, -0.4509069
20351103 12:00, 0.99214863939412, -0.4487968
20351104 12:00, 0.99189014561285, -0.4462723
20351105 12:00, 0.99163323877898, -0.4432959
20351106 12:00, 0.99137818877798, -0.4398377
20351107 12:00, 0.99112528136069, -0.4358722
20351108 12:00, 0.99087481648970, -0.4313755
20351109 12:00, 0.99062710754932, -0.4263251
20351110 12:00, 0.99038248012879, -0.4207018
20351111 12:00, 0.99014126868061, -0.4144953
20351112 12:00, 0.98990380909360, -0.4077127
20351113 12:00, 0.98967042540028, -0.4003898
20351114 12:00, 0.98944140990837, -0.3926023
20351115 12:00, 0.98921699831140, -0.3844708
20351116 12:00, 0.98899734439554, -0.3761563
20351117 12:00, 0.98878250131080, -0.3678424
20351118 12:00, 0.98857241599461, -0.3597086
20351119 12:00, 0.98836693947477, -0.3519036
20351120 12:00, 0.98816585026273, -0.3445280
20351121 12:00, 0.98796888413802, -0.3376295
20351122 12:00, 0.98777576325415, -0.3312092
20351123 12:00, 0.98758621994728, -0.3252326
20351124 12:00, 0.98740001377093, -0.3196418
20351125 12:00, 0.98721694247751, -0.3143638
20351126 12:00, 0.98703684850116, -0.3093177
20351127 12:00, 0.98685962236060, -0.3044185
20351128 12:00, 0.98668520388134, -0.2995809
20351129 12:00, 0.98651358166226, -0.2947218
20351130 12:00, 0.98634479098272, -0.2897630
20351201 12:00, 0.98617891037475, -0.2846332
20351202 12:00, 0.98601605726379, -0.2792692
20351203 12:00, 0.98585638326817, -0.2736156
20351204 12:00, 0.98570006982538, -0.2676243
20351205 12:00, 0.98554732473038, -0.2612518
20351206 12:00, 0.98539837993204, -0.2544575
20351207 12:00, 0.98525349056645, -0.2472016
20351208 12:00, 0.98511293472596, -0.2394444
20351209 12:00, 0.98497701286993, -0.2311487
20351210 12:00, 0.98484604510190, -0.2222850
20351211 12:00, 0.98472036391719, -0.2128420
20351212 12:00, 0.98460029987464, -0.2028403
20351213 12:00, 0.98448615866357, -0.1923476
20351214 12:00, 0.98437819086748, -0.1814876
20351215 12:00, 0.98427656004973, -0.1704358
20351216 12:00, 0.98418131844367, -0.1593973
20351217 12:00, 0.98409239926749, -0.1485730
20351218 12:00, 0.98400962915720, -0.1381264
20351219 12:00, 0.98393275633798, -0.1281638
20351220 12:00, 0.98386148507030, -0.1187321
20351221 12:00, 0.98379550721075, -0.1098297
20351222 12:00, 0.98373452574063, -0.1014223
20351223 12:00, 0.98367826947387, -0.0934569
20351224 12:00, 0.98362650079178, -0.0858715
20351225 12:00, 0.98357901898944, -0.0786008
20351226 12:00, 0.98353566140563, -0.0715786
20351227 12:00, 0.98349630370259, -0.0647385
20351228 12:00, 0.98346085991099, -0.0580140
20351229 12:00, 0.98342928234353, -0.0513391
20351230 12:00, 0.98340156123825, -0.0446487
20351231 12:00, 0.98337772398390, -0.0378793
20360101 12:00, 0.98335783392167, -0.0309700
20360102 12:00, 0.98334198890969, -0.0238621
20360103 12:00, 0.98333031997606, -0.0164993
20360104 12:00, 0.98332299039118, -0.0088261
20360105 12:00, 0.98332019530885, -0.0007875
20360106 12:00, 0.98332216172855,  0.0076716
20360107 12:00, 0.98332914790844,  0.0166039
20360108 12:00, 0.98334144054881,  0.0260537
20360109 12:00, 0.98335934725144,  0.0360468
20360110 12:00, 0.98338318141770,  0.0465748
20360111 12:00, 0.98341323770298,  0.0575787
20360112 12:00, 0.98344975919342,  0.0689381
20360113 12:00, 0.98349290231190,  0.0804754
20360114 12:00, 0.98354270962723,  0.0919794
20360115 12:00, 0.98359910047260,  0.1032411
20360116 12:00, 0.98366188308163,  0.1140895
20360117 12:00, 0.98373078327457,  0.1244121
20360118 12:00, 0.98380547937422,  0.1341559
20360119 12:00, 0.98388563366373,  0.1433156
20360120 12:00, 0.98397091518968,  0.1519172
20360121 12:00, 0.98406101334721,  0.1600031
20360122 12:00, 0.98415564437307,  0.1676225
20360123 12:00, 0.98425455358075,  0.1748265
20360124 12:00, 0.98435751574055,  0.1816661
20360125 12:00, 0.98446433520081,  0.1881927
20360126 12:00, 0.98457484657241,  0.1944600
20360127 12:00, 0.98468891619959,  0.2005244
20360128 12:00, 0.98480644424053,  0.2064466
20360129 12:00, 0.98492736697465,  0.2122910
20360130 12:00, 0.98505165892568,  0.2181254
20360131 12:00, 0.98517933450477,  0.2240200
20360201 12:00, 0.98531044906675,  0.2300463
20360202 12:00, 0.98544509943126,  0.2362762
20360203 12:00, 0.98558342393514,  0.2427814
20360204 12:00, 0.98572560185758,  0.2496316
20360205 12:00, 0.98587185155260,  0.2568917
20360206 12:00, 0.98602242588711,  0.2646149
20360207 12:00, 0.98617760284671,  0.2728329
20360208 12:00, 0.98633766893753,  0.2815410
20360209 12:00, 0.98650289403859,  0.2906841
20360210 12:00, 0.98667349924014,  0.3001479
20360211 12:00, 0.98684962345003,  0.3097644
20360212 12:00, 0.98703129787703,  0.3193335
20360213 12:00, 0.98721843684643,  0.3286563
20360214 12:00, 0.98741084787116,  0.3375664
20360215 12:00, 0.98760825656136,  0.3459482
20360216 12:00, 0.98781033748329,  0.3537396
20360217 12:00, 0.98801674252680,  0.3609220
20360218 12:00, 0.98822712201199,  0.3675062
20360219 12:00, 0.98844113769633,  0.3735192
20360220 12:00, 0.98865846928760,  0.3789949
20360221 12:00, 0.98887881689109,  0.3839694
20360222 12:00, 0.98910190164006,  0.3884795
20360223 12:00, 0.98932746618817,  0.3925633
20360224 12:00, 0.98955527612145,  0.3962625
20360225 12:00, 0.98978512279144,  0.3996250
20360226 12:00, 0.99001682759249,  0.4027073
20360227 12:00, 0.99025024730485,  0.4055755
20360228 12:00, 0.99048527982941,  0.4083057
20360229 12:00, 0.99072186949966,  0.4109824
20360301 12:00, 0.99096001120120,  0.4136956
20360302 12:00, 0.99119975272326,  0.4165378
20360303 12:00, 0.99144119499240,  0.4195999
20360304 12:00, 0.99168448993569,  0.4229669
20360305 12:00, 0.99192983557024,  0.4267123
20360306 12:00, 0.99217746753715,  0.4308915
20360307 12:00, 0.99242764591825,  0.4355321
20360308 12:00, 0.99268063623713,  0.4406235
20360309 12:00, 0.99293668457059,  0.4461078
20360310 12:00, 0.99319598889095,  0.4518766
20360311 12:00, 0.99345867149558,  0.4577785
20360312 12:00, 0.99372475904780,  0.4636376
20360313 12:00, 0.99399417567373,  0.4692791
20360314 12:00, 0.99426675060327,  0.4745525
20360315 12:00, 0.99454223705468,  0.4793464
20360316 12:00, 0.99482033614559,  0.4835915
20360317 12:00, 0.99510071974276,  0.4872544
20360318 12:00, 0.99538304842795,  0.4903276
20360319 12:00, 0.99566698343128,  0.4928192
20360320 12:00, 0.99595219329652,  0.4947453
20360321 12:00, 0.99623835693563,  0.4961254
20360322 12:00, 0.99652516488736,  0.4969802
20360323 12:00, 0.99681232038297,  0.4973331
20360324 12:00, 0.99709954148169,  0.4972127
20360325 12:00, 0.99738656514610,  0.4966566
20360326 12:00, 0.99767315366760,  0.4957156
20360327 12:00, 0.99795910328813,  0.4944569
20360328 12:00, 0.99824425421766,  0.4929654
20360329 12:00, 0.99852850064128,  0.4913427
20360330 12:00, 0.99881179894834,  0.4897017
20360331 12:00, 0.99909417247969,  0.4881598
20360401 12:00, 0.99937571159476,  0.4868302
20360402 12:00, 0.99965656860116,  0.4858128
20360403 12:00, 0.99993694774085,  0.4851863
20360404 12:00, 1.00021709076339,  0.4850008
20360405 12:00, 1.00049725868620,  0.4852720
20360406 12:00, 1.00077771044430,  0.4859764
20360407 12:00, 1.00105867961141,  0.4870496
20360408 12:00, 1.00134035130875,  0.4883893
20360409 12:00, 1.00162284241805,  0.4898635
20360410 12:00, 1.00190618852718,  0.4913252
20360411 12:00, 1.00219034004880,  0.4926293
20360412 12:00, 1.00247516778404,  0.4936475
20360413 12:00, 1.00276047579587,  0.4942780
20360414 12:00, 1.00304601795053,  0.4944487
20360415 12:00, 1.00333151441600,  0.4941142
20360416 12:00, 1.00361666547233,  0.4932498
20360417 12:00, 1.00390116145799,  0.4918447
20360418 12:00, 1.00418468893591,  0.4898959
20360419 12:00, 1.00446693396525,  0.4874040
20360420 12:00, 1.00474758375462,  0.4843724
20360421 12:00, 1.00502632810353,  0.4808071
20360422 12:00, 1.00530286203093,  0.4767208
20360423 12:00, 1.00557689086369,  0.4721375
20360424 12:00, 1.00584813873197,  0.4670994
20360425 12:00, 1.00611636075883,  0.4616725
20360426 12:00, 1.00638135816575,  0.4559508
20360427 12:00, 1.00664299419229,  0.4500543
20360428 12:00, 1.00690120761142,  0.4441228
20360429 12:00, 1.00715602035602,  0.4383021
20360430 12:00, 1.00740753675787,  0.4327291
20360501 12:00, 1.00765593387812,  0.4275165
20360502 12:00, 1.00790144449289,  0.4227433
20360503 12:00, 1.00814433556616,  0.4184485
20360504 12:00, 1.00838488516659,  0.4146316
20360505 12:00, 1.00862336013749,  0.4112551
20360506 12:00, 1.00885999606195,  0.4082492
20360507 12:00, 1.00909498061181,  0.4055190
20360508 12:00, 1.00932844123487,  0.4029524
20360509 12:00, 1.00956043802422,  0.4004298
20360510 12:00, 1.00979096221989,  0.3978340
20360511 12:00, 1.01001994004617,  0.3950584
20360512 12:00, 1.01024724071599,  0.3920127
20360513 12:00, 1.01047268679805,  0.3886258
20360514 12:00, 1.01069606499309,  0.3848443
20360515 12:00, 1.01091713570729,  0.3806298
20360516 12:00, 1.01113564044957,  0.3759546
20360517 12:00, 1.01135130677935,  0.3707974
20360518 12:00, 1.01156385113778,  0.3651407
20360519 12:00, 1.01177298036858,  0.3589687
20360520 12:00, 1.01197839310746,  0.3522691
20360521 12:00, 1.01217978252323,  0.3450363
20360522 12:00, 1.01237684208590,  0.3372781
20360523 12:00, 1.01256927594296,  0.3290254
20360524 12:00, 1.01275681480409,  0.3203408
20360525 12:00, 1.01293923669632,  0.3113260
20360526 12:00, 1.01311638965729,  0.3021210
20360527 12:00, 1.01328821121521,  0.2928931
20360528 12:00, 1.01345473879844,  0.2838169
20360529 12:00, 1.01361610709545,  0.2750507
20360530 12:00, 1.01377253235478,  0.2667161
20360531 12:00, 1.01392428759112,  0.2588871
20360601 12:00, 1.01407167454469,  0.2515897
20360602 12:00, 1.01421499752153,  0.2448083
20360603 12:00, 1.01435454204088,  0.2384951
20360604 12:00, 1.01449055904672,  0.2325796
20360605 12:00, 1.01462325415696,  0.2269766
20360606 12:00, 1.01475278106035,  0.2215924
20360607 12:00, 1.01487923833013,  0.2163306
20360608 12:00, 1.01500266917587,  0.2110968
20360609 12:00, 1.01512306374958,  0.2058022
20360610 12:00, 1.01524036351418,  0.2003673
20360611 12:00, 1.01535446697452,  0.1947231
20360612 12:00, 1.01546523591023,  0.1888113
20360613 12:00, 1.01557250124230,  0.1825829
20360614 12:00, 1.01567606783666,  0.1759963
20360615 12:00, 1.01577571786246,  0.1690142
20360616 12:00, 1.01587121272505,  0.1616017
20360617 12:00, 1.01596229405327,  0.1537251
20360618 12:00, 1.01604868473232,  0.1453536
20360619 12:00, 1.01613009152598,  0.1364633
20360620 12:00, 1.01620621132960,  0.1270456
20360621 12:00, 1.01627674325731,  0.1171190
20360622 12:00, 1.01634140808782,  0.1067421
20360623 12:00, 1.01639997454036,  0.0960232
20360624 12:00, 1.01645228846010,  0.0851199
20360625 12:00, 1.01649829758983,  0.0742237
20360626 12:00, 1.01653806366460,  0.0635325
20360627 12:00, 1.01657175685210,  0.0532191
20360628 12:00, 1.01659963389010,  0.0434077
20360629 12:00, 1.01662200682874,  0.0341654
20360630 12:00, 1.01663921089833,  0.0255071
20360701 12:00, 1.01665157772917,  0.0174077
20360702 12:00, 1.01665941636460,  0.0098163
20360703 12:00, 1.01666300152103,  0.0026664
20360704 12:00, 1.01666256718528, -0.0041156
20360705 12:00, 1.01665830356977, -0.0106070
20360706 12:00, 1.01665035599759, -0.0168858
20360707 12:00, 1.01663882493673, -0.0230290
20360708 12:00, 1.01662376687297, -0.0291117
20360709 12:00, 1.01660519592710, -0.0352054
20360710 12:00, 1.01658308612159, -0.0413773
20360711 12:00, 1.01655737407812, -0.0476896
20360712 12:00, 1.01652796179071, -0.0542002
20360713 12:00, 1.01649471905945, -0.0609629
20360714 12:00, 1.01645748524345, -0.0680295
20360715 12:00, 1.01641607022457, -0.0754504
20360716 12:00, 1.01637025487430, -0.0832756
20360717 12:00, 1.01631979188913, -0.0915522
20360718 12:00, 1.01626440857434, -0.1003198
20360719 12:00, 1.01620381386807, -0.1096004
20360720 12:00, 1.01613771222043, -0.1193849
20360721 12:00, 1.01606582618397, -0.1296173
20360722 12:00, 1.01598792700919, -0.1401839
20360723 12:00, 1.01590386826584, -0.1509151
20360724 12:00, 1.01581361342924, -0.1616047
20360725 12:00, 1.01571724778404, -0.1720431
20360726 12:00, 1.01561496982218, -0.1820531
20360727 12:00, 1.01550706527376, -0.1915123
20360728 12:00, 1.01539387285127, -0.2003590
20360729 12:00, 1.01527575140692, -0.2085829
20360730 12:00, 1.01515305457415, -0.2162096
20360731 12:00, 1.01502611442833, -0.2232860
20360801 12:00, 1.01489523266400, -0.2298690
20360802 12:00, 1.01476067670205, -0.2360197
20360803 12:00, 1.01462267835626, -0.2418001
20360804 12:00, 1.01448143342554, -0.2472728
20360805 12:00, 1.01433710134605, -0.2525013
20360806 12:00, 1.01418980462637, -0.2575500
20360807 12:00, 1.01403962814584, -0.2624847
20360808 12:00, 1.01388661853586, -0.2673720
20360809 12:00, 1.01373078383147, -0.2722789
20360810 12:00, 1.01357209344546, -0.2772721
20360811 12:00, 1.01341047836674, -0.2824179
20360812 12:00, 1.01324583141230, -0.2877822
20360813 12:00, 1.01307800744900, -0.2934304
20360814 12:00, 1.01290682381030, -0.2994269
20360815 12:00, 1.01273206168554, -0.3058319
20360816 12:00, 1.01255347001065, -0.3126954
20360817 12:00, 1.01237077413594, -0.3200468
20360818 12:00, 1.01218369181382, -0.3278805
20360819 12:00, 1.01199195807509, -0.3361400
20360820 12:00, 1.01179535767643, -0.3447089
20360821 12:00, 1.01159375937788, -0.3534149
20360822 12:00, 1.01138714261237, -0.3620519
20360823 12:00, 1.01117560743305, -0.3704146
20360824 12:00, 1.01095936421153, -0.3783310
20360825 12:00, 1.01073870739566, -0.3856838
20360826 12:00, 1.01051398265450, -0.3924121
20360827 12:00, 1.01028555647670, -0.3985023
20360828 12:00, 1.01005379341960, -0.4039723
20360829 12:00, 1.00981904196025, -0.4088578
20360830 12:00, 1.00958162725029, -0.4132025
20360831 12:00, 1.00934184821114, -0.4170531
20360901 12:00, 1.00909997664940, -0.4204567
20360902 12:00, 1.00885625673957, -0.4234620
20360903 12:00, 1.00861090392168, -0.4261202
20360904 12:00, 1.00836410284587, -0.4284869
20360905 12:00, 1.00811600443396, -0.4306235
20360906 12:00, 1.00786672241635, -0.4325974
20360907 12:00, 1.00761632983867, -0.4344819
20360908 12:00, 1.00736485601929, -0.4363549
20360909 12:00, 1.00711228431413, -0.4382974
20360910 12:00, 1.00685855088800, -0.4403916
20360911 12:00, 1.00660354462046, -0.4427185
20360912 12:00, 1.00634710839940, -0.4453558
20360913 12:00, 1.00608904243958, -0.4483727
20360914 12:00, 1.00582911084679, -0.4518236
20360915 12:00, 1.00556705318529, -0.4557371
20360916 12:00, 1.00530260280846, -0.4601039
20360917 12:00, 1.00503551254650, -0.4648643
20360918 12:00, 1.00476558566226, -0.4699032
20360919 12:00, 1.00449270645661, -0.4750576
20360920 12:00, 1.00421686256536, -0.4801373
20360921 12:00, 1.00393815214152, -0.4849547
20360922 12:00, 1.00365677405965, -0.4893525
20360923 12:00, 1.00337300530575, -0.4932190
20360924 12:00, 1.00308717321297, -0.4964907
20360925 12:00, 1.00279962973822, -0.4991441
20360926 12:00, 1.00251073194318, -0.5011829
20360927 12:00, 1.00222082956225, -0.5026270
20360928 12:00, 1.00193025840764, -0.5035037
20360929 12:00, 1.00163933754400, -0.5038432
20360930 12:00, 1.00134836820484, -0.5036769
20361001 12:00, 1.00105763283745, -0.5030389
20361002 12:00, 1.00076739316717, -0.5019673
20361003 12:00, 1.00047788666642, -0.5005084
20361004 12:00, 1.00018932129327, -0.4987187
20361005 12:00, 0.99990186883103, -0.4966671
20361006 12:00, 0.99961565757954, -0.4944351
20361007 12:00, 0.99933076543782, -0.4921153
20361008 12:00, 0.99904721449124, -0.4898077
20361009 12:00, 0.99876496805016, -0.4876149
20361010 12:00, 0.99848393076716, -0.4856365
20361011 12:00, 0.99820395216308, -0.4839628
20361012 12:00, 0.99792483378582, -0.4826684
20361013 12:00, 0.99764634034311, -0.4818050
20361014 12:00, 0.99736821530270, -0.4813930
20361015 12:00, 0.99709020126157, -0.4814138
20361016 12:00, 0.99681206445408, -0.4818037
20361017 12:00, 0.99653362103684, -0.4824541
20361018 12:00, 0.99625476086888, -0.4832206
20361019 12:00, 0.99597546363977, -0.4839400
20361020 12:00, 0.99569580346770, -0.4844521
20361021 12:00, 0.99541594134199, -0.4846190
20361022 12:00, 0.99513610841306, -0.4843367
20361023 12:00, 0.99485658523458, -0.4835379
20361024 12:00, 0.99457768188663, -0.4821865
20361025 12:00, 0.99429972214025, -0.4802696
20361026 12:00, 0.99402303271233, -0.4777885
20361027 12:00, 0.99374793707946, -0.4747523
20361028 12:00, 0.99347475249870, -0.4711729
20361029 12:00, 0.99320378864334, -0.4670646
20361030 12:00, 0.99293534633405, -0.4624442
20361031 12:00, 0.99266971505421, -0.4573348
20361101 12:00, 0.99240716823497, -0.4517697
20361102 12:00, 0.99214795572730, -0.4457981
20361103 12:00, 0.99189229351452, -0.4394887
20361104 12:00, 0.99164035155514, -0.4329320
20361105 12:00, 0.99139224152492, -0.4262389
20361106 12:00, 0.99114800682762, -0.4195335
20361107 12:00, 0.99090761722349, -0.4129448
20361108 12:00, 0.99067096966499, -0.4065942
20361109 12:00, 0.99043789569359, -0.4005850
20361110 12:00, 0.99020817457711, -0.3949937
20361111 12:00, 0.98998155070497, -0.3898638
20361112 12:00, 0.98975775368220, -0.3852027
20361113 12:00, 0.98953651975460, -0.3809799
20361114 12:00, 0.98931761323346, -0.3771291
20361115 12:00, 0.98910084627363, -0.3735522
20361116 12:00, 0.98888609490055, -0.3701278
20361117 12:00, 0.98867330908779, -0.3667233
20361118 12:00, 0.98846251539066, -0.3632084
20361119 12:00, 0.98825381211348, -0.3594666
20361120 12:00, 0.98804735865513, -0.3554038
20361121 12:00, 0.98784336178893, -0.3509501
20361122 12:00, 0.98764206177475, -0.3460587
20361123 12:00, 0.98744372049985, -0.3407006
20361124 12:00, 0.98724861276375, -0.3348591
20361125 12:00, 0.98705702080380, -0.3285245
20361126 12:00, 0.98686923142436, -0.3216902
20361127 12:00, 0.98668553464840, -0.3143515
20361128 12:00, 0.98650622255812, -0.3065064
20361129 12:00, 0.98633158685025, -0.2981591
20361130 12:00, 0.98616191360912, -0.2893260
20361201 12:00, 0.98599747402514, -0.2800436
20361202 12:00, 0.98583851047594, -0.2703764
20361203 12:00, 0.98568521870722, -0.2604218
20361204 12:00, 0.98553772865989, -0.2503094
20361205 12:00, 0.98539608813297, -0.2401920
20361206 12:00, 0.98526025391731, -0.2302288
20361207 12:00, 0.98513009357948, -0.2205662
20361208 12:00, 0.98500539811015, -0.2113206
20361209 12:00, 0.98488590264372, -0.2025681
20361210 12:00, 0.98477131089900, -0.1943415
20361211 12:00, 0.98466131930898, -0.1866340
20361212 12:00, 0.98455563827338, -0.1794052
20361213 12:00, 0.98445400949147, -0.1725884
20361214 12:00, 0.98435621923654, -0.1660971
20361215 12:00, 0.98426210766415, -0.1598322
20361216 12:00, 0.98417157414023, -0.1536890
20361217 12:00, 0.98408457853036, -0.1475639
20361218 12:00, 0.98400113862602, -0.1413608
20361219 12:00, 0.98392132435532, -0.1349959
20361220 12:00, 0.98384524991240, -0.1283999
20361221 12:00, 0.98377306520136, -0.1215181
20361222 12:00, 0.98370494791493, -0.1143086
20361223 12:00, 0.98364109720530, -0.1067384
20361224 12:00, 0.98358172939191, -0.0987805
20361225 12:00, 0.98352707561702, -0.0904101
20361226 12:00, 0.98347738086267, -0.0816040
20361227 12:00, 0.98343290327554, -0.0723402
20361228 12:00, 0.98339391228832, -0.0626024
20361229 12:00, 0.98336068362655, -0.0523867
20361230 12:00, 0.98333348915703, -0.0417123
20361231 12:00, 0.98331258007954, -0.0306335
20370101 12:00, 0.98329816365845, -0.0192492
20370102 12:00, 0.98329037659744, -0.0077041
20370103 12:00, 0.98328926129566,  0.0038230
20370104 12:00, 0.98329475253262,  0.0151429
20370105 12:00, 0.98330667984440,  0.0260851
20370106 12:00, 0.98332478550978,  0.0365209
20370107 12:00, 0.98334875272144,  0.0463750
20370108 12:00, 0.98337823627545,  0.0556233
20370109 12:00, 0.98341288954336,  0.0642830
20370110 12:00, 0.98345238475221,  0.0724001
20370111 12:00, 0.98349642650608,  0.0800391
20370112 12:00, 0.98354475999818,  0.0872751
20370113 12:00, 0.98359717560071,  0.0941888
20370114 12:00, 0.98365351107157,  0.1008631
20370115 12:00, 0.98371365203044,  0.1073804
20370116 12:00, 0.98377753094860,  0.1138202
20370117 12:00, 0.98384512477201,  0.1202567
20370118 12:00, 0.98391645140329,  0.1267572
20370119 12:00, 0.98399156547660,  0.1333816
20370120 12:00, 0.98407055402783,  0.1401824
20370121 12:00, 0.98415353269546,  0.1472064
20370122 12:00, 0.98424064295235,  0.1544967
20370123 12:00, 0.98433205057962,  0.1620947
20370124 12:00, 0.98442794517295,  0.1700415
20370125 12:00, 0.98452853992844,  0.1783775
20370126 12:00, 0.98463407029272,  0.1871384
20370127 12:00, 0.98474478935443,  0.1963478
20370128 12:00, 0.98486095736647,  0.2060046
20370129 12:00, 0.98498282309581,  0.2160675
20370130 12:00, 0.98511059657229,  0.2264420
20370131 12:00, 0.98524441658024,  0.2369766
20370201 12:00, 0.98538432071833,  0.2474760
20370202 12:00, 0.98553022802305,  0.2577308
20370203 12:00, 0.98568194117271,  0.2675534
20370204 12:00, 0.98583916785504,  0.2768058
20370205 12:00, 0.98600155366287,  0.2854112
20370206 12:00, 0.98616871638801,  0.2933482
20370207 12:00, 0.98634027418435,  0.3006368
20370208 12:00, 0.98651586472311,  0.3073222
20370209 12:00, 0.98669515614926,  0.3134630
20370210 12:00, 0.98687785229726,  0.3191234
20370211 12:00, 0.98706369468048,  0.3243692
20370212 12:00, 0.98725246307564,  0.3292670
20370213 12:00, 0.98744397569883,  0.3338834
20370214 12:00, 0.98763808931511,  0.3382851
20370215 12:00, 0.98783469923210,  0.3425389
20370216 12:00, 0.98803373899408,  0.3467103
20370217 12:00, 0.98823517965703,  0.3508635
20370218 12:00, 0.98843902869887,  0.3550605
20370219 12:00, 0.98864532879908,  0.3593612
20370220 12:00, 0.98885415681206,  0.3638241
20370221 12:00, 0.98906562318683,  0.3685072
20370222 12:00, 0.98927987180862,  0.3734684
20370223 12:00, 0.98949707973113,  0.3787642
20370224 12:00, 0.98971745554356,  0.3844463
20370225 12:00, 0.98994123427385,  0.3905529
20370226 12:00, 0.99016866608992,  0.3970955
20370227 12:00, 0.99039999628703,  0.4040430
20370228 12:00, 0.99063543602360,  0.4113065
20370301 12:00, 0.99087512735996,  0.4187363
20370302 12:00, 0.99111911100598,  0.4261351
20370303 12:00, 0.99136730742049,  0.4332899
20370304 12:00, 0.99161951850099,  0.4400092
20370305 12:00, 0.99187544906025,  0.4461516
20370306 12:00, 0.99213473980783,  0.4516367
20370307 12:00, 0.99239700128794,  0.4564385
20370308 12:00, 0.99266184121280,  0.4605703
20370309 12:00, 0.99292888250342,  0.4640690
20370310 12:00, 0.99319777305914,  0.4669826
20370311 12:00, 0.99346818988140,  0.4693631
20370312 12:00, 0.99373984021918,  0.4712629
20370313 12:00, 0.99401246173527,  0.4727350
20370314 12:00, 0.99428582289149,  0.4738334
20370315 12:00, 0.99455972406910,  0.4746148
20370316 12:00, 0.99483399944670,  0.4751397
20370317 12:00, 0.99510851935314,  0.4754727
20370318 12:00, 0.99538319268831,  0.4756828
20370319 12:00, 0.99565796903810,  0.4758417
20370320 12:00, 0.99593284025393,  0.4760238
20370321 12:00, 0.99620784143829,  0.4763044
20370322 12:00, 0.99648305136679,  0.4767592
20370323 12:00, 0.99675859227647,  0.4774628
20370324 12:00, 0.99703462858778,  0.4784860
20370325 12:00, 0.99731136350517,  0.4798912
20370326 12:00, 0.99758903170267,  0.4817233
20370327 12:00, 0.99786788581643,  0.4839972
20370328 12:00, 0.99814817488718,  0.4866831
20370329 12:00, 0.99843011492666,  0.4896951
20370330 12:00, 0.99871385548777,  0.4928900
20370331 12:00, 0.99899945002767,  0.4960821
20370401 12:00, 0.99928683910765,  0.4990717
20370402 12:00, 0.99957585201082,  0.5016783
20370403 12:00, 0.99986622551560,  0.5037649
20370404 12:00, 1.00015763260436,  0.5052478
20370405 12:00, 1.00044971222102,  0.5060913
20370406 12:00, 1.00074209364859,  0.5062952
20370407 12:00, 1.00103441303092,  0.5058812
20370408 12:00, 1.00132632266854,  0.5048822
20370409 12:00, 1.00161749520147,  0.5033350
20370410 12:00, 1.00190762500867,  0.5012777
20370411 12:00, 1.00219642874125,  0.4987496
20370412 12:00, 1.00248364631476,  0.4957923
20370413 12:00, 1.00276904311706,  0.4924528
20370414 12:00, 1.00305241368858,  0.4887855
20370415 12:00, 1.00333358670156,  0.4848543
20370416 12:00, 1.00361243071405,  0.4807335
20370417 12:00, 1.00388885994446,  0.4765068
20370418 12:00, 1.00416283924689,  0.4722653
20370419 12:00, 1.00443438756977,  0.4681046
20370420 12:00, 1.00470357937892,  0.4641207
20370421 12:00, 1.00497054368395,  0.4604057
20370422 12:00, 1.00523546028309,  0.4570424
20370423 12:00, 1.00549855258803,  0.4540978
20370424 12:00, 1.00576007603911,  0.4516141
20370425 12:00, 1.00602030102149,  0.4495991
20370426 12:00, 1.00627948983827,  0.4480157
20370427 12:00, 1.00653786903524,  0.4467768
20370428 12:00, 1.00679560092438,  0.4457485
20370429 12:00, 1.00705276028442,  0.4447649
20370430 12:00, 1.00730932221514,  0.4436511
20370501 12:00, 1.00756516420195,  0.4422477
20370502 12:00, 1.00782008085220,  0.4404292
20370503 12:00, 1.00807380606200,  0.4381112
20370504 12:00, 1.00832603637663,  0.4352476
20370505 12:00, 1.00857645084547,  0.4318223
20370506 12:00, 1.00882472524488,  0.4278384
20370507 12:00, 1.00907054074332,  0.4233102
20370508 12:00, 1.00931358833770,  0.4182568
20370509 12:00, 1.00955357080612,  0.4126997
20370510 12:00, 1.00979020384626,  0.4066622
20370511 12:00, 1.01002321778702,  0.4001722
20370512 12:00, 1.01025236090590,  0.3932646
20370513 12:00, 1.01047740497041,  0.3859865
20370514 12:00, 1.01069815311195,  0.3784000
20370515 12:00, 1.01091444952352,  0.3705854
20370516 12:00, 1.01112618982472,  0.3626402
20370517 12:00, 1.01133333043111,  0.3546766
20370518 12:00, 1.01153589510914,  0.3468144
20370519 12:00, 1.01173397720045,  0.3391732
20370520 12:00, 1.01192773666113,  0.3318625
20370521 12:00, 1.01211739179970,  0.3249734
20370522 12:00, 1.01230320612335,  0.3185702
20370523 12:00, 1.01248547093137,  0.3126838
20370524 12:00, 1.01266448441954,  0.3073065
20370525 12:00, 1.01284052841227,  0.3023891
20370526 12:00, 1.01301384460663,  0.2978424
20370527 12:00, 1.01318461318002,  0.2935444
20370528 12:00, 1.01335293714728,  0.2893524
20370529 12:00, 1.01351883527660,  0.2851200
20370530 12:00, 1.01368224454930,  0.2807130
20370531 12:00, 1.01384303076461,  0.2760205
20370601 12:00, 1.01400100405803,  0.2709609
20370602 12:00, 1.01415593557506,  0.2654802
20370603 12:00, 1.01430757227489,  0.2595476
20370604 12:00, 1.01445564820902,  0.2531481
20370605 12:00, 1.01459989196024,  0.2462768
20370606 12:00, 1.01474003087502,  0.2389337
20370607 12:00, 1.01487579323837,  0.2311219
20370608 12:00, 1.01500690975208,  0.2228468
20370609 12:00, 1.01513311571953,  0.2141195
20370610 12:00, 1.01525415526833,  0.2049605
20370611 12:00, 1.01536978870485,  0.1954064
20370612 12:00, 1.01547980356933,  0.1855158
20370613 12:00, 1.01558402903373,  0.1753749
20370614 12:00, 1.01568235201074,  0.1650971
20370615 12:00, 1.01577473207106,  0.1548192
20370616 12:00, 1.01586121161541,  0.1446890
20370617 12:00, 1.01594191826842,  0.1348511
20370618 12:00, 1.01601705816537,  0.1254303
20370619 12:00, 1.01608690099011,  0.1165202
20370620 12:00, 1.01615175929449,  0.1081750
20370621 12:00, 1.01621196518747,  0.1004082
20370622 12:00, 1.01626784706215,  0.0931940
20370623 12:00, 1.01631970824054,  0.0864723
20370624 12:00, 1.01636780881024,  0.0801547
20370625 12:00, 1.01641235166609,  0.0741330
20370626 12:00, 1.01645347364209,  0.0682883
20370627 12:00, 1.01649124230252,  0.0625013
20370628 12:00, 1.01652565830170,  0.0566610
20370629 12:00, 1.01655666236134,  0.0506716
20370630 12:00, 1.01658414518973,  0.0444560
20370701 12:00, 1.01660795837463,  0.0379556
20370702 12:00, 1.01662792449614,  0.0311280
20370703 12:00, 1.01664384528193,  0.0239427
20370704 12:00, 1.01665550732674,  0.0163770
20370705 12:00, 1.01666268553984,  0.0084127
20370706 12:00, 1.01666514499560,  0.0000339
20370707 12:00, 1.01666264226138, -0.0087728
20370708 12:00, 1.01665492760449, -0.0180151
20370709 12:00, 1.01664174971971, -0.0276895
20370710 12:00, 1.01662286464088, -0.0377726
20370711 12:00, 1.01659805003118, -0.0482112
20370712 12:00, 1.01656712477900, -0.0589147
20370713 12:00, 1.01652997169976, -0.0697528
20370714 12:00, 1.01648655875016, -0.0805632
20370715 12:00, 1.01643695282378, -0.0911692
20370716 12:00, 1.01638132125298, -0.1014037
20370717 12:00, 1.01631991966374, -0.1111312
20370718 12:00, 1.01625306910267, -0.1202622
20370719 12:00, 1.01618112805031, -0.1287564
20370720 12:00, 1.01610446495310, -0.1366183
20370721 12:00, 1.01602343497516, -0.1438876
20370722 12:00, 1.01593836233978, -0.1506302
20370723 12:00, 1.01584952802557, -0.1569288
20370724 12:00, 1.01575716196081, -0.1628764
20370725 12:00, 1.01566143890374, -0.1685701
20370726 12:00, 1.01556247745147, -0.1741065
20370727 12:00, 1.01546034176937, -0.1795768
20370728 12:00, 1.01535504557423, -0.1850640
20370729 12:00, 1.01524655770956, -0.1906404
20370730 12:00, 1.01513480846593, -0.1963672
20370731 12:00, 1.01501969574703, -0.2022956
20370801 12:00, 1.01490109031120, -0.2084689
20370802 12:00, 1.01477883960307, -0.2149249
20370803 12:00, 1.01465277007573, -0.2216988
20370804 12:00, 1.01452268834910, -0.2288243
20370805 12:00, 1.01438838204688, -0.2363332
20370806 12:00, 1.01424962170051, -0.2442519
20370807 12:00, 1.01410616564505, -0.2525948
20370808 12:00, 1.01395777014308, -0.2613527
20370809 12:00, 1.01380420660791, -0.2704799
20370810 12:00, 1.01364528618028, -0.2798832
20370811 12:00, 1.01348088881488, -0.2894181
20370812 12:00, 1.01331099036067, -0.2989000
20370813 12:00, 1.01313567915456, -0.3081291
20370814 12:00, 1.01295515567986, -0.3169221
20370815 12:00, 1.01276971468287, -0.3251394
20370816 12:00, 1.01257971543974, -0.3326980
20370817 12:00, 1.01238554880900, -0.3395701
20370818 12:00, 1.01218760831642, -0.3457721
20370819 12:00, 1.01198626881766, -0.3513501
20370820 12:00, 1.01178187286697, -0.3563680
20370821 12:00, 1.01157472307447, -0.3608991
20370822 12:00, 1.01136507836793, -0.3650207
20370823 12:00, 1.01115315252831, -0.3688115
20370824 12:00, 1.01093911403828, -0.3723495
20370825 12:00, 1.01072308682503, -0.3757108
20370826 12:00, 1.01050515176876, -0.3789680
20370827 12:00, 1.01028534889842, -0.3821899
20370828 12:00, 1.01006368009314, -0.3854398
20370829 12:00, 1.00984011196090, -0.3887765
20370830 12:00, 1.00961457847452, -0.3922544
20370831 12:00, 1.00938698297592, -0.3959255
20370901 12:00, 1.00915719934321, -0.3998401
20370902 12:00, 1.00892507246441, -0.4040482
20370903 12:00, 1.00869041868170, -0.4085984
20370904 12:00, 1.00845302755229, -0.4135338
20370905 12:00, 1.00821266702373, -0.4188844
20370906 12:00, 1.00796909465060, -0.4246538
20370907 12:00, 1.00772207717583, -0.4308038
20370908 12:00, 1.00747141886401, -0.4372411
20370909 12:00, 1.00721699508824, -0.4438135
20370910 12:00, 1.00695878310654, -0.4503242
20370911 12:00, 1.00669687984706, -0.4565616
20370912 12:00, 1.00643149969742, -0.4623364
20370913 12:00, 1.00616295292046, -0.4675092
20370914 12:00, 1.00589161257216, -0.4720022
20370915 12:00, 1.00561788018012, -0.4757928
20370916 12:00, 1.00534215771527, -0.4788993
20370917 12:00, 1.00506482868371, -0.4813648
20370918 12:00, 1.00478624748068, -0.4832453
20370919 12:00, 1.00450673450548, -0.4846018
20370920 12:00, 1.00422657446845, -0.4854965
20370921 12:00, 1.00394601598992, -0.4859920
20370922 12:00, 1.00366527139881, -0.4861515
20370923 12:00, 1.00338451630155, -0.4860392
20370924 12:00, 1.00310388892644, -0.4857202
20370925 12:00, 1.00282348945350, -0.4852611
20370926 12:00, 1.00254337955497, -0.4847286
20370927 12:00, 1.00226358225643, -0.4841897
20370928 12:00, 1.00198408206579, -0.4837108
20370929 12:00, 1.00170482520014, -0.4833581
20370930 12:00, 1.00142571975704, -0.4831974
20371001 12:00, 1.00114663589694, -0.4832941
20371002 12:00, 1.00086740656849, -0.4837113
20371003 12:00, 1.00058783000688, -0.4845050
20371004 12:00, 1.00030767603982, -0.4857156
20371005 12:00, 1.00002669878559, -0.4873546
20371006 12:00, 0.99974465794072, -0.4893886
20371007 12:00, 0.99946134871787, -0.4917265
20371008 12:00, 0.99917663642979, -0.4942178
20371009 12:00, 0.99889048727180, -0.4966677
20371010 12:00, 0.99860298529484, -0.4988688
20371011 12:00, 0.99831432937956, -0.5006364
20371012 12:00, 0.99802481175552, -0.5018350
20371013 12:00, 0.99773478627687, -0.5023868
20371014 12:00, 0.99744463631613, -0.5022652
20371015 12:00, 0.99715474911626, -0.5014808
20371016 12:00, 0.99686549891907, -0.5000659
20371017 12:00, 0.99657723783157, -0.4980632
20371018 12:00, 0.99629029195322, -0.4955193
20371019 12:00, 0.99600496024498, -0.4924814
20371020 12:00, 0.99572151421377, -0.4889974
20371021 12:00, 0.99544019720804, -0.4851173
20371022 12:00, 0.99516122275575, -0.4808947
20371023 12:00, 0.99488477187144, -0.4763888
20371024 12:00, 0.99461098961031, -0.4716650
20371025 12:00, 0.99433998135165, -0.4667951
20371026 12:00, 0.99407180934415, -0.4618566
20371027 12:00, 0.99380648995703, -0.4569305
20371028 12:00, 0.99354399191326, -0.4521005
20371029 12:00, 0.99328423564067, -0.4474498
20371030 12:00, 0.99302709388863, -0.4430598
20371031 12:00, 0.99277239401882, -0.4390056
20371101 12:00, 0.99251992289261, -0.4353511
20371102 12:00, 0.99226943589198, -0.4321397
20371103 12:00, 0.99202067194032, -0.4293828
20371104 12:00, 0.99177337582926, -0.4270468
20371105 12:00, 0.99152732714388, -0.4250438
20371106 12:00, 0.99128237173764, -0.4232336
20371107 12:00, 0.99103844851578, -0.4214380
20371108 12:00, 0.99079560369725, -0.4194685
20371109 12:00, 0.99055398819745, -0.4171557
20371110 12:00, 0.99031383982081, -0.4143705
20371111 12:00, 0.99007545690563, -0.4110325
20371112 12:00, 0.98983917125956, -0.4071048
20371113 12:00, 0.98960532598888, -0.4025830
20371114 12:00, 0.98937426039038, -0.3974828
20371115 12:00, 0.98914630137237, -0.3918300
20371116 12:00, 0.98892175953779, -0.3856545
20371117 12:00, 0.98870092780725, -0.3789875
20371118 12:00, 0.98848408075947, -0.3718615
20371119 12:00, 0.98827147334311, -0.3643124
20371120 12:00, 0.98806333810659, -0.3563824
20371121 12:00, 0.98785988057316, -0.3481235
20371122 12:00, 0.98766127287391, -0.3395997
20371123 12:00, 0.98746764622856, -0.3308886
20371124 12:00, 0.98727908326316, -0.3220806
20371125 12:00, 0.98709561136608, -0.3132760
20371126 12:00, 0.98691719822809, -0.3045803
20371127 12:00, 0.98674375041087, -0.2960987
20371128 12:00, 0.98657511539284, -0.2879295
20371129 12:00, 0.98641108726374, -0.2801582
20371130 12:00, 0.98625141621693, -0.2728502
20371201 12:00, 0.98609582215671, -0.2660436
20371202 12:00, 0.98594401279599, -0.2597412
20371203 12:00, 0.98579570613940, -0.2539037
20371204 12:00, 0.98565065594702, -0.2484466
20371205 12:00, 0.98550867689363, -0.2432450
20371206 12:00, 0.98536966463500, -0.2381462
20371207 12:00, 0.98523360613043, -0.2329902
20371208 12:00, 0.98510057790316, -0.2276302
20371209 12:00, 0.98497073352119, -0.2219480
20371210 12:00, 0.98484428454821, -0.2158614
20371211 12:00, 0.98472148013460, -0.2093217
20371212 12:00, 0.98460258932000, -0.2023071
20371213 12:00, 0.98448788807907, -0.1948140
20371214 12:00, 0.98437765127131, -0.1868487
20371215 12:00, 0.98427214848219, -0.1784225
20371216 12:00, 0.98417164224664, -0.1695484
20371217 12:00, 0.98407638707792, -0.1602413
20371218 12:00, 0.98398662785546, -0.1505201
20371219 12:00, 0.98390259635179, -0.1404121
20371220 12:00, 0.98382450501649, -0.1299580
20371221 12:00, 0.98375253766854, -0.1192170
20371222 12:00, 0.98368683753664, -0.1082707
20371223 12:00, 0.98362749405983, -0.0972236
20371224 12:00, 0.98357453074373, -0.0861984
20371225 12:00, 0.98352789674806, -0.0753281
20371226 12:00, 0.98348746444242, -0.0647435
20371227 12:00, 0.98345303397201, -0.0545620
20371228 12:00, 0.98342434442225, -0.0448762
20371229 12:00, 0.98340109009450, -0.0357476
20371230 12:00, 0.98338294004586, -0.0272017
20371231 12:00, 0.98336955924745, -0.0192271
20380101 12:00, 0.98336063001389, -0.0117754
20380102 12:00, 0.98335587235309, -0.0047652
20380103 12:00, 0.98335506154438,  0.0019120
20380104 12:00, 0.98335804093809,  0.0083816
20380105 12:00, 0.98336472819267,  0.0147734
20380106 12:00, 0.98337511418126,  0.0212091
20380107 12:00, 0.98338925533800,  0.0277927
20380108 12:00, 0.98340726160773,  0.0346051
20380109 12:00, 0.98342928280425,  0.0417038
20380110 12:00, 0.98345549591354,  0.0491262
20380111 12:00, 0.98348609499255,  0.0568949
20380112 12:00, 0.98352128427173,  0.0650234
20380113 12:00, 0.98356127420105,  0.0735203
20380114 12:00, 0.98360627959413,  0.0823925
20380115 12:00, 0.98365651866968,  0.0916447
20380116 12:00, 0.98371221156936,  0.1012782
20380117 12:00, 0.98377357680419,  0.1112852
20380118 12:00, 0.98384082412241,  0.1216416
20380119 12:00, 0.98391414269743,  0.1322988
20380120 12:00, 0.98399368455170,  0.1431758
20380121 12:00, 0.98407954483518,  0.1541568
20380122 12:00, 0.98417174257351,  0.1650956
20380123 12:00, 0.98427020681459,  0.1758297
20380124 12:00, 0.98437477263788,  0.1861997
20380125 12:00, 0.98448518896644,  0.1960697
20380126 12:00, 0.98460113663684,  0.2053416
20380127 12:00, 0.98472225256329,  0.2139617
20380128 12:00, 0.98484815523904,  0.2219192
20380129 12:00, 0.98497846799804,  0.2292405
20380130 12:00, 0.98511283826693,  0.2359814
20380131 12:00, 0.98525095243325,  0.2422197
20380201 12:00, 0.98539254656079,  0.2480486
20380202 12:00, 0.98553741319515,  0.2535694
20380203 12:00, 0.98568540434357,  0.2588855
20380204 12:00, 0.98583643072563,  0.2640960
20380205 12:00, 0.98599045768079,  0.2692902
20380206 12:00, 0.98614749856103,  0.2745445
20380207 12:00, 0.98630760680215,  0.2799214
20380208 12:00, 0.98647086797266,  0.2854701
20380209 12:00, 0.98663739290466,  0.2912293
20380210 12:00, 0.98680731259983,  0.2972307
20380211 12:00, 0.98698077510256,  0.3035022
20380212 12:00, 0.98715794403011,  0.3100701
20380213 12:00, 0.98733899796859,  0.3169597
20380214 12:00, 0.98752412946580,  0.3241936
20380215 12:00, 0.98771354188299,  0.3317854
20380216 12:00, 0.98790744203123,  0.3397315
20380217 12:00, 0.98810602663735,  0.3479986
20380218 12:00, 0.98830946175944,  0.3565120
20380219 12:00, 0.98851785667694,  0.3651496
20380220 12:00, 0.98873123712378,  0.3737462
20380221 12:00, 0.98894952536227,  0.3821128
20380222 12:00, 0.98917253423358,  0.3900645
20380223 12:00, 0.98939997809455,  0.3974493
20380224 12:00, 0.98963149750881,  0.4041656
20380225 12:00, 0.98986669036181,  0.4101666
20380226 12:00, 0.99010514181480,  0.4154533
20380227 12:00, 0.99034644830386,  0.4200616
20380228 12:00, 0.99059023422725,  0.4240505
20380301 12:00, 0.99083616229170,  0.4274925
20380302 12:00, 0.99108393932148,  0.4304670
20380303 12:00, 0.99133331914145,  0.4330567
20380304 12:00, 0.99158410355713,  0.4353447
20380305 12:00, 0.99183614191030,  0.4374122
20380306 12:00, 0.99208932939013,  0.4393365
20380307 12:00, 0.99234360424449,  0.4411891
20380308 12:00, 0.99259894417560,  0.4430350
20380309 12:00, 0.99285536238409,  0.4449322
20380310 12:00, 0.99311290383110,  0.4469329
20380311 12:00, 0.99337164225115,  0.4490850
20380312 12:00, 0.99363167825515,  0.4514339
20380313 12:00, 0.99389313852498,  0.4540246
20380314 12:00, 0.99415617562828,  0.4569016
20380315 12:00, 0.99442096737456,  0.4601073
20380316 12:00, 0.99468771392450,  0.4636754
20380317 12:00, 0.99495663021744,  0.4676212
20380318 12:00, 0.99522793112862,  0.4719266
20380319 12:00, 0.99550180783416,  0.4765252
20380320 12:00, 0.99577839679858,  0.4812935
20380321 12:00, 0.99605774723985,  0.4860552
20380322 12:00, 0.99633979660079,  0.4906046
20380323 12:00, 0.99662436313831,  0.4947409
20380324 12:00, 0.99691115896820,  0.4983019
20380325 12:00, 0.99719981888695,  0.5011839
20380326 12:00, 0.99748993526692,  0.5033427
20380327 12:00, 0.99778108979279,  0.5047829
20380328 12:00, 0.99807287694969,  0.5055416
20380329 12:00, 0.99836491856769,  0.5056742
20380330 12:00, 0.99865687134321,  0.5052449
20380331 12:00, 0.99894842996906,  0.5043206
20380401 12:00, 0.99923932808124,  0.5029689
20380402 12:00, 0.99952933842786,  0.5012576
20380403 12:00, 0.99981827291879,  0.4992546
20380404 12:00, 1.00010598269621,  0.4970279
20380405 12:00, 1.00039235810396,  0.4946451
20380406 12:00, 1.00067732839177,  0.4921731
20380407 12:00, 1.00096086109858,  0.4896777
20380408 12:00, 1.00124296122637,  0.4872228
20380409 12:00, 1.00152367044662,  0.4848715
20380410 12:00, 1.00180306659129,  0.4826861
20380411 12:00, 1.00208126350838,  0.4807291
20380412 12:00, 1.00235841096856,  0.4790621
20380413 12:00, 1.00263469368441,  0.4777437
20380414 12:00, 1.00291032770162,  0.4768225
20380415 12:00, 1.00318555166159,  0.4763257
20380416 12:00, 1.00346061023862,  0.4762443
20380417 12:00, 1.00373572824729,  0.4765162
20380418 12:00, 1.00401107717143,  0.4770183
20380419 12:00, 1.00428674063099,  0.4775722
20380420 12:00, 1.00456268894348,  0.4779693
20380421 12:00, 1.00483877194767,  0.4780073
20380422 12:00, 1.00511473276243,  0.4775236
20380423 12:00, 1.00539023691488,  0.4764136
20380424 12:00, 1.00566490667841,  0.4746308
20380425 12:00, 1.00593835153185,  0.4721747
20380426 12:00, 1.00621019007671,  0.4690749
20380427 12:00, 1.00648006308095,  0.4653766
20380428 12:00, 1.00674763975894,  0.4611318
20380429 12:00, 1.00701262000469,  0.4563943
20380430 12:00, 1.00727473486891,  0.4512183
20380501 12:00, 1.00753374680924,  0.4456585
20380502 12:00, 1.00778945051654,  0.4397719
20380503 12:00, 1.00804167455541,  0.4336191
20380504 12:00, 1.00829028367393,  0.4272649
20380505 12:00, 1.00853518142883,  0.4207789
20380506 12:00, 1.00877631272423,  0.4142346
20380507 12:00, 1.00901366594346,  0.4077088
20380508 12:00, 1.00924727450205,  0.4012804
20380509 12:00, 1.00947721777009,  0.3950295
20380510 12:00, 1.00970362129331,  0.3890357
20380511 12:00, 1.00992665599314,  0.3833760
20380512 12:00, 1.01014653551175,  0.3781204
20380513 12:00, 1.01036351017339,  0.3733242
20380514 12:00, 1.01057785544161,  0.3690170
20380515 12:00, 1.01078985281817,  0.3651877
20380516 12:00, 1.01099976257257,  0.3617721
20380517 12:00, 1.01120779086012,  0.3586473
20380518 12:00, 1.01141405778894,  0.3556410
20380519 12:00, 1.01161857536758,  0.3525562
20380520 12:00, 1.01182124245078,  0.3492036
20380521 12:00, 1.01202185786075,  0.3454299
20380522 12:00, 1.01222014626542,  0.3411328
20380523 12:00, 1.01241578814786,  0.3362604
20380524 12:00, 1.01260844639250,  0.3308014
20380525 12:00, 1.01279778565159,  0.3247711
20380526 12:00, 1.01298348414498,  0.3181995
20380527 12:00, 1.01316523957723,  0.3111230
20380528 12:00, 1.01334277146820,  0.3035802
20380529 12:00, 1.01351582196982,  0.2956110
20380530 12:00, 1.01368415670529,  0.2872572
20380531 12:00, 1.01384756659564,  0.2785649
20380601 12:00, 1.01400587112164,  0.2695873
20380602 12:00, 1.01415892301513,  0.2603868
20380603 12:00, 1.01430661398527,  0.2510359
20380604 12:00, 1.01444888079256,  0.2416180
20380605 12:00, 1.01458571083598,  0.2322248
20380606 12:00, 1.01471714644327,  0.2229541
20380607 12:00, 1.01484328721409,  0.2139058
20380608 12:00, 1.01496428994891,  0.2051773
20380609 12:00, 1.01508036575576,  0.1968583
20380610 12:00, 1.01519177377256,  0.1890241
20380611 12:00, 1.01529881063751,  0.1817278
20380612 12:00, 1.01540179466094,  0.1749896
20380613 12:00, 1.01550104405922,  0.1687874
20380614 12:00, 1.01559685002216,  0.1630491
20380615 12:00, 1.01568944774275,  0.1576537
20380616 12:00, 1.01577899088993,  0.1524428
20380617 12:00, 1.01586553571022,  0.1472416
20380618 12:00, 1.01594903883874,  0.1418839
20380619 12:00, 1.01602936862194,  0.1362329
20380620 12:00, 1.01610632561162,  0.1301915
20380621 12:00, 1.01617966605800,  0.1237026
20380622 12:00, 1.01624912311801,  0.1167418
20380623 12:00, 1.01631442288399,  0.1093074
20380624 12:00, 1.01637529471414,  0.1014109
20380625 12:00, 1.01643147688412,  0.0930709
20380626 12:00, 1.01648271922144,  0.0843084
20380627 12:00, 1.01652878443437,  0.0751470
20380628 12:00, 1.01656944961879,  0.0656135
20380629 12:00, 1.01660450909638,  0.0557413
20380630 12:00, 1.01663377934722,  0.0455744
20380701 12:00, 1.01665710632130,  0.0351714
20380702 12:00, 1.01667437481846,  0.0246086
20380703 12:00, 1.01668551896082,  0.0139805
20380704 12:00, 1.01669053219439,  0.0033973
20380705 12:00, 1.01668947496249, -0.0070205
20380706 12:00, 1.01668247835290, -0.0171502
20380707 12:00, 1.01666974260831, -0.0268765
20380708 12:00, 1.01665153016280, -0.0361009
20380709 12:00, 1.01662815350921, -0.0447500
20380710 12:00, 1.01659995854242, -0.0527825
20380711 12:00, 1.01656730417053, -0.0601954
20380712 12:00, 1.01653053925012, -0.0670269
20380713 12:00, 1.01648997853997, -0.0733563
20380714 12:00, 1.01644588029285, -0.0792986
20380715 12:00, 1.01639842878973, -0.0849927
20380716 12:00, 1.01634772485965, -0.0905858
20380717 12:00, 1.01629378590373, -0.0962171
20380718 12:00, 1.01623655462608, -0.1020043
20380719 12:00, 1.01617591362234, -0.1080371
20380720 12:00, 1.01611170208717, -0.1143767
20380721 12:00, 1.01604373134356, -0.1210593
20380722 12:00, 1.01597179715851, -0.1281037
20380723 12:00, 1.01589568819856, -0.1355168
20380724 12:00, 1.01581519104183, -0.1432994
20380725 12:00, 1.01573009278648, -0.1514494
20380726 12:00, 1.01564018257710, -0.1599617
20380727 12:00, 1.01554525345383, -0.1688274
20380728 12:00, 1.01544510589340, -0.1780288
20380729 12:00, 1.01533955423322, -0.1875345
20380730 12:00, 1.01522843673766, -0.1972921
20380731 12:00, 1.01511162924780, -0.2072230
20380801 12:00, 1.01498906114235, -0.2172205
20380802 12:00, 1.01486073099242, -0.2271529
20380803 12:00, 1.01472671839240, -0.2368734
20380804 12:00, 1.01458718862362, -0.2462346
20380805 12:00, 1.01444238826057, -0.2551051
20380806 12:00, 1.01429263202660, -0.2633823
20380807 12:00, 1.01413828313706, -0.2710017
20380808 12:00, 1.01397973024867, -0.2779399
20380809 12:00, 1.01381736390571, -0.2842133
20380810 12:00, 1.01365155458268, -0.2898740
20380811 12:00, 1.01348263370152, -0.2950041
20380812 12:00, 1.01331087863540, -0.2997072
20380813 12:00, 1.01313650257625, -0.3041004
20380814 12:00, 1.01295964991352, -0.3083032
20380815 12:00, 1.01278039722251, -0.3124294
20380816 12:00, 1.01259875914672, -0.3165788
20380817 12:00, 1.01241469767765, -0.3208335
20380818 12:00, 1.01222813291321, -0.3252566
20380819 12:00, 1.01203895345637, -0.3298945
20380820 12:00, 1.01184702510774, -0.3347804
20380821 12:00, 1.01165219718491, -0.3399390
20380822 12:00, 1.01145430646391, -0.3453896
20380823 12:00, 1.01125317928183, -0.3511493
20380824 12:00, 1.01104863276470, -0.3572327
20380825 12:00, 1.01084047649303, -0.3636507
20380826 12:00, 1.01062851619737, -0.3704048
20380827 12:00, 1.01041256119517, -0.3774796
20380828 12:00, 1.01019243699649, -0.3848326
20380829 12:00, 1.00996800349214, -0.3923860
20380830 12:00, 1.00973917720872, -0.4000215
20380831 12:00, 1.00950595364294, -0.4075855
20380901 12:00, 1.00926842384582, -0.4149041
20380902 12:00, 1.00902677971916, -0.4218060
20380903 12:00, 1.00878130547827, -0.4281465
20380904 12:00, 1.00853235713467, -0.4338237
20380905 12:00, 1.00828033523275, -0.4387853
20380906 12:00, 1.00802565681453, -0.4430254
20380907 12:00, 1.00776873097724, -0.4465759
20380908 12:00, 1.00750993995188, -0.4494962
20380909 12:00, 1.00724962572762, -0.4518648
20380910 12:00, 1.00698808137080, -0.4537716
20380911 12:00, 1.00672554611819, -0.4553123
20380912 12:00, 1.00646220359524, -0.4565830
20380913 12:00, 1.00619818274200, -0.4576762
20380914 12:00, 1.00593356105326, -0.4586771
20380915 12:00, 1.00566836958113, -0.4596610
20380916 12:00, 1.00540259894062, -0.4606925
20380917 12:00, 1.00513620544469, -0.4618262
20380918 12:00, 1.00486911655142, -0.4631077
20380919 12:00, 1.00460123503259, -0.4645773
20380920 12:00, 1.00433244162098, -0.4662715
20380921 12:00, 1.00406259631572, -0.4682257
20380922 12:00, 1.00379153900315, -0.4704741
20380923 12:00, 1.00351909058897, -0.4730476
20380924 12:00, 1.00324505640763, -0.4759679
20380925 12:00, 1.00296923412594, -0.4792379
20380926 12:00, 1.00269142831107, -0.4828285
20380927 12:00, 1.00241147269807, -0.4866659
20380928 12:00, 1.00212925851352, -0.4906245
20380929 12:00, 1.00184476343130, -0.4945329
20380930 12:00, 1.00155807279978, -0.4981943
20381001 12:00, 1.00126938534752, -0.5014182
20381002 12:00, 1.00097900055104, -0.5040506
20381003 12:00, 1.00068729166273, -0.5059917
20381004 12:00, 1.00039467278955, -0.5071990
20381005 12:00, 1.00010156823219, -0.5076777
20381006 12:00, 0.99980838888921, -0.5074666
20381007 12:00, 0.99951551670929, -0.5066251
20381008 12:00, 0.99922329576506, -0.5052237
20381009 12:00, 0.99893202777128, -0.5033379
20381010 12:00, 0.99864197017618, -0.5010451
20381011 12:00, 0.99835333564103, -0.4984228
20381012 12:00, 0.99806629235726, -0.4955473
20381013 12:00, 0.99778096504832, -0.4924926
20381014 12:00, 0.99749743663821, -0.4893293
20381015 12:00, 0.99721575050597, -0.4861236
20381016 12:00, 0.99693591308873, -0.4829373
20381017 12:00, 0.99665789645482, -0.4798277
20381018 12:00, 0.99638164042694, -0.4768493
20381019 12:00, 0.99610705394164, -0.4740550
20381020 12:00, 0.99583401560577, -0.4714969
20381021 12:00, 0.99556237386243, -0.4692272
20381022 12:00, 0.99529194781170, -0.4672948
20381023 12:00, 0.99502253049896, -0.4657394
20381024 12:00, 0.99475389719143, -0.4645806
20381025 12:00, 0.99448582132072, -0.4638026
20381026 12:00, 0.99421809957733, -0.4633383
20381027 12:00, 0.99395058442882, -0.4630611
20381028 12:00, 0.99368321761314, -0.4627912
20381029 12:00, 0.99341605451703, -0.4623204
20381030 12:00, 0.99314927030109, -0.4614485
20381031 12:00, 0.99288314512443, -0.4600165
20381101 12:00, 0.99261803411020, -0.4579251
20381102 12:00, 0.99235433231433, -0.4551341
20381103 12:00, 0.99209244383134, -0.4516498
20381104 12:00, 0.99183275964544, -0.4475086
20381105 12:00, 0.99157564444737, -0.4427632
20381106 12:00, 0.99132143021396, -0.4374730
20381107 12:00, 0.99107041381142, -0.4316997
20381108 12:00, 0.99082285639117, -0.4255052
20381109 12:00, 0.99057898317178, -0.4189521
20381110 12:00, 0.99033898295201, -0.4121041
20381111 12:00, 0.99010300724152, -0.4050267
20381112 12:00, 0.98987116920460, -0.3977871
20381113 12:00, 0.98964354271002, -0.3904540
20381114 12:00, 0.98942016171156, -0.3830969
20381115 12:00, 0.98920102001813, -0.3757852
20381116 12:00, 0.98898607134180, -0.3685883
20381117 12:00, 0.98877522943336, -0.3615753
20381118 12:00, 0.98856836821721, -0.3548150
20381119 12:00, 0.98836532218007, -0.3483747
20381120 12:00, 0.98816588787047, -0.3423177
20381121 12:00, 0.98796982816582, -0.3366960
20381122 12:00, 0.98777688171710, -0.3315391
20381123 12:00, 0.98758678014534, -0.3268391
20381124 12:00, 0.98739927431369, -0.3225351
20381125 12:00, 0.98721416771584, -0.3185055
20381126 12:00, 0.98703135036841, -0.3145751
20381127 12:00, 0.98685082325083, -0.3105402
20381128 12:00, 0.98667270464381, -0.3062043
20381129 12:00, 0.98649721624860, -0.3014102
20381130 12:00, 0.98632465485186, -0.2960563
20381201 12:00, 0.98615535942660, -0.2900968
20381202 12:00, 0.98598968226882, -0.2835289
20381203 12:00, 0.98582796844508, -0.2763779
20381204 12:00, 0.98567054372875, -0.2686834
20381205 12:00, 0.98551770893529, -0.2604912
20381206 12:00, 0.98536973801441, -0.2518481
20381207 12:00, 0.98522687765366, -0.2428017
20381208 12:00, 0.98508934685285, -0.2334007
20381209 12:00, 0.98495733561443, -0.2236970
20381210 12:00, 0.98483100246186, -0.2137480
20381211 12:00, 0.98471047093190, -0.2036178
20381212 12:00, 0.98459582548620, -0.1933775
20381213 12:00, 0.98448710743518, -0.1831052
20381214 12:00, 0.98438431145265, -0.1728841
20381215 12:00, 0.98428738311005, -0.1628006
20381216 12:00, 0.98419621765978, -0.1529422
20381217 12:00, 0.98411066017906, -0.1433948
20381218 12:00, 0.98403050727883, -0.1342396
20381219 12:00, 0.98395551095352, -0.1255489
20381220 12:00, 0.98388538573144, -0.1173789
20381221 12:00, 0.98381982081310, -0.1097591
20381222 12:00, 0.98375849884890, -0.1026805
20381223 12:00, 0.98370112177800, -0.0960839
20381224 12:00, 0.98364744143389, -0.0898558
20381225 12:00, 0.98359728918388, -0.0838369
20381226 12:00, 0.98355059678639, -0.0778435
20381227 12:00, 0.98350740210553, -0.0716968
20381228 12:00, 0.98346783836745, -0.0652488
20381229 12:00, 0.98343211144801, -0.0583971
20381230 12:00, 0.98340047278855, -0.0510857
20381231 12:00, 0.98337319479633, -0.0432960
20390101 12:00, 0.98335055252171, -0.0350353
20390102 12:00, 0.98333281225439, -0.0263251
20390103 12:00, 0.98332022570270, -0.0171933
20390104 12:00, 0.98331302769704, -0.0076701
20390105 12:00, 0.98331143542423,  0.0022136
20390106 12:00, 0.98331564759703,  0.0124244
20390107 12:00, 0.98332584243709,  0.0229241
20390108 12:00, 0.98334217382554,  0.0336660
20390109 12:00, 0.98336476546444,  0.0445919
20390110 12:00, 0.98339370340760,  0.0556295
20390111 12:00, 0.98342902781580,  0.0666922
20390112 12:00, 0.98347072516109,  0.0776811
20390113 12:00, 0.98351872221746,  0.0884893
20390114 12:00, 0.98357288297173,  0.0990074
20390115 12:00, 0.98363300915529,  0.1091303
20390116 12:00, 0.98369884464706,  0.1187638
20390117 12:00, 0.98377008375570,  0.1278316
20390118 12:00, 0.98384638342694,  0.1362819
20390119 12:00, 0.98392737956455,  0.1440948
20390120 12:00, 0.98401270752091,  0.1512893
20390121 12:00, 0.98410202601759,  0.1579278
20390122 12:00, 0.98419504223949,  0.1641149
20390123 12:00, 0.98429153417487,  0.1699889
20390124 12:00, 0.98439136556410,  0.1757054
20390125 12:00, 0.98449449002004,  0.1814166
20390126 12:00, 0.98460094383825,  0.1872541
20390127 12:00, 0.98471083029271,  0.1933172
20390128 12:00, 0.98482430012453,  0.1996712
20390129 12:00, 0.98494153279574,  0.2063514
20390130 12:00, 0.98506272148875,  0.2133715
20390131 12:00, 0.98518806289397,  0.2207312
20390201 12:00, 0.98531775134206,  0.2284234
20390202 12:00, 0.98545197603138,  0.2364379
20390203 12:00, 0.98559091982635,  0.2447631
20390204 12:00, 0.98573475811909,  0.2533844
20390205 12:00, 0.98588365639669,  0.2622812
20390206 12:00, 0.98603776540371,  0.2714222
20390207 12:00, 0.98619721320075,  0.2807593
20390208 12:00, 0.98636209408926,  0.2902230
20390209 12:00, 0.98653245531685,  0.2997197
20390210 12:00, 0.98670828352576,  0.3091338
20390211 12:00, 0.98688949366848,  0.3183343
20390212 12:00, 0.98707592313842,  0.3271857
20390213 12:00, 0.98726733295705,  0.3355611
20390214 12:00, 0.98746341632524,  0.3433543
20390215 12:00, 0.98766381336372,  0.3504890
20390216 12:00, 0.98786813004168,  0.3569239
20390217 12:00, 0.98807595925073,  0.3626551
20390218 12:00, 0.98828690236731,  0.3677156
20390219 12:00, 0.98850058995245,  0.3721728
20390220 12:00, 0.98871670019456,  0.3761231
20390221 12:00, 0.98893497344669,  0.3796838
20390222 12:00, 0.98915522117391,  0.3829819
20390223 12:00, 0.98937732819568,  0.3861425
20390224 12:00, 0.98960124829366,  0.3892777
20390225 12:00, 0.98982699462141,  0.3924801
20390226 12:00, 0.99005462729797,  0.3958198
20390227 12:00, 0.99028424072978,  0.3993459
20390228 12:00, 0.99051595265194,  0.4030910
20390301 12:00, 0.99074989596567,  0.4070758
20390302 12:00, 0.99098621354275,  0.4113149
20390303 12:00, 0.99122505547351,  0.4158192
20390304 12:00, 0.99146657777365,  0.4205982
20390305 12:00, 0.99171094126602,  0.4256587
20390306 12:00, 0.99195830915021,  0.4310014
20390307 12:00, 0.99220884168660,  0.4366142
20390308 12:00, 0.99246268659653,  0.4424642
20390309 12:00, 0.99271996446665,  0.4484890
20390310 12:00, 0.99298074984940,  0.4545911
20390311 12:00, 0.99324505075042,  0.4606384
20390312 12:00, 0.99351279106445,  0.4664741
20390313 12:00, 0.99378380108145,  0.4719344
20390314 12:00, 0.99405781958113,  0.4768696
20390315 12:00, 0.99433450768663,  0.4811629
20390316 12:00, 0.99461347124838,  0.4847409
20390317 12:00, 0.99489428681290,  0.4875752
20390318 12:00, 0.99517652667686,  0.4896782
20390319 12:00, 0.99545978027212,  0.4910955
20390320 12:00, 0.99574367091983,  0.4918977
20390321 12:00, 0.99602786807249,  0.4921727
20390322 12:00, 0.99631209547236,  0.4920195
20390323 12:00, 0.99659613554403,  0.4915413
20390324 12:00, 0.99687983021292,  0.4908399
20390325 12:00, 0.99716307843162,  0.4900103
20390326 12:00, 0.99744583100196,  0.4891365
20390327 12:00, 0.99772808363869,  0.4882898
20390328 12:00, 0.99800986943434,  0.4875286
20390329 12:00, 0.99829125184619,  0.4869000
20390330 12:00, 0.99857231904820,  0.4864430
20390331 12:00, 0.99885318006548,  0.4861914
20390401 12:00, 0.99913396263225,  0.4861765
20390402 12:00, 0.99941481223425,  0.4864284
20390403 12:00, 0.99969589131330,  0.4869755
20390404 12:00, 0.99997737711880,  0.4878398
20390405 12:00, 1.00025945625603,  0.4890299
20390406 12:00, 1.00054231383700,  0.4905301
20390407 12:00, 1.00082611572872,  0.4922875
20390408 12:00, 1.00111098420495,  0.4942030
20390409 12:00, 1.00139697037389,  0.4961301
20390410 12:00, 1.00168402998574,  0.4978884
20390411 12:00, 1.00197201043281,  0.4992881
20390412 12:00, 1.00226065416195,  0.5001603
20390413 12:00, 1.00254961804418,  0.5003805
20390414 12:00, 1.00283850278764,  0.4998793
20390415 12:00, 1.00312688439074,  0.4986391
20390416 12:00, 1.00341434132154,  0.4966839
20390417 12:00, 1.00370047455720,  0.4940657
20390418 12:00, 1.00398492058561,  0.4908538
20390419 12:00, 1.00426735897256,  0.4871270
20390420 12:00, 1.00454751630591,  0.4829688
20390421 12:00, 1.00482516786268,  0.4784639
20390422 12:00, 1.00510013774507,  0.4736962
20390423 12:00, 1.00537229779964,  0.4687469
20390424 12:00, 1.00564156546300,  0.4636924
20390425 12:00, 1.00590790072621,  0.4586035
20390426 12:00, 1.00617130256548,  0.4535444
20390427 12:00, 1.00643180532721,  0.4485735
20390428 12:00, 1.00668947559031,  0.4437443
20390429 12:00, 1.00694440991533,  0.4391075
20390430 12:00, 1.00719673362488,  0.4347122
20390501 12:00, 1.00744660034897,  0.4306072
20390502 12:00, 1.00769419151567,  0.4268396
20390503 12:00, 1.00793971428785,  0.4234504
20390504 12:00, 1.00818339574830,  0.4204658
20390505 12:00, 1.00842547073991,  0.4178839
20390506 12:00, 1.00866616129771,  0.4156598
20390507 12:00, 1.00890564780553,  0.4136928
20390508 12:00, 1.00914403599486,  0.4118261
20390509 12:00, 1.00938132816638,  0.4098626
20390510 12:00, 1.00961740842777,  0.4075962
20390511 12:00, 1.00985204792090,  0.4048473
20390512 12:00, 1.01008492837247,  0.4014887
20390513 12:00, 1.01031567570461,  0.3974543
20390514 12:00, 1.01054389380618,  0.3927319
20390515 12:00, 1.01076919160599,  0.3873485
20390516 12:00, 1.01099120115483,  0.3813548
20390517 12:00, 1.01120958780024,  0.3748137
20390518 12:00, 1.01142405493506,  0.3677934
20390519 12:00, 1.01163434574655,  0.3603631
20390520 12:00, 1.01184024369365,  0.3525929
20390521 12:00, 1.01204157265427,  0.3445528
20390522 12:00, 1.01223819707241,  0.3363132
20390523 12:00, 1.01243002207117,  0.3279446
20390524 12:00, 1.01261699336952,  0.3195169
20390525 12:00, 1.01279909689017,  0.3110993
20390526 12:00, 1.01297635809285,  0.3027595
20390527 12:00, 1.01314884121585,  0.2945642
20390528 12:00, 1.01331664866850,  0.2865790
20390529 12:00, 1.01347992071636,  0.2788694
20390530 12:00, 1.01363883528941,  0.2715002
20390531 12:00, 1.01379360719869,  0.2645336
20390601 12:00, 1.01394448529941,  0.2580242
20390602 12:00, 1.01409174534454,  0.2520086
20390603 12:00, 1.01423567584718,  0.2464916
20390604 12:00, 1.01437655494687,  0.2414298
20390605 12:00, 1.01451461883524,  0.2367203
20390606 12:00, 1.01465002668332,  0.2322010
20390607 12:00, 1.01478283128752,  0.2276702
20390608 12:00, 1.01491296538534,  0.2229202
20390609 12:00, 1.01504024875648,  0.2177727
20390610 12:00, 1.01516441311008,  0.2121036
20390611 12:00, 1.01528513564366,  0.2058479
20390612 12:00, 1.01540207144294,  0.1989916
20390613 12:00, 1.01551487850786,  0.1915561
20390614 12:00, 1.01562323376418,  0.1835834
20390615 12:00, 1.01572684151978,  0.1751249
20390616 12:00, 1.01582543697960,  0.1662355
20390617 12:00, 1.01591878728638,  0.1569707
20390618 12:00, 1.01600669186901,  0.1473869
20390619 12:00, 1.01608898313072,  0.1375422
20390620 12:00, 1.01616552788774,  0.1274978
20390621 12:00, 1.01623622952532,  0.1173192
20390622 12:00, 1.01630103057109,  0.1070766
20390623 12:00, 1.01635991528487,  0.0968442
20390624 12:00, 1.01641291190678,  0.0866998
20390625 12:00, 1.01646009433899,  0.0767237
20390626 12:00, 1.01650158317367,  0.0669970
20390627 12:00, 1.01653754601293,  0.0576010
20390628 12:00, 1.01656819685376,  0.0486148
20390629 12:00, 1.01659379387877,  0.0401115
20390630 12:00, 1.01661463434497,  0.0321519
20390701 12:00, 1.01663104461618,  0.0247739
20390702 12:00, 1.01664336321236,  0.0179792
20390703 12:00, 1.01665191573764,  0.0117195
20390704 12:00, 1.01665698321525,  0.0058883
20390705 12:00, 1.01665876923995,  0.0003259
20390706 12:00, 1.01665737442336, -0.0051600
20390707 12:00, 1.01665278613292, -0.0107636
20390708 12:00, 1.01664488662163, -0.0166504
20390709 12:00, 1.01663347589195, -0.0229378
20390710 12:00, 1.01661830120642, -0.0296915
20390711 12:00, 1.01659908514169, -0.0369334
20390712 12:00, 1.01657554723360, -0.0446544
20390713 12:00, 1.01654741794784, -0.0528275
20390714 12:00, 1.01651444619375, -0.0614171
20390715 12:00, 1.01647640258175, -0.0703843
20390716 12:00, 1.01643308059674, -0.0796888
20390717 12:00, 1.01638429738512, -0.0892888
20390718 12:00, 1.01632989528040, -0.0991385
20390719 12:00, 1.01626974465590, -0.1091861
20390720 12:00, 1.01620374821910, -0.1193712
20390721 12:00, 1.01613184645111, -0.1296232
20390722 12:00, 1.01605402357181, -0.1398612
20390723 12:00, 1.01597031322120, -0.1499953
20390724 12:00, 1.01588080303023, -0.1599291
20390725 12:00, 1.01578563739017, -0.1695631
20390726 12:00, 1.01568501792486, -0.1787992
20390727 12:00, 1.01557920128055, -0.1875460
20390728 12:00, 1.01546849375735, -0.1957241
20390729 12:00, 1.01535324202673, -0.2032745
20390730 12:00, 1.01523381892481, -0.2101673
20390731 12:00, 1.01511060349619, -0.2164124
20390801 12:00, 1.01498395554737, -0.2220676
20390802 12:00, 1.01485418707742, -0.2272403
20390803 12:00, 1.01472153542105, -0.2320793
20390804 12:00, 1.01458614426467, -0.2367562
20390805 12:00, 1.01444805744553, -0.2414410
20390806 12:00, 1.01430722665666, -0.2462798
20390807 12:00, 1.01416352978466, -0.2513806
20390808 12:00, 1.01401679400096, -0.2568114
20390809 12:00, 1.01386681789448, -0.2626046
20390810 12:00, 1.01371338903005, -0.2687676
20390811 12:00, 1.01355629579555, -0.2752917
20390812 12:00, 1.01339533420273, -0.2821602
20390813 12:00, 1.01323031118187, -0.2893525
20390814 12:00, 1.01306104609841, -0.2968461
20390815 12:00, 1.01288737205057, -0.3046158
20390816 12:00, 1.01270913819878, -0.3126305
20390817 12:00, 1.01252621400674, -0.3208503
20390818 12:00, 1.01233849582302, -0.3292215
20390819 12:00, 1.01214591566791, -0.3376737
20390820 12:00, 1.01194845143257, -0.3461184
20390821 12:00, 1.01174613706898, -0.3544505
20390822 12:00, 1.01153907095808, -0.3625532
20390823 12:00, 1.01132742068146, -0.3703050
20390824 12:00, 1.01111142292150, -0.3775896
20390825 12:00, 1.01089137798144, -0.3843046
20390826 12:00, 1.01066763912486, -0.3903703
20390827 12:00, 1.01044059734498, -0.3957369
20390828 12:00, 1.01021066231661, -0.4003903
20390829 12:00, 1.00997824043367, -0.4043564
20390830 12:00, 1.00974371130942, -0.4077019
20390831 12:00, 1.00950740496648, -0.4105308
20390901 12:00, 1.00926958278321, -0.4129747
20390902 12:00, 1.00903042539605, -0.4151789
20390903 12:00, 1.00879002967373, -0.4172856
20390904 12:00, 1.00854841476704, -0.4194196
20390905 12:00, 1.00830553500790, -0.4216797
20390906 12:00, 1.00806129611150, -0.4241355
20390907 12:00, 1.00781557116040, -0.4268312
20390908 12:00, 1.00756821390203, -0.4297908
20390909 12:00, 1.00731906828743, -0.4330252
20390910 12:00, 1.00706797436509, -0.4365378
20390911 12:00, 1.00681477140298, -0.4403284
20390912 12:00, 1.00655929948974, -0.4443944
20390913 12:00, 1.00630140100570, -0.4487300
20390914 12:00, 1.00604092336217, -0.4533229
20390915 12:00, 1.00577772429236, -0.4581487
20390916 12:00, 1.00551168064680, -0.4631644
20390917 12:00, 1.00524270095825, -0.4683023
20390918 12:00, 1.00497074092333, -0.4734667
20390919 12:00, 1.00469581956785, -0.4785348
20390920 12:00, 1.00441803272561, -0.4833651
20390921 12:00, 1.00413756024904, -0.4878108
20390922 12:00, 1.00385466448697, -0.4917358
20390923 12:00, 1.00356967968745, -0.4950293
20390924 12:00, 1.00328299414212, -0.4976161
20390925 12:00, 1.00299502812122, -0.4994609
20390926 12:00, 1.00270621065735, -0.5005685
20390927 12:00, 1.00241695746405, -0.5009794
20390928 12:00, 1.00212765142298, -0.5007657
20390929 12:00, 1.00183862658381, -0.5000232
20390930 12:00, 1.00155015648880, -0.4988642
20391001 12:00, 1.00126244755076, -0.4974073
20391002 12:00, 1.00097563786350, -0.4957688
20391003 12:00, 1.00068980113061, -0.4940544
20391004 12:00, 1.00040495457425, -0.4923533
20391005 12:00, 1.00012106907892, -0.4907366
20391006 12:00, 0.99983807968014, -0.4892578
20391007 12:00, 0.99955589483430, -0.4879561
20391008 12:00, 0.99927440352181, -0.4868604
20391009 12:00, 0.99899347991572, -0.4859937
20391010 12:00, 0.99871298594332, -0.4853758
20391011 12:00, 0.99843277254267, -0.4850249
20391012 12:00, 0.99815268080168, -0.4849567
20391013 12:00, 0.99787254449625, -0.4851799
20391014 12:00, 0.99759219576665, -0.4856899
20391015 12:00, 0.99731147559748, -0.4864591
20391016 12:00, 0.99703025006456, -0.4874266
20391017 12:00, 0.99674843168019, -0.4884918
20391018 12:00, 0.99646600271313, -0.4895149
20391019 12:00, 0.99618303500367, -0.4903282
20391020 12:00, 0.99589970012270, -0.4907582
20391021 12:00, 0.99561626587171, -0.4906492
20391022 12:00, 0.99533307944649, -0.4898844
20391023 12:00, 0.99505054173692, -0.4883955
20391024 12:00, 0.99476907898085, -0.4861622
20391025 12:00, 0.99448911695488, -0.4832048
20391026 12:00, 0.99421106041666, -0.4795742
20391027 12:00, 0.99393527824368, -0.4753422
20391028 12:00, 0.99366209347338, -0.4705947
20391029 12:00, 0.99339177719501, -0.4654248
20391030 12:00, 0.99312454551755, -0.4599290
20391031 12:00, 0.99286055918220, -0.4542020
20391101 12:00, 0.99259992553958, -0.4483332
20391102 12:00, 0.99234270252109, -0.4424040
20391103 12:00, 0.99208890400618, -0.4364855
20391104 12:00, 0.99183850578196, -0.4306384
20391105 12:00, 0.99159145123372, -0.4249146
20391106 12:00, 0.99134765603486, -0.4193586
20391107 12:00, 0.99110701139529, -0.4140110
20391108 12:00, 0.99086938582104, -0.4089102
20391109 12:00, 0.99063462580188, -0.4040940
20391110 12:00, 0.99040255637190, -0.3995986
20391111 12:00, 0.99017298307959, -0.3954543
20391112 12:00, 0.98994569747323, -0.3916775
20391113 12:00, 0.98972048847871, -0.3882587
20391114 12:00, 0.98949716147824, -0.3851481
20391115 12:00, 0.98927556486032, -0.3822453
20391116 12:00, 0.98905562022378, -0.3793983
20391117 12:00, 0.98883734861753, -0.3764186
20391118 12:00, 0.98862088391487, -0.3731095
20391119 12:00, 0.98840646777353, -0.3692996
20391120 12:00, 0.98819442746440, -0.3648667
20391121 12:00, 0.98798514392984, -0.3597472
20391122 12:00, 0.98777901916280, -0.3539301
20391123 12:00, 0.98757644943207, -0.3474437
20391124 12:00, 0.98737780674541, -0.3403414
20391125 12:00, 0.98718342776491, -0.3326908
20391126 12:00, 0.98699360801182, -0.3245659
20391127 12:00, 0.98680859920498, -0.3160439
20391128 12:00, 0.98662860822481, -0.3072026
20391129 12:00, 0.98645379692569, -0.2981200
20391130 12:00, 0.98628428255697, -0.2888724
20391201 12:00, 0.98612013881182, -0.2795341
20391202 12:00, 0.98596139753621, -0.2701756
20391203 12:00, 0.98580805098544, -0.2608633
20391204 12:00, 0.98566005432985, -0.2516593
20391205 12:00, 0.98551732798806, -0.2426221
20391206 12:00, 0.98537975937821, -0.2338078
20391207 12:00, 0.98524720386027, -0.2252714
20391208 12:00, 0.98511948500922, -0.2170680
20391209 12:00, 0.98499639491547, -0.2092511
20391210 12:00, 0.98487769594251, -0.2018691
20391211 12:00, 0.98476312617547, -0.1949559
20391212 12:00, 0.98465241133113, -0.1885177
20391213 12:00, 0.98454528548637, -0.1825166
20391214 12:00, 0.98444152075658, -0.1768574
20391215 12:00, 0.98434096178383, -0.1713852
20391216 12:00, 0.98424355617536, -0.1659026
20391217 12:00, 0.98414937037034, -0.1602019
20391218 12:00, 0.98405858454167, -0.1541027
20391219 12:00, 0.98397146846371, -0.1474779
20391220 12:00, 0.98388834731681, -0.1402626
20391221 12:00, 0.98380956789297, -0.1324446
20391222 12:00, 0.98373547216581, -0.1240499
20391223 12:00, 0.98366638027406, -0.1151258
20391224 12:00, 0.98360258150603, -0.1057303
20391225 12:00, 0.98354433054893, -0.0959245
20391226 12:00, 0.98349184641850, -0.0857706
20391227 12:00, 0.98344531224697, -0.0753308
20391228 12:00, 0.98340487493489, -0.0646684
20391229 12:00, 0.98337064433085, -0.0538485
20391230 12:00, 0.98334269203413, -0.0429386
20391231 12:00, 0.98332105012272, -0.0320079
20400101 12:00, 0.98330571012210, -0.0211275
20400102 12:00, 0.98329662240215, -0.0103688
20400103 12:00, 0.98329369599834,  0.0001967
20400104 12:00, 0.98329679870059,  0.0104977
20400105 12:00, 0.98330575723755,  0.0204632
20400106 12:00, 0.98332035758667,  0.0300232
20400107 12:00, 0.98334034590606,  0.0391105
20400108 12:00, 0.98336543129725,  0.0476650
20400109 12:00, 0.98339529242840,  0.0556432
20400110 12:00, 0.98342959059463,  0.0630310
20400111 12:00, 0.98346799136361,  0.0698599
20400112 12:00, 0.98351019473858,  0.0762191
20400113 12:00, 0.98355596964840,  0.0822569
20400114 12:00, 0.98360518419600,  0.0881642
20400115 12:00, 0.98365782177189,  0.0941432
20400116 12:00, 0.98371397721939,  0.1003724
20400117 12:00, 0.98377383501368,  0.1069809
20400118 12:00, 0.98383763783717,  0.1140412
20400119 12:00, 0.98390565526034,  0.1215761
20400120 12:00, 0.98397815905986,  0.1295730
20400121 12:00, 0.98405540723240,  0.1379989
20400122 12:00, 0.98413763554140,  0.1468113
20400123 12:00, 0.98422505410333,  0.1559646
20400124 12:00, 0.98431784652145,  0.1654128
20400125 12:00, 0.98441616966474,  0.1751091
20400126 12:00, 0.98452015289183,  0.1850047
20400127 12:00, 0.98462989614099,  0.1950462
20400128 12:00, 0.98474546680751,  0.2051740
20400129 12:00, 0.98486689570858,  0.2153210
20400130 12:00, 0.98499417268151,  0.2254123
20400131 12:00, 0.98512724245300,  0.2353669
20400201 12:00, 0.98526600134885,  0.2450987
20400202 12:00, 0.98541029523391,  0.2545193
20400203 12:00, 0.98555991888682,  0.2635407
20400204 12:00, 0.98571461696374,  0.2720779
20400205 12:00, 0.98587408690161,  0.2800531
20400206 12:00, 0.98603798456738,  0.2874014
20400207 12:00, 0.98620593402081,  0.2940792
20400208 12:00, 0.98637754304034,  0.3000757
20400209 12:00, 0.98655242548904,  0.3054247
20400210 12:00, 0.98673022966873,  0.3102123
20400211 12:00, 0.98691066870128,  0.3145754
20400212 12:00, 0.98709354609960,  0.3186866
20400213 12:00, 0.98727876928107,  0.3227283
20400214 12:00, 0.98746634708315,  0.3268651
20400215 12:00, 0.98765637293822,  0.3312230
20400216 12:00, 0.98784899992094,  0.3358822
20400217 12:00, 0.98804441499958,  0.3408813
20400218 12:00, 0.98824281779053,  0.3462276
20400219 12:00, 0.98844440594526,  0.3519089
20400220 12:00, 0.98864936675577,  0.3579027
20400221 12:00, 0.98885787326314,  0.3641828
20400222 12:00, 0.98907008285577,  0.3707215
20400223 12:00, 0.98928613657786,  0.3774896
20400224 12:00, 0.98950615778614,  0.3844546
20400225 12:00, 0.98973024924340,  0.3915772
20400226 12:00, 0.98995848820051,  0.3988078
20400227 12:00, 0.99019091951806,  0.4060833
20400228 12:00, 0.99042754740889,  0.4133259
20400229 12:00, 0.99066832686666,  0.4204434
20400301 12:00, 0.99091315615100,  0.4273322
20400302 12:00, 0.99116187170150,  0.4338827
20400303 12:00, 0.99141424653670,  0.4399862
20400304 12:00, 0.99166999270157,  0.4455416
20400305 12:00, 0.99192876789740,  0.4504628
20400306 12:00, 0.99219018624401,  0.4546862
20400307 12:00, 0.99245383316388,  0.4581773
20400308 12:00, 0.99271928437204,  0.4609379
20400309 12:00, 0.99298612851523,  0.4630118
20400310 12:00, 0.99325399189206,  0.4644853
20400311 12:00, 0.99352256214611,  0.4654829
20400312 12:00, 0.99379160668951,  0.4661537
20400313 12:00, 0.99406098191609,  0.4666535
20400314 12:00, 0.99433063138172,  0.4671254
20400315 12:00, 0.99460057423744,  0.4676863
20400316 12:00, 0.99487088772264,  0.4684201
20400317 12:00, 0.99514168831310,  0.4693795
20400318 12:00, 0.99541311519181,  0.4705918
20400319 12:00, 0.99568531795076,  0.4720669
20400320 12:00, 0.99595844876939,  0.4738050
20400321 12:00, 0.99623265822150,  0.4758011
20400322 12:00, 0.99650809334995,  0.4780481
20400323 12:00, 0.99678489652031,  0.4805367
20400324 12:00, 0.99706320362898,  0.4832533
20400325 12:00, 0.99734314041025,  0.4861754
20400326 12:00, 0.99762481588629,  0.4892666
20400327 12:00, 0.99790831252797,  0.4924707
20400328 12:00, 0.99819367351909,  0.4957073
20400329 12:00, 0.99848088858133,  0.4988718
20400330 12:00, 0.99876988083087,  0.5018395
20400331 12:00, 0.99906049762902,  0.5044746
20400401 12:00, 0.99935250796259,  0.5066438
20400402 12:00, 0.99964560756464,  0.5082289
20400403 12:00, 0.99993943129884,  0.5091389
20400404 12:00, 1.00023357102053,  0.5093168
20400405 12:00, 1.00052759663438,  0.5087438
20400406 12:00, 1.00082107827661,  0.5074395
20400407 12:00, 1.00111360797990,  0.5054595
20400408 12:00, 1.00140481939870,  0.5028912
20400409 12:00, 1.00169440409955,  0.4998464
20400410 12:00, 1.00198212284065,  0.4964512
20400411 12:00, 1.00226781058153,  0.4928344
20400412 12:00, 1.00255137486149,  0.4891167
20400413 12:00, 1.00283278843535,  0.4854023
20400414 12:00, 1.00311207814142,  0.4817740
20400415 12:00, 1.00338931244631,  0.4782932
20400416 12:00, 1.00366458985572,  0.4750033
20400417 12:00, 1.00393802962928,  0.4719337
20400418 12:00, 1.00420976534732,  0.4691053
20400419 12:00, 1.00447994111102,  0.4665342
20400420 12:00, 1.00474870960591,  0.4642342
20400421 12:00, 1.00501623088920,  0.4622168
20400422 12:00, 1.00528267050356,  0.4604890
20400423 12:00, 1.00554819535783,  0.4590474
20400424 12:00, 1.00581296584186,  0.4578712
20400425 12:00, 1.00607712307486,  0.4569132
20400426 12:00, 1.00634077127987,  0.4560919
20400427 12:00, 1.00660395709358,  0.4552894
20400428 12:00, 1.00686664971043,  0.4543573
20400429 12:00, 1.00712872706455,  0.4531312
20400430 12:00, 1.00738997262726,  0.4514520
20400501 12:00, 1.00765008461545,  0.4491866
20400502 12:00, 1.00790869570893,  0.4462430
20400503 12:00, 1.00816539870564,  0.4425753
20400504 12:00, 1.00841977305728,  0.4381822
20400505 12:00, 1.00867140857582,  0.4330996
20400506 12:00, 1.00891992454842,  0.4273922
20400507 12:00, 1.00916498398476,  0.4211455
20400508 12:00, 1.00940630338626,  0.4144580
20400509 12:00, 1.00964365848528,  0.4074352
20400510 12:00, 1.00987688626776,  0.4001828
20400511 12:00, 1.01010588357961,  0.3928016
20400512 12:00, 1.01033060282228,  0.3853825
20400513 12:00, 1.01055104556502,  0.3780045
20400514 12:00, 1.01076725515676,  0.3707334
20400515 12:00, 1.01097930946761,  0.3636232
20400516 12:00, 1.01118731469735,  0.3567186
20400517 12:00, 1.01139140081864,  0.3500577
20400518 12:00, 1.01159171876849,  0.3436753
20400519 12:00, 1.01178843902704,  0.3376046
20400520 12:00, 1.01198175074288,  0.3318768
20400521 12:00, 1.01217186006964,  0.3265188
20400522 12:00, 1.01235898590607,  0.3215465
20400523 12:00, 1.01254335094655,  0.3169553
20400524 12:00, 1.01272516622364,  0.3127072
20400525 12:00, 1.01290460866449,  0.3087206
20400526 12:00, 1.01308179385669,  0.3048650
20400527 12:00, 1.01325674959296,  0.3009692
20400528 12:00, 1.01342939796181,  0.2968430
20400529 12:00, 1.01359955260515,  0.2923061
20400530 12:00, 1.01376693292527,  0.2872162
20400531 12:00, 1.01393119103915,  0.2814841
20400601 12:00, 1.01409194373017,  0.2750758
20400602 12:00, 1.01424880208486,  0.2680036
20400603 12:00, 1.01440139459192,  0.2603132
20400604 12:00, 1.01454938282325,  0.2520718
20400605 12:00, 1.01469247090009,  0.2433582
20400606 12:00, 1.01483041058628,  0.2342578
20400607 12:00, 1.01496300357709,  0.2248577
20400608 12:00, 1.01509010196725,  0.2152448
20400609 12:00, 1.01521160737784,  0.2055034
20400610 12:00, 1.01532746895871,  0.1957136
20400611 12:00, 1.01543768045711,  0.1859495
20400612 12:00, 1.01554227666205,  0.1762790
20400613 12:00, 1.01564132967601,  0.1667637
20400614 12:00, 1.01573494552939,  0.1574596
20400615 12:00, 1.01582326158334,  0.1484195
20400616 12:00, 1.01590644494806,  0.1396939
20400617 12:00, 1.01598469178065,  0.1313330
20400618 12:00, 1.01605822682109,  0.1233853
20400619 12:00, 1.01612730188539,  0.1158951
20400620 12:00, 1.01619219132859,  0.1088947
20400621 12:00, 1.01625318196119,  0.1023926
20400622 12:00, 1.01631055507678,  0.0963585
20400623 12:00, 1.01636455987176,  0.0907097
20400624 12:00, 1.01641538102124,  0.0853059
20400625 12:00, 1.01646310759680,  0.0799596
20400626 12:00, 1.01650771313397,  0.0744637
20400627 12:00, 1.01654905453123,  0.0686274
20400628 12:00, 1.01658689063038,  0.0623059
20400629 12:00, 1.01662091388126,  0.0554149
20400630 12:00, 1.01665078512887,  0.0479276
20400701 12:00, 1.01667616338275,  0.0398619
20400702 12:00, 1.01669672685717,  0.0312638
20400703 12:00, 1.01671218549128,  0.0221953
20400704 12:00, 1.01672228716664,  0.0127248
20400705 12:00, 1.01672682016278,  0.0029233
20400706 12:00, 1.01672561382784, -0.0071381
20400707 12:00, 1.01671853864894, -0.0173881
20400708 12:00, 1.01670550623134, -0.0277556
20400709 12:00, 1.01668646925790, -0.0381696
20400710 12:00, 1.01666142130581, -0.0485595
20400711 12:00, 1.01663039639906, -0.0588558
20400712 12:00, 1.01659346829616, -0.0689905
20400713 12:00, 1.01655074966161, -0.0788969
20400714 12:00, 1.01650239135580, -0.0885093
20400715 12:00, 1.01644858202430, -0.0977625
20400716 12:00, 1.01638954791982, -0.1065915
20400717 12:00, 1.01632555241605, -0.1149331
20400718 12:00, 1.01625689398057, -0.1227301
20400719 12:00, 1.01618390057148, -0.1299394
20400720 12:00, 1.01610691783210, -0.1365453
20400721 12:00, 1.01602628872505, -0.1425755
20400722 12:00, 1.01594232419941, -0.1481149
20400723 12:00, 1.01585526843150, -0.1533091
20400724 12:00, 1.01576526679869, -0.1583508
20400725 12:00, 1.01567234685577, -0.1634493
20400726 12:00, 1.01557641936066, -0.1687939
20400727 12:00, 1.01547729875626, -0.1745253
20400728 12:00, 1.01537473529415, -0.1807248
20400729 12:00, 1.01526844860967, -0.1874191
20400730 12:00, 1.01515815522652, -0.1945950
20400731 12:00, 1.01504358709933, -0.2022146
20400801 12:00, 1.01492450196301, -0.2102281
20400802 12:00, 1.01480068793995, -0.2185811
20400803 12:00, 1.01467196500119, -0.2272180
20400804 12:00, 1.01453818528456, -0.2360829
20400805 12:00, 1.01439923351241, -0.2451187
20400806 12:00, 1.01425502808469, -0.2542656
20400807 12:00, 1.01410552293020, -0.2634603
20400808 12:00, 1.01395070988322, -0.2726347
20400809 12:00, 1.01379062120764, -0.2817170
20400810 12:00, 1.01362533189496, -0.2906312
20400811 12:00, 1.01345496147539, -0.2992992
20400812 12:00, 1.01327967522557, -0.3076409
20400813 12:00, 1.01309968472980, -0.3155762
20400814 12:00, 1.01291524764859, -0.3230262
20400815 12:00, 1.01272666619482, -0.3299160
20400816 12:00, 1.01253428322131, -0.3361809
20400817 12:00, 1.01233847413440, -0.3417749
20400818 12:00, 1.01213963245495, -0.3466835
20400819 12:00, 1.01193814739291, -0.3509384
20400820 12:00, 1.01173437393302, -0.3546276
20400821 12:00, 1.01152859959339, -0.3578955
20400822 12:00, 1.01132101566283, -0.3609269
20400823 12:00, 1.01111170159623, -0.3639188
20400824 12:00, 1.01090062758164, -0.3670478
20400825 12:00, 1.01068767362621, -0.3704467
20400826 12:00, 1.01047265795481, -0.3741966
20400827 12:00, 1.01025536614467, -0.3783311
20400828 12:00, 1.01003557489752, -0.3828496
20400829 12:00, 1.00981306815130, -0.3877298
20400830 12:00, 1.00958764618224, -0.3929388
20400831 12:00, 1.00935912975150, -0.3984393
20400901 12:00, 1.00912736155651, -0.4041929
20400902 12:00, 1.00889220685596, -0.4101597
20400903 12:00, 1.00865355457072, -0.4162972
20400904 12:00, 1.00841131961185, -0.4225576
20400905 12:00, 1.00816544669471, -0.4288851
20400906 12:00, 1.00791591546479, -0.4352143
20400907 12:00, 1.00766274640134, -0.4414691
20400908 12:00, 1.00740600672120, -0.4475640
20400909 12:00, 1.00714581542913, -0.4534057
20400910 12:00, 1.00688234675803, -0.4588969
20400911 12:00, 1.00661583144567, -0.4639400
20400912 12:00, 1.00634655546396, -0.4684420
20400913 12:00, 1.00607485581132, -0.4723203
20400914 12:00, 1.00580111274918, -0.4755091
20400915 12:00, 1.00552573754805, -0.4779683
20400916 12:00, 1.00524915476134, -0.4796937
20400917 12:00, 1.00497177874814, -0.4807261
20400918 12:00, 1.00469398593075, -0.4811562
20400919 12:00, 1.00441608676020, -0.4811202
20400920 12:00, 1.00413830331727, -0.4807846
20400921 12:00, 1.00386075825656, -0.4803229
20400922 12:00, 1.00358347777319, -0.4798920
20400923 12:00, 1.00330640677159, -0.4796146
20400924 12:00, 1.00302943094482, -0.4795728
20400925 12:00, 1.00275239968036, -0.4798113
20400926 12:00, 1.00247514531591, -0.4803462
20400927 12:00, 1.00219749679207, -0.4811748
20400928 12:00, 1.00191928786151, -0.4822842
20400929 12:00, 1.00164036120041, -0.4836571
20400930 12:00, 1.00136057015314, -0.4852741
20401001 12:00, 1.00107977976432, -0.4871139
20401002 12:00, 1.00079786848245, -0.4891509
20401003 12:00, 1.00051473157613, -0.4913517
20401004 12:00, 1.00023028688878, -0.4936708
20401005 12:00, 0.99994448302794, -0.4960466
20401006 12:00, 0.99965730942745, -0.4983992
20401007 12:00, 0.99936880702466, -0.5006305
20401008 12:00, 0.99907907775970, -0.5026281
20401009 12:00, 0.99878829096866, -0.5042725
20401010 12:00, 0.99849668512545, -0.5054454
20401011 12:00, 0.99820456416399, -0.5060399
20401012 12:00, 0.99791228844665, -0.5059689
20401013 12:00, 0.99762026100381, -0.5051728
20401014 12:00, 0.99732890985531, -0.5036256
20401015 12:00, 0.99703866725314, -0.5013394
20401016 12:00, 0.99674994692262, -0.4983662
20401017 12:00, 0.99646312104581, -0.4947971
20401018 12:00, 0.99617849963999, -0.4907548
20401019 12:00, 0.99589631552202, -0.4863815
20401020 12:00, 0.99561671754343, -0.4818230
20401021 12:00, 0.99533977306223, -0.4772133
20401022 12:00, 0.99506547832402, -0.4726634
20401023 12:00, 0.99479377363033, -0.4682556
20401024 12:00, 0.99452455962893, -0.4640455
20401025 12:00, 0.99425771175159, -0.4600659
20401026 12:00, 0.99399309115534, -0.4563346
20401027 12:00, 0.99373055183982, -0.4528595
20401028 12:00, 0.99346994455487, -0.4496445
20401029 12:00, 0.99321111863514, -0.4466909
20401030 12:00, 0.99295392312827, -0.4439981
20401031 12:00, 0.99269820865289, -0.4415607
20401101 12:00, 0.99244383138380, -0.4393639
20401102 12:00, 0.99219066035264, -0.4373768
20401103 12:00, 0.99193858872347, -0.4355456
20401104 12:00, 0.99168754871498, -0.4337882
20401105 12:00, 0.99143752843713, -0.4319935
20401106 12:00, 0.99118858748701, -0.4300267
20401107 12:00, 0.99094086743154, -0.4277411
20401108 12:00, 0.99069459394076, -0.4249950
20401109 12:00, 0.99045006932096, -0.4216672
20401110 12:00, 0.99020765666538, -0.4176700
20401111 12:00, 0.98996775860881, -0.4129547
20401112 12:00, 0.98973079408263, -0.4075133
20401113 12:00, 0.98949717576388, -0.4013748
20401114 12:00, 0.98926728985897, -0.3946009
20401115 12:00, 0.98904147911853, -0.3872793
20401116 12:00, 0.98882002973068, -0.3795169
20401117 12:00, 0.98860316274859, -0.3714308
20401118 12:00, 0.98839103059372, -0.3631400
20401119 12:00, 0.98818371870329, -0.3547563
20401120 12:00, 0.98798125163072, -0.3463778
20401121 12:00, 0.98778360216758, -0.3380853
20401122 12:00, 0.98759070166222, -0.3299417
20401123 12:00, 0.98740244980208, -0.3219942
20401124 12:00, 0.98721872261005, -0.3142783
20401125 12:00, 0.98703937806337, -0.3068217
20401126 12:00, 0.98686425938338, -0.2996482
20401127 12:00, 0.98669319657693, -0.2927801
20401128 12:00, 0.98652600724349, -0.2862380
20401129 12:00, 0.98636249803823, -0.2800383
20401130 12:00, 0.98620246850006, -0.2741881
20401201 12:00, 0.98604571908720, -0.2686755
20401202 12:00, 0.98589206491666, -0.2634597
20401203 12:00, 0.98574135548904, -0.2584613
20401204 12:00, 0.98559349842270, -0.2535586
20401205 12:00, 0.98544848246404, -0.2485945
20401206 12:00, 0.98530639326276, -0.2433943
20401207 12:00, 0.98516741628346, -0.2377913
20401208 12:00, 0.98503182506535, -0.2316508
20401209 12:00, 0.98489995792980, -0.2248848
20401210 12:00, 0.98477218936508, -0.2174555
20401211 12:00, 0.98464890230795, -0.2093701
20401212 12:00, 0.98453046524962, -0.2006696
20401213 12:00, 0.98441721538389, -0.1914197
20401214 12:00, 0.98430944720911, -0.1817015
20401215 12:00, 0.98420740536842, -0.1716055
20401216 12:00, 0.98411128067839, -0.1612269
20401217 12:00, 0.98402120872518, -0.1506611
20401218 12:00, 0.98393727072614, -0.1400004
20401219 12:00, 0.98385949641319, -0.1293304
20401220 12:00, 0.98378786853293, -0.1187279
20401221 12:00, 0.98372232832132, -0.1082597
20401222 12:00, 0.98366278115130, -0.0979833
20401223 12:00, 0.98360910156337, -0.0879485
20401224 12:00, 0.98356113707999, -0.0781995
20401225 12:00, 0.98351871053536, -0.0687779
20401226 12:00, 0.98348162107471, -0.0597244
20401227 12:00, 0.98344964447548, -0.0510791
20401228 12:00, 0.98342253402109, -0.0428790
20401229 12:00, 0.98340002378706, -0.0351523
20401230 12:00, 0.98338183670969, -0.0279074
20401231 12:00, 0.98336769977400, -0.0211193
20410101 12:00, 0.98335736740960, -0.0147160
20410102 12:00, 0.98335065121396, -0.0085714
20410103 12:00, 0.98334744997948, -0.0025122
20410104 12:00, 0.98334777095045,  0.0036588
20410105 12:00, 0.98335173423080,  0.0101295
20410106 12:00, 0.98335955803393,  0.0170476
20410107 12:00, 0.98337152980171,  0.0245037
20410108 12:00, 0.98338797242099,  0.0325310
20410109 12:00, 0.98340921392366,  0.0411166
20410110 12:00, 0.98343556509077,  0.0502161
20410111 12:00, 0.98346730539158,  0.0597673
20410112 12:00, 0.98350467540595,  0.0696990
20410113 12:00, 0.98354787333433,  0.0799363
20410114 12:00, 0.98359705366241,  0.0904028
20410115 12:00, 0.98365232681922,  0.1010225
20410116 12:00, 0.98371375934297,  0.1117197
20410117 12:00, 0.98378137448843,  0.1224202
20410118 12:00, 0.98385515335845,  0.1330524
20410119 12:00, 0.98393503658078,  0.1435480
20410120 12:00, 0.98402092638074,  0.1538422
20410121 12:00, 0.98411268872911,  0.1638742
20410122 12:00, 0.98421015516556,  0.1735854
20410123 12:00, 0.98431312397020,  0.1829190
20410124 12:00, 0.98442136060891,  0.1918180
20410125 12:00, 0.98453459782676,  0.2002262
20410126 12:00, 0.98465253641228,  0.2080900
20410127 12:00, 0.98477484845588,  0.2153650
20410128 12:00, 0.98490118567480,  0.2220274
20410129 12:00, 0.98503119556310,  0.2280891
20410130 12:00, 0.98516454691053,  0.2336142
20410131 12:00, 0.98530096291439,  0.2387275
20410201 12:00, 0.98544025523391,  0.2436078
20410202 12:00, 0.98558234862761,  0.2484624
20410203 12:00, 0.98572728691374,  0.2534899
20410204 12:00, 0.98587521777819,  0.2588468
20410205 12:00, 0.98602636241866,  0.2646299
20410206 12:00, 0.98618098054052,  0.2708772
20410207 12:00, 0.98633933985249,  0.2775811
20410208 12:00, 0.98650169451709,  0.2847050
20410209 12:00, 0.98666827260124,  0.2921971
20410210 12:00, 0.98683927021107,  0.2999996
20410211 12:00, 0.98701484952039,  0.3080533
20410212 12:00, 0.98719513844217,  0.3162987
20410213 12:00, 0.98738023052175,  0.3246761
20410214 12:00, 0.98757018438071,  0.3331242
20410215 12:00, 0.98776502258911,  0.3415794
20410216 12:00, 0.98796473017340,  0.3499752
20410217 12:00, 0.98816925309703,  0.3582428
20410218 12:00, 0.98837849701276,  0.3663117
20410219 12:00, 0.98859232643679,  0.3741100
20410220 12:00, 0.98881056431954,  0.3815657
20410221 12:00, 0.98903299188589,  0.3886065
20410222 12:00, 0.98925934868706,  0.3951604
20410223 12:00, 0.98948933311816,  0.4011573
20410224 12:00, 0.98972260423423,  0.4065318
20410225 12:00, 0.98995878647490,  0.4112309
20410226 12:00, 0.99019747962688,  0.4152246
20410227 12:00, 0.99043827646880,  0.4185212
20410228 12:00, 0.99068078925034,  0.4211819
20410301 12:00, 0.99092468291080,  0.4233282
20410302 12:00, 0.99116970846172,  0.4251338
20410303 12:00, 0.99141572687176,  0.4268005
20410304 12:00, 0.99166271522805,  0.4285227
20410305 12:00, 0.99191075330072,  0.4304574
20410306 12:00, 0.99215999614821,  0.4327072
20410307 12:00, 0.99241064227540,  0.4353210
20410308 12:00, 0.99266290560472,  0.4383058
20410309 12:00, 0.99291699540682,  0.4416410
20410310 12:00, 0.99317310442576,  0.4452917
20410311 12:00, 0.99343140323769,  0.4492171
20410312 12:00, 0.99369203830978,  0.4533749
20410313 12:00, 0.99395513156735,  0.4577224
20410314 12:00, 0.99422077992570,  0.4622154
20410315 12:00, 0.99448905388995,  0.4668062
20410316 12:00, 0.99475999487322,  0.4714415
20410317 12:00, 0.99503361132332,  0.4760603
20410318 12:00, 0.99530987407775,  0.4805932
20410319 12:00, 0.99558871156767,  0.4849629
20410320 12:00, 0.99587000553746,  0.4890854
20410321 12:00, 0.99615358784689,  0.4928723
20410322 12:00, 0.99643923874373,  0.4962337
20410323 12:00, 0.99672668685912,  0.4990815
20410324 12:00, 0.99701561122258,  0.5013328
20410325 12:00, 0.99730564589052,  0.5029157
20410326 12:00, 0.99759638826814,  0.5037766
20410327 12:00, 0.99788741260261,  0.5038909
20410328 12:00, 0.99817828994069,  0.5032742
20410329 12:00, 0.99846861452170,  0.5019922
20410330 12:00, 0.99875803396178,  0.5001636
20410331 12:00, 0.99904627753800,  0.4979499
20410401 12:00, 0.99933317533618,  0.4955341
20410402 12:00, 0.99961866276690,  0.4930935
20410403 12:00, 0.99990276972895,  0.4907748
20410404 12:00, 1.00018559885634,  0.4886819
20410405 12:00, 1.00046729988275,  0.4868750
20410406 12:00, 1.00074804636131,  0.4853781
20410407 12:00, 1.00102801819025,  0.4841909
20410408 12:00, 1.00130739055813,  0.4832991
20410409 12:00, 1.00158632811649,  0.4826814
20410410 12:00, 1.00186498249076,  0.4823144
20410411 12:00, 1.00214349125589,  0.4821728
20410412 12:00, 1.00242197683218,  0.4822291
20410413 12:00, 1.00270054417341,  0.4824498
20410414 12:00, 1.00297927655833,  0.4827926
20410415 12:00, 1.00325822927325,  0.4832024
20410416 12:00, 1.00353742150387,  0.4836090
20410417 12:00, 1.00381682730007,  0.4839264
20410418 12:00, 1.00409636692130,  0.4840548
20410419 12:00, 1.00437590006363,  0.4838853
20410420 12:00, 1.00465522231809,  0.4833061
20410421 12:00, 1.00493406576958,  0.4822103
20410422 12:00, 1.00521210411875,  0.4805039
20410423 12:00, 1.00548896233240,  0.4781134
20410424 12:00, 1.00576423069804,  0.4749935
20410425 12:00, 1.00603748312471,  0.4711340
20410426 12:00, 1.00630829925357,  0.4665656
20410427 12:00, 1.00657628910785,  0.4613628
20410428 12:00, 1.00684111766748,  0.4556404
20410429 12:00, 1.00710252550256,  0.4495429
20410430 12:00, 1.00736034140790,  0.4432282
20410501 12:00, 1.00761448447826,  0.4368481
20410502 12:00, 1.00786495585913,  0.4305327
20410503 12:00, 1.00811182316188,  0.4243813
20410504 12:00, 1.00835520192226,  0.4184609
20410505 12:00, 1.00859523812231,  0.4128109
20410506 12:00, 1.00883209429815,  0.4074507
20410507 12:00, 1.00906594005116,  0.4023865
20410508 12:00, 1.00929694649474,  0.3976180
20410509 12:00, 1.00952528346175,  0.3931415
20410510 12:00, 1.00975111803684,  0.3889512
20410511 12:00, 1.00997461296601,  0.3850375
20410512 12:00, 1.01019592361053,  0.3813836
20410513 12:00, 1.01041519234222,  0.3779603
20410514 12:00, 1.01063253969982,  0.3747203
20410515 12:00, 1.01084805233957,  0.3715929
20410516 12:00, 1.01106176882570,  0.3684823
20410517 12:00, 1.01127366541981,  0.3652694
20410518 12:00, 1.01148364481090,  0.3618202
20410519 12:00, 1.01169153069828,  0.3579974
20410520 12:00, 1.01189707010681,  0.3536751
20410521 12:00, 1.01209994362496,  0.3487512
20410522 12:00, 1.01229978214698,  0.3431569
20410523 12:00, 1.01249618780473,  0.3368618
20410524 12:00, 1.01268875671523,  0.3298754
20410525 12:00, 1.01287710157270,  0.3222451
20410526 12:00, 1.01306087248474,  0.3140522
20410527 12:00, 1.01323977455409,  0.3054045
20410528 12:00, 1.01341358069109,  0.2964271
20410529 12:00, 1.01358213837106,  0.2872513
20410530 12:00, 1.01374536978337,  0.2780027
20410531 12:00, 1.01390326595555,  0.2687928
20410601 12:00, 1.01405587655214,  0.2597126
20410602 12:00, 1.01420329767547,  0.2508320
20410603 12:00, 1.01434565993206,  0.2422012
20410604 12:00, 1.01448311841038,  0.2338555
20410605 12:00, 1.01461584536607,  0.2258199
20410606 12:00, 1.01474402561517,  0.2181135
20410607 12:00, 1.01486785403215,  0.2107524
20410608 12:00, 1.01498753413296,  0.2037503
20410609 12:00, 1.01510327643274,  0.1971173
20410610 12:00, 1.01521529506570,  0.1908548
20410611 12:00, 1.01532380109952,  0.1849494
20410612 12:00, 1.01542899124920,  0.1793635
20410613 12:00, 1.01553103155654,  0.1740272
20410614 12:00, 1.01563003721009,  0.1688340
20410615 12:00, 1.01572605177955,  0.1636436
20410616 12:00, 1.01581903084212,  0.1582945
20410617 12:00, 1.01590883506538,  0.1526233
20410618 12:00, 1.01599523564550,  0.1464868
20410619 12:00, 1.01607793136066,  0.1397798
20410620 12:00, 1.01615657327027,  0.1324430
20410621 12:00, 1.01623079183855,  0.1244636
20410622 12:00, 1.01630022212587,  0.1158691
20410623 12:00, 1.01636452460591,  0.1067185
20410624 12:00, 1.01642340091029,  0.0970938
20410625 12:00, 1.01647660476879,  0.0870923
20410626 12:00, 1.01652394866210,  0.0768192
20410627 12:00, 1.01656530661506,  0.0663812
20410628 12:00, 1.01660061349454,  0.0558814
20410629 12:00, 1.01662986129987,  0.0454139
20410630 12:00, 1.01665309320420,  0.0350615
20410701 12:00, 1.01667039636173,  0.0248938
20410702 12:00, 1.01668189458777,  0.0149682
20410703 12:00, 1.01668774188593,  0.0053323
20410704 12:00, 1.01668811747714, -0.0039736
20410705 12:00, 1.01668322256091, -0.0129132
20410706 12:00, 1.01667327858157, -0.0214524
20410707 12:00, 1.01665852630297, -0.0295587
20410708 12:00, 1.01663922450974, -0.0372027
20410709 12:00, 1.01661564666533, -0.0443640
20410710 12:00, 1.01658807348849, -0.0510397
20410711 12:00, 1.01655677947180, -0.0572565
20410712 12:00, 1.01652201234687, -0.0630821
20410713 12:00, 1.01648396680015, -0.0686328
20410714 12:00, 1.01644275705326, -0.0740692
20410715 12:00, 1.01639839570376, -0.0795785
20410716 12:00, 1.01635078619771, -0.0853464
20410717 12:00, 1.01629973238745, -0.0915279
20410718 12:00, 1.01624496258167, -0.0982273
20410719 12:00, 1.01618616094067, -0.1054934
20410720 12:00, 1.01612299838322, -0.1133251
20410721 12:00, 1.01605515774916, -0.1216844
20410722 12:00, 1.01598235146100, -0.1305089
20410723 12:00, 1.01590433245644, -0.1397221
20410724 12:00, 1.01582090019001, -0.1492403
20410725 12:00, 1.01573190342894, -0.1589770
20410726 12:00, 1.01563724102356, -0.1688456
20410727 12:00, 1.01553686127745, -0.1787618
20410728 12:00, 1.01543076019748, -0.1886451
20410729 12:00, 1.01531897880566, -0.1984203
20410730 12:00, 1.01520159977286, -0.2080183
20410731 12:00, 1.01507874377271, -0.2173766
20410801 12:00, 1.01495056604568, -0.2264378
20410802 12:00, 1.01481725363787, -0.2351489
20410803 12:00, 1.01467902361048, -0.2434587
20410804 12:00, 1.01453612220217, -0.2513171
20410805 12:00, 1.01438882446811, -0.2586747
20410806 12:00, 1.01423743331856, -0.2654851
20410807 12:00, 1.01408227617495, -0.2717111
20410808 12:00, 1.01392369683177, -0.2773353
20410809 12:00, 1.01376203999976, -0.2823747
20410810 12:00, 1.01359762712833, -0.2868950
20410811 12:00, 1.01343072507512, -0.2910199
20410812 12:00, 1.01326151357925, -0.2949250
20410813 12:00, 1.01309006102155, -0.2988152
20410814 12:00, 1.01291631738686, -0.3028896
20410815 12:00, 1.01274012755619, -0.3073084
20410816 12:00, 1.01256126017954, -0.3121736
20410817 12:00, 1.01237944250602, -0.3175276
20410818 12:00, 1.01219439205917, -0.3233642
20410819 12:00, 1.01200584012533, -0.3296445
20410820 12:00, 1.01181354634669, -0.3363113
20410821 12:00, 1.01161730629668, -0.3432988
20410822 12:00, 1.01141695463614, -0.3505379
20410823 12:00, 1.01121236604830, -0.3579593
20410824 12:00, 1.01100345536852, -0.3654934
20410825 12:00, 1.01079017758974, -0.3730706
20410826 12:00, 1.01057252790766, -0.3806213
20410827 12:00, 1.01035054170156, -0.3880761
20410828 12:00, 1.01012429429248, -0.3953661
20410829 12:00, 1.00989390041511, -0.4024238
20410830 12:00, 1.00965951349468, -0.4091827
20410831 12:00, 1.00942132494402, -0.4155777
20410901 12:00, 1.00917956370214, -0.4215438
20410902 12:00, 1.00893449606180, -0.4270167
20410903 12:00, 1.00868642543634, -0.4319325
20410904 12:00, 1.00843569108528, -0.4362316
20410905 12:00, 1.00818266401791, -0.4398653
20410906 12:00, 1.00792773756260, -0.4428073
20410907 12:00, 1.00767130997221, -0.4450696
20410908 12:00, 1.00741375776172, -0.4467178
20410909 12:00, 1.00715540185714, -0.4478790
20410910 12:00, 1.00689647338066, -0.4487341
20410911 12:00, 1.00663708926640, -0.4494921
20410912 12:00, 1.00637724649738, -0.4503531
20410913 12:00, 1.00611683703009, -0.4514764
20410914 12:00, 1.00585567740872, -0.4529626
20410915 12:00, 1.00559354289199, -0.4548554
20410916 12:00, 1.00533019729316, -0.4571534
20410917 12:00, 1.00506541420315, -0.4598267
20410918 12:00, 1.00479898947132, -0.4628300
20410919 12:00, 1.00453074711766, -0.4661122
20410920 12:00, 1.00426054137484, -0.4696202
20410921 12:00, 1.00398825710540, -0.4733010
20410922 12:00, 1.00371381008220, -0.4771005
20410923 12:00, 1.00343714790288, -0.4809623
20410924 12:00, 1.00315825175054, -0.4848262
20410925 12:00, 1.00287713882956, -0.4886276
20410926 12:00, 1.00259386509490, -0.4922969
20410927 12:00, 1.00230852784519, -0.4957608
20410928 12:00, 1.00202126783778, -0.4989423
20410929 12:00, 1.00173227074441, -0.5017629
20410930 12:00, 1.00144176790013, -0.5041434
20411001 12:00, 1.00115003629030, -0.5060051
20411002 12:00, 1.00085739747530, -0.5072729
20411003 12:00, 1.00056421463704, -0.5078787
20411004 12:00, 1.00027088623313, -0.5077700
20411005 12:00, 0.99997783415921, -0.5069204
20411006 12:00, 0.99968548440845, -0.5053444
20411007 12:00, 0.99939423969823, -0.5031099
20411008 12:00, 0.99910444672985, -0.5003427
20411009 12:00, 0.99881636471751, -0.4972169
20411010 12:00, 0.99853014407117, -0.4939301
20411011 12:00, 0.99824582214058, -0.4906709
20411012 12:00, 0.99796333691148, -0.4875910
20411013 12:00, 0.99768255303935, -0.4847917
20411014 12:00, 0.99740329155238, -0.4823240
20411015 12:00, 0.99712535589951, -0.4801999
20411016 12:00, 0.99684855069470, -0.4784056
20411017 12:00, 0.99657269294566, -0.4769137
20411018 12:00, 0.99629761751499, -0.4756907
20411019 12:00, 0.99602317912354, -0.4747018
20411020 12:00, 0.99574925296394, -0.4739108
20411021 12:00, 0.99547573545516, -0.4732800
20411022 12:00, 0.99520254610190, -0.4727669
20411023 12:00, 0.99492963090198, -0.4723216
20411024 12:00, 0.99465696727384, -0.4718849
20411025 12:00, 0.99438457005923, -0.4713864
20411026 12:00, 0.99411249783475, -0.4707452
20411027 12:00, 0.99384085860635, -0.4698714
20411028 12:00, 0.99356981400663, -0.4686699
20411029 12:00, 0.99329958133124, -0.4670438
20411030 12:00, 0.99303043301066, -0.4648998
20411031 12:00, 0.99276269324482, -0.4621530
20411101 12:00, 0.99249673141347, -0.4587329
20411102 12:00, 0.99223295156090, -0.4545912
20411103 12:00, 0.99197177700799, -0.4497112
20411104 12:00, 0.99171362942692, -0.4441170
20411105 12:00, 0.99145890296108, -0.4378803
20411106 12:00, 0.99120793619246, -0.4311210
20411107 12:00, 0.99096098709599, -0.4239958
20411108 12:00, 0.99071821699189, -0.4166786
20411109 12:00, 0.99047968767713, -0.4093363
20411110 12:00, 0.99024537184399, -0.4021078
20411111 12:00, 0.99001517275727, -0.3950937
20411112 12:00, 0.98978894717721, -0.3883552
20411113 12:00, 0.98956652623235, -0.3819212
20411114 12:00, 0.98934773124592, -0.3757985
20411115 12:00, 0.98913238389111, -0.3699806
20411116 12:00, 0.98892031162716, -0.3644548
20411117 12:00, 0.98871135005338, -0.3592059
20411118 12:00, 0.98850534390536, -0.3542175
20411119 12:00, 0.98830214822009, -0.3494699
20411120 12:00, 0.98810163089370, -0.3449375
20411121 12:00, 0.98790367748396, -0.3405841
20411122 12:00, 0.98770819862545, -0.3363584
20411123 12:00, 0.98751513978577, -0.3321905
20411124 12:00, 0.98732449233572, -0.3279915
20411125 12:00, 0.98713630421188, -0.3236553
20411126 12:00, 0.98695068809034, -0.3190650
20411127 12:00, 0.98676782518884, -0.3141017
20411128 12:00, 0.98658796356039, -0.3086545
20411129 12:00, 0.98641141072794, -0.3026299
20411130 12:00, 0.98623852130744, -0.2959595
20411201 12:00, 0.98606968061273, -0.2886062
20411202 12:00, 0.98590528521611, -0.2805687
20411203 12:00, 0.98574572141546, -0.2718842
20411204 12:00, 0.98559134289152, -0.2626282
20411205 12:00, 0.98544244958006, -0.2529101
20411206 12:00, 0.98529927053014, -0.2428639
20411207 12:00, 0.98516195359261, -0.2326343
20411208 12:00, 0.98503056371750, -0.2223612
20411209 12:00, 0.98490508964956, -0.2121667
20411210 12:00, 0.98478545677445, -0.2021474
20411211 12:00, 0.98467154272353, -0.1923722
20411212 12:00, 0.98456319245766, -0.1828862
20411213 12:00, 0.98446023058726, -0.1737160
20411214 12:00, 0.98436247000741, -0.1648764
20411215 12:00, 0.98426971703186, -0.1563762
20411216 12:00, 0.98418177391541, -0.1482211
20411217 12:00, 0.98409844001805, -0.1404154
20411218 12:00, 0.98401951302139, -0.1329602
20411219 12:00, 0.98394479165211, -0.1258499
20411220 12:00, 0.98387408128225, -0.1190659
20411221 12:00, 0.98380720343800, -0.1125697
20411222 12:00, 0.98374400947377, -0.1062955
20411223 12:00, 0.98368439737146, -0.1001474
20411224 12:00, 0.98362832902662, -0.0940011
20411225 12:00, 0.98357584413252, -0.0877136
20411226 12:00, 0.98352706671030, -0.0811388
20411227 12:00, 0.98348220187437, -0.0741448
20411228 12:00, 0.98344152302814, -0.0666290
20411229 12:00, 0.98340535208471, -0.0585270
20411230 12:00, 0.98337403639822, -0.0498150
20411231 12:00, 0.98334792570916, -0.0405079
20420101 12:00, 0.98332735123501, -0.0306542
20420102 12:00, 0.98331260793791, -0.0203297
20420103 12:00, 0.98330394044082, -0.0096317
20420104 12:00, 0.98330153298487,  0.0013291
20420105 12:00, 0.98330550386881,  0.0124365
20420106 12:00, 0.98331590463417,  0.0235769
20420107 12:00, 0.98333272374283,  0.0346465
20420108 12:00, 0.98335589380040,  0.0455562
20420109 12:00, 0.98338530082169,  0.0562339
20420110 12:00, 0.98342079385535,  0.0666234
20420111 12:00, 0.98346219352797,  0.0766819
20420112 12:00, 0.98350929859367,  0.0863757
20420113 12:00, 0.98356189019244,  0.0956769
20420114 12:00, 0.98361973408900,  0.1045598
20420115 12:00, 0.98368258164600,  0.1130002
20420116 12:00, 0.98375017070577,  0.1209759
20420117 12:00, 0.98382222794070,  0.1284713
20420118 12:00, 0.98389847452338,  0.1354846
20420119 12:00, 0.98397863694563,  0.1420378
20420120 12:00, 0.98406246409588,  0.1481881
20420121 12:00, 0.98414974991788,  0.1540352
20420122 12:00, 0.98424035822583,  0.1597201
20420123 12:00, 0.98433424361286,  0.1654130
20420124 12:00, 0.98443146171596,  0.1712893
20420125 12:00, 0.98453216467550,  0.1775035
20420126 12:00, 0.98463658257772,  0.1841685
20420127 12:00, 0.98474499617733,  0.1913464
20420128 12:00, 0.98485770779062,  0.1990508
20420129 12:00, 0.98497501574500,  0.2072562
20420130 12:00, 0.98509719487672,  0.2159085
20420131 12:00, 0.98522448310880,  0.2249353
20420201 12:00, 0.98535707291468,  0.2342528
20420202 12:00, 0.98549510632600,  0.2437708
20420203 12:00, 0.98563867253920,  0.2533970
20420204 12:00, 0.98578780763623,  0.2630404
20420205 12:00, 0.98594249619052,  0.2726142
20420206 12:00, 0.98610267452343,  0.2820384
20420207 12:00, 0.98626823519388,  0.2912416
20420208 12:00, 0.98643903209460,  0.3001613
20420209 12:00, 0.98661488542060,  0.3087431
20420210 12:00, 0.98679558583631,  0.3169387
20420211 12:00, 0.98698089739143,  0.3247038
20420212 12:00, 0.98717055908779,  0.3319958
20420213 12:00, 0.98736428545030,  0.3387725
20420214 12:00, 0.98756176699970,  0.3449932
20420215 12:00, 0.98776267215649,  0.3506232
20420216 12:00, 0.98796665273374,  0.3556414
20420217 12:00, 0.98817335550788,  0.3600538
20420218 12:00, 0.98838244181080,  0.3639074
20420219 12:00, 0.98859361497757,  0.3673018
20420220 12:00, 0.98880665170208,  0.3703902
20420221 12:00, 0.98902142932028,  0.3733640
20420222 12:00, 0.98923793969622,  0.3764226
20420223 12:00, 0.98945628398659,  0.3797399
20420224 12:00, 0.98967664980309,  0.3834385
20420225 12:00, 0.98989927860633,  0.3875822
20420226 12:00, 0.99012443279634,  0.3921818
20420227 12:00, 0.99035236911933,  0.3972095
20420228 12:00, 0.99058332065809,  0.4026133
20420301 12:00, 0.99081748642442,  0.4083287
20420302 12:00, 0.99105502622141,  0.4142853
20420303 12:00, 0.99129605850064,  0.4204107
20420304 12:00, 0.99154065962584,  0.4266317
20420305 12:00, 0.99178886371586,  0.4328753
20420306 12:00, 0.99204066281020,  0.4390689
20420307 12:00, 0.99229600740317,  0.4451413
20420308 12:00, 0.99255480745166,  0.4510236
20420309 12:00, 0.99281693385072,  0.4566494
20420310 12:00, 0.99308222019408,  0.4619559
20420311 12:00, 0.99335046449401,  0.4668827
20420312 12:00, 0.99362143050996,  0.4713713
20420313 12:00, 0.99389484847916,  0.4753640
20420314 12:00, 0.99417041538378,  0.4788034
20420315 12:00, 0.99444779544016,  0.4816339
20420316 12:00, 0.99472662223736,  0.4838060
20420317 12:00, 0.99500650476073,  0.4852860
20420318 12:00, 0.99528704004862,  0.4860690
20420319 12:00, 0.99556783474342,  0.4861957
20420320 12:00, 0.99584853546922,  0.4857653
20420321 12:00, 0.99612886365108,  0.4849364
20420322 12:00, 0.99640864579552,  0.4839098
20420323 12:00, 0.99668782887081,  0.4828956
20420324 12:00, 0.99696647477859,  0.4820761
20420325 12:00, 0.99724473616991,  0.4815805
20420326 12:00, 0.99752282260499,  0.4814769
20420327 12:00, 0.99780096730593,  0.4817813
20420328 12:00, 0.99807940122521,  0.4824727
20420329 12:00, 0.99835833636172,  0.4835088
20420330 12:00, 0.99863795691628,  0.4848371
20420331 12:00, 0.99891841560555,  0.4864018
20420401 12:00, 0.99919983259422,  0.4881462
20420402 12:00, 0.99948229523298,  0.4900132
20420403 12:00, 0.99976585758487,  0.4919445
20420404 12:00, 1.00005053936566,  0.4938793
20420405 12:00, 1.00033632436064,  0.4957539
20420406 12:00, 1.00062315861334,  0.4975014
20420407 12:00, 1.00091094873360,  0.4990522
20420408 12:00, 1.00119956058271,  0.5003350
20420409 12:00, 1.00148881842996,  0.5012771
20420410 12:00, 1.00177850453139,  0.5018058
20420411 12:00, 1.00206835906110,  0.5018483
20420412 12:00, 1.00235808051769,  0.5013333
20420413 12:00, 1.00264732718329,  0.5001935
20420414 12:00, 1.00293572090312,  0.4983713
20420415 12:00, 1.00322285520629,  0.4958281
20420416 12:00, 1.00350831017672,  0.4925585
20420417 12:00, 1.00379167580075,  0.4886047
20420418 12:00, 1.00407258306973,  0.4840673
20420419 12:00, 1.00435073804377,  0.4791040
20420420 12:00, 1.00462595025081,  0.4739111
20420421 12:00, 1.00489814629585,  0.4686919
20420422 12:00, 1.00516736408094,  0.4636235
20420423 12:00, 1.00543373041587,  0.4588344
20420424 12:00, 1.00569743032665,  0.4543979
20420425 12:00, 1.00595867707169,  0.4503404
20420426 12:00, 1.00621768868713,  0.4466546
20420427 12:00, 1.00647467276237,  0.4433137
20420428 12:00, 1.00672981826492,  0.4402813
20420429 12:00, 1.00698329206229,  0.4375180
20420430 12:00, 1.00723523780342,  0.4349830
20420501 12:00, 1.00748577535976,  0.4326344
20420502 12:00, 1.00773499967058,  0.4304275
20420503 12:00, 1.00798297841881,  0.4283123
20420504 12:00, 1.00822974844513,  0.4262316
20420505 12:00, 1.00847531118927,  0.4241199
20420506 12:00, 1.00871962771271,  0.4219030
20420507 12:00, 1.00896261398033,  0.4194992
20420508 12:00, 1.00920413704782,  0.4168212
20420509 12:00, 1.00944401265630,  0.4137791
20420510 12:00, 1.00968200457538,  0.4102835
20420511 12:00, 1.00991782599586,  0.4062493
20420512 12:00, 1.01015114345636,  0.4016010
20420513 12:00, 1.01038158418717,  0.3962794
20420514 12:00, 1.01060874817318,  0.3902511
20420515 12:00, 1.01083222626059,  0.3835198
20420516 12:00, 1.01105162471863,  0.3761366
20420517 12:00, 1.01126659450292,  0.3682052
20420518 12:00, 1.01147686053654,  0.3598761
20420519 12:00, 1.01168224420619,  0.3513290
20420520 12:00, 1.01188267287318,  0.3427466
20420521 12:00, 1.01207817402851,  0.3342892
20420522 12:00, 1.01226885688544,  0.3260777
20420523 12:00, 1.01245488772759,  0.3181890
20420524 12:00, 1.01263646561997,  0.3106612
20420525 12:00, 1.01281380287326,  0.3035039
20420526 12:00, 1.01298711177749,  0.2967090
20420527 12:00, 1.01315659697262,  0.2902594
20420528 12:00, 1.01332245178165,  0.2841336
20420529 12:00, 1.01348485662869,  0.2783084
20420530 12:00, 1.01364397789411,  0.2727583
20420531 12:00, 1.01379996594179,  0.2674528
20420601 12:00, 1.01395295147655,  0.2623536
20420602 12:00, 1.01410303984700,  0.2574107
20420603 12:00, 1.01425030342011,  0.2525595
20420604 12:00, 1.01439477270286,  0.2477196
20420605 12:00, 1.01453642738232,  0.2427958
20420606 12:00, 1.01467518875568,  0.2376820
20420607 12:00, 1.01481091500086,  0.2322668
20420608 12:00, 1.01494340039258,  0.2264417
20420609 12:00, 1.01507237904853,  0.2201082
20420610 12:00, 1.01519753333134,  0.2131869
20420611 12:00, 1.01531850679109,  0.2056241
20420612 12:00, 1.01543492145065,  0.1974000
20420613 12:00, 1.01554639903296,  0.1885343
20420614 12:00, 1.01565258507894,  0.1790899
20420615 12:00, 1.01575317372707,  0.1691715
20420616 12:00, 1.01584792964676,  0.1589167
20420617 12:00, 1.01593670309824,  0.1484812
20420618 12:00, 1.01601943509103,  0.1380205
20420619 12:00, 1.01609615205618,  0.1276726
20420620 12:00, 1.01616695225791,  0.1175469
20420621 12:00, 1.01623198797686,  0.1077210
20420622 12:00, 1.01629144762900,  0.0982434
20420623 12:00, 1.01634554078217,  0.0891402
20420624 12:00, 1.01639448736595,  0.0804223
20420625 12:00, 1.01643851096223,  0.0720922
20420626 12:00, 1.01647783520049,  0.0641483
20420627 12:00, 1.01651268190201,  0.0565860
20420628 12:00, 1.01654326953725,  0.0493978
20420629 12:00, 1.01656981063475,  0.0425702
20420630 12:00, 1.01659250696522,  0.0360785
20420701 12:00, 1.01661154167460,  0.0298818
20420702 12:00, 1.01662706815404,  0.0239173
20420703 12:00, 1.01663919635848,  0.0180971
20420704 12:00, 1.01664797839306,  0.0123093
20420705 12:00, 1.01665339611467,  0.0064241
20420706 12:00, 1.01665535375231,  0.0003047
20420707 12:00, 1.01665367782134, -0.0061789
20420708 12:00, 1.01664812506526, -0.0131364
20420709 12:00, 1.01663839745161, -0.0206462
20420710 12:00, 1.01662416209035, -0.0287499
20420711 12:00, 1.01660507363587, -0.0374491
20420712 12:00, 1.01658079703933, -0.0467068
20420713 12:00, 1.01655102894346, -0.0564510
20420714 12:00, 1.01651551621802, -0.0665812
20420715 12:00, 1.01647407015038, -0.0769765
20420716 12:00, 1.01642657494576, -0.0875070
20420717 12:00, 1.01637298976278, -0.0980450
20420718 12:00, 1.01631334453099, -0.1084745
20420719 12:00, 1.01624773093298, -0.1186984
20420720 12:00, 1.01617629071631, -0.1286407
20420721 12:00, 1.01609920363671, -0.1382452
20420722 12:00, 1.01601667686701, -0.1474724
20420723 12:00, 1.01592893691223, -0.1562941
20420724 12:00, 1.01583622425624, -0.1646893
20420725 12:00, 1.01573879030844, -0.1726408
20420726 12:00, 1.01563689575325, -0.1801337
20420727 12:00, 1.01553080908077, -0.1871562
20420728 12:00, 1.01542080384336, -0.1937034
20420729 12:00, 1.01530715306777, -0.1997832
20420730 12:00, 1.01519011940124, -0.2054252
20420731 12:00, 1.01506994023159, -0.2106886
20420801 12:00, 1.01494680841173, -0.2156690
20420802 12:00, 1.01482085123615, -0.2204970
20420803 12:00, 1.01469211225574, -0.2253295
20420804 12:00, 1.01456054118287, -0.2303313
20420805 12:00, 1.01442599561384, -0.2356528
20420806 12:00, 1.01428825492039, -0.2414118
20420807 12:00, 1.01414704311704, -0.2476812
20420808 12:00, 1.01400205561278, -0.2544874
20420809 12:00, 1.01385298509463, -0.2618146
20420810 12:00, 1.01369954354924, -0.2696132
20420811 12:00, 1.01354147932019, -0.2778084
20420812 12:00, 1.01337858930427, -0.2863081
20420813 12:00, 1.01321072680185, -0.2950102
20420814 12:00, 1.01303780548453, -0.3038087
20420815 12:00, 1.01285979982432, -0.3126000
20420816 12:00, 1.01267674237916, -0.3212873
20420817 12:00, 1.01248871856625, -0.3297848
20420818 12:00, 1.01229585984255, -0.3380190
20420819 12:00, 1.01209833638047, -0.3459292
20420820 12:00, 1.01189635027813, -0.3534652
20420821 12:00, 1.01169013008424, -0.3605850
20420822 12:00, 1.01147992702142, -0.3672516
20420823 12:00, 1.01126601283819, -0.3734307
20420824 12:00, 1.01104867875042, -0.3790891
20420825 12:00, 1.01082823444608, -0.3841964
20420826 12:00, 1.01060500562514, -0.3887286
20420827 12:00, 1.01037932810639, -0.3926762
20420828 12:00, 1.01015153640483, -0.3960553
20420829 12:00, 1.00992194532176, -0.3989201
20420830 12:00, 1.00969082498416, -0.4013720
20420831 12:00, 1.00945837291162, -0.4035600
20420901 12:00, 1.00922468991359, -0.4056666
20420902 12:00, 1.00898976768304, -0.4078821
20420903 12:00, 1.00875349313158, -0.4103742
20420904 12:00, 1.00851566868145, -0.4132650
20420905 12:00, 1.00827604230827, -0.4166206
20420906 12:00, 1.00803433922068, -0.4204550
20420907 12:00, 1.00779028893004, -0.4247416
20420908 12:00, 1.00754364498827, -0.4294259
20420909 12:00, 1.00729419762544, -0.4344368
20420910 12:00, 1.00704178096731, -0.4396945
20420911 12:00, 1.00678627667711, -0.4451149
20420912 12:00, 1.00652761537595, -0.4506128
20420913 12:00, 1.00626577658788, -0.4561044
20420914 12:00, 1.00600078752176, -0.4615088
20420915 12:00, 1.00573272083057, -0.4667497
20420916 12:00, 1.00546169153434, -0.4717569
20420917 12:00, 1.00518785344562, -0.4764662
20420918 12:00, 1.00491139557461, -0.4808197
20420919 12:00, 1.00463253902603, -0.4847640
20420920 12:00, 1.00435153478712, -0.4882487
20420921 12:00, 1.00406866254100, -0.4912246
20420922 12:00, 1.00378423022476, -0.4936431
20420923 12:00, 1.00349857348779, -0.4954572
20420924 12:00, 1.00321205351173, -0.4966266
20420925 12:00, 1.00292505094145, -0.4971261
20420926 12:00, 1.00263795329014, -0.4969597
20420927 12:00, 1.00235113377083, -0.4961755
20420928 12:00, 1.00206492183173, -0.4948781
20420929 12:00, 1.00177956980629, -0.4932286
20420930 12:00, 1.00149522438329, -0.4914274
20421001 12:00, 1.00121191279282, -0.4896817
20421002 12:00, 1.00092954937997, -0.4881697
20421003 12:00, 1.00064796033144, -0.4870157
20421004 12:00, 1.00036691783186, -0.4862827
20421005 12:00, 1.00008617366424, -0.4859806
20421006 12:00, 0.99980548562966, -0.4860813
20421007 12:00, 0.99952463481794, -0.4865346
20421008 12:00, 0.99924343505333, -0.4872790
20421009 12:00, 0.99896173710581, -0.4882487
20421010 12:00, 0.99867943010973, -0.4893769
20421011 12:00, 0.99839644188512, -0.4905965
20421012 12:00, 0.99811273905541, -0.4918403
20421013 12:00, 0.99782832724116, -0.4930404
20421014 12:00, 0.99754325124832, -0.4941290
20421015 12:00, 0.99725759504762, -0.4950384
20421016 12:00, 0.99697148140337, -0.4957020
20421017 12:00, 0.99668507117336, -0.4960547
20421018 12:00, 0.99639856246981, -0.4960325
20421019 12:00, 0.99611218994892, -0.4955727
20421020 12:00, 0.99582622440808, -0.4946128
20421021 12:00, 0.99554097256390, -0.4930910
20421022 12:00, 0.99525677633634, -0.4909478
20421023 12:00, 0.99497401020174, -0.4881311
20421024 12:00, 0.99469307435132, -0.4846059
20421025 12:00, 0.99441438091299, -0.4803687
20421026 12:00, 0.99413833111345, -0.4754634
20421027 12:00, 0.99386528380117, -0.4699939
20421028 12:00, 0.99359552021700, -0.4641235
20421029 12:00, 0.99332921433722, -0.4580558
20421030 12:00, 0.99306641896320, -0.4520004
20421031 12:00, 0.99280707282382, -0.4461373
20421101 12:00, 0.99255102562274, -0.4405924
20421102 12:00, 0.99229807169848, -0.4354320
20421103 12:00, 0.99204798229482, -0.4306721
20421104 12:00, 0.99180053021118, -0.4262940
20421105 12:00, 0.99155550529227, -0.4222597
20421106 12:00, 0.99131272234018, -0.4185221
20421107 12:00, 0.99107202415357, -0.4150320
20421108 12:00, 0.99083328221100, -0.4117395
20421109 12:00, 0.99059639680267, -0.4085945
20421110 12:00, 0.99036129764918, -0.4055450
20421111 12:00, 0.99012794541029, -0.4025355
20421112 12:00, 0.98989633402376, -0.3995061
20421113 12:00, 0.98966649352391, -0.3963918
20421114 12:00, 0.98943849287085, -0.3931230
20421115 12:00, 0.98921244236153, -0.3896262
20421116 12:00, 0.98898849534993, -0.3858260
20421117 12:00, 0.98876684918664, -0.3816458
20421118 12:00, 0.98854774538133, -0.3770095
20421119 12:00, 0.98833146887805, -0.3718431
20421120 12:00, 0.98811834594501, -0.3660782
20421121 12:00, 0.98790873954202, -0.3596575
20421122 12:00, 0.98770304033063, -0.3525442
20421123 12:00, 0.98750165117124, -0.3447352
20421124 12:00, 0.98730496368556, -0.3362746
20421125 12:00, 0.98711332785275, -0.3272633
20421126 12:00, 0.98692701940375, -0.3178559
20421127 12:00, 0.98674621315811, -0.3082429
20421128 12:00, 0.98657097061617, -0.2986208
20421129 12:00, 0.98640124574298, -0.2891609
20421130 12:00, 0.98623690610894, -0.2799888
20421201 12:00, 0.98607776162267, -0.2711789
20421202 12:00, 0.98592359255046, -0.2627613
20421203 12:00, 0.98577417145052, -0.2547350
20421204 12:00, 0.98562927741203, -0.2470803
20421205 12:00, 0.98548870365037, -0.2397692
20421206 12:00, 0.98535226063707, -0.2327706
20421207 12:00, 0.98521977699424, -0.2260529
20421208 12:00, 0.98509109994230, -0.2195831
20421209 12:00, 0.98496609652992, -0.2133249
20421210 12:00, 0.98484465633775, -0.2072362
20421211 12:00, 0.98472669585388, -0.2012656
20421212 12:00, 0.98461216426111, -0.1953509
20421213 12:00, 0.98450104997971, -0.1894186
20421214 12:00, 0.98439338704007, -0.1833845
20421215 12:00, 0.98428926029300, -0.1771574
20421216 12:00, 0.98418880861979, -0.1706422
20421217 12:00, 0.98409222559786, -0.1637453
20421218 12:00, 0.98399975734016, -0.1563794
20421219 12:00, 0.98391169728480, -0.1484688
20421220 12:00, 0.98382837750799, -0.1399566
20421221 12:00, 0.98375015581689, -0.1308122
20421222 12:00, 0.98367739782025, -0.1210406
20421223 12:00, 0.98361045384866, -0.1106908
20421224 12:00, 0.98354963227520, -0.0998592
20421225 12:00, 0.98349517309996, -0.0886844
20421226 12:00, 0.98344722738256, -0.0773324
20421227 12:00, 0.98340584772791, -0.0659743
20421228 12:00, 0.98337099206154, -0.0547636
20421229 12:00, 0.98334253871515, -0.0438205
20421230 12:00, 0.98332030770726, -0.0332266
20421231 12:00, 0.98330408249977, -0.0230281
20430101 12:00, 0.98329362809848, -0.0132443
20430102 12:00, 0.98328870374791, -0.0038774
20430103 12:00, 0.98328907043757,  0.0050797
20430104 12:00, 0.98329449453613,  0.0136380
20430105 12:00, 0.98330474923356,  0.0218099
20430106 12:00, 0.98331961541463,  0.0296098
20430107 12:00, 0.98333888335595,  0.0370565
20430108 12:00, 0.98336235632978,  0.0441769
20430109 12:00, 0.98338985679574,  0.0510114
20430110 12:00, 0.98342123530116,  0.0576175
20430111 12:00, 0.98345638147256,  0.0640731
20430112 12:00, 0.98349523566841,  0.0704758
20430113 12:00, 0.98353779922984,  0.0769380
20430114 12:00, 0.98358414112248,  0.0835799
20430115 12:00, 0.98363439927068,  0.0905184
20430116 12:00, 0.98368877588847,  0.0978575
20430117 12:00, 0.98374752717419,  0.1056789
20430118 12:00, 0.98381094841878,  0.1140352
20430119 12:00, 0.98387935574143,  0.1229454
20430120 12:00, 0.98395306554765,  0.1323911
20430121 12:00, 0.98403237281876,  0.1423165
20430122 12:00, 0.98411752975753,  0.1526301
20430123 12:00, 0.98420872700387,  0.1632116
20430124 12:00, 0.98430608007510,  0.1739235
20430125 12:00, 0.98440962328158,  0.1846245
20430126 12:00, 0.98451931194033,  0.1951844
20430127 12:00, 0.98463503175476,  0.2054938
20430128 12:00, 0.98475661264352,  0.2154691
20430129 12:00, 0.98488384375567,  0.2250522
20430130 12:00, 0.98501648694302,  0.2342059
20430131 12:00, 0.98515428710199,  0.2429075
20430201 12:00, 0.98529697898440,  0.2511437
20430202 12:00, 0.98544429096977,  0.2589052
20430203 12:00, 0.98559594682953,  0.2661851
20430204 12:00, 0.98575166679054,  0.2729783
20430205 12:00, 0.98591116933762,  0.2792844
20430206 12:00, 0.98607417522107,  0.2851127
20430207 12:00, 0.98624041498034,  0.2904892
20430208 12:00, 0.98640964078370,  0.2954639
20430209 12:00, 0.98658164233531,  0.3001175
20430210 12:00, 0.98675626503623,  0.3045619
20430211 12:00, 0.98693342694122,  0.3089350
20430212 12:00, 0.98711313018371,  0.3133875
20430213 12:00, 0.98729546324690,  0.3180647
20430214 12:00, 0.98748059276372,  0.3230892
20430215 12:00, 0.98766874639815,  0.3285481
20430216 12:00, 0.98786019036234,  0.3344875
20430217 12:00, 0.98805520548301,  0.3409124
20430218 12:00, 0.98825406476483,  0.3477915
20430219 12:00, 0.98845701403727,  0.3550632
20430220 12:00, 0.98866425629159,  0.3626419
20430221 12:00, 0.98887593994629,  0.3704253
20430222 12:00, 0.98909215129395,  0.3783019
20430223 12:00, 0.98931291138931,  0.3861587
20430224 12:00, 0.98953817737217,  0.3938884
20430225 12:00, 0.98976784767566,  0.4013958
20430226 12:00, 0.99000176997408,  0.4086007
20430227 12:00, 0.99023975035153,  0.4154391
20430228 12:00, 0.99048156217748,  0.4218614
20430301 12:00, 0.99072695352632,  0.4278290
20430302 12:00, 0.99097565252173,  0.4333108
20430303 12:00, 0.99122737056274,  0.4382794
20430304 12:00, 0.99148180390956,  0.4427095
20430305 12:00, 0.99173863456712,  0.4465773
20430306 12:00, 0.99199753182932,  0.4498633
20430307 12:00, 0.99225815622667,  0.4525579
20430308 12:00, 0.99252016781463,  0.4546708
20430309 12:00, 0.99278324043249,  0.4562420
20430310 12:00, 0.99304708232022,  0.4573519
20430311 12:00, 0.99331146109186,  0.4581255
20430312 12:00, 0.99357622808526,  0.4587257
20430313 12:00, 0.99384133514837,  0.4593336
20430314 12:00, 0.99410683784051,  0.4601225
20430315 12:00, 0.99437288317552,  0.4612322
20430316 12:00, 0.99463968531067,  0.4627540
20430317 12:00, 0.99490749590934,  0.4647269
20430318 12:00, 0.99517657579896,  0.4671452
20430319 12:00, 0.99544717199932,  0.4699689
20430320 12:00, 0.99571950125874,  0.4731347
20430321 12:00, 0.99599373931039,  0.4765651
20430322 12:00, 0.99627001440928,  0.4801741
20430323 12:00, 0.99654840390284,  0.4838720
20430324 12:00, 0.99682893307246,  0.4875687
20430325 12:00, 0.99711157587847,  0.4911771
20430326 12:00, 0.99739625738699,  0.4946155
20430327 12:00, 0.99768285757462,  0.4978097
20430328 12:00, 0.99797121601482,  0.5006940
20430329 12:00, 0.99826113679026,  0.5032110
20430330 12:00, 0.99855239294682,  0.5053104
20430331 12:00, 0.99884472994040,  0.5069465
20430401 12:00, 0.99913786781043,  0.5080767
20430402 12:00, 0.99943150221293,  0.5086591
20430403 12:00, 0.99972530494830,  0.5086530
20430404 12:00, 1.00001892521972,  0.5080217
20430405 12:00, 1.00031199351288,  0.5067385
20430406 12:00, 1.00060413050006,  0.5047983
20430407 12:00, 1.00089496328560,  0.5022309
20430408 12:00, 1.00118414994029,  0.4991156
20430409 12:00, 1.00147141015171,  0.4955867
20430410 12:00, 1.00175655561788,  0.4918256
20430411 12:00, 1.00203951092587,  0.4880365
20430412 12:00, 1.00232031700328,  0.4844124
20430413 12:00, 1.00259911528669,  0.4811043
20430414 12:00, 1.00287611806975,  0.4782052
20430415 12:00, 1.00315157442398,  0.4757507
20430416 12:00, 1.00342573997703,  0.4737305
20430417 12:00, 1.00369885477256,  0.4721034
20430418 12:00, 1.00397112949341,  0.4708107
20430419 12:00, 1.00424273812898,  0.4697852
20430420 12:00, 1.00451381467355,  0.4689562
20430421 12:00, 1.00478445191563,  0.4682520
20430422 12:00, 1.00505470114162,  0.4676006
20430423 12:00, 1.00532457224315,  0.4669307
20430424 12:00, 1.00559403414046,  0.4661720
20430425 12:00, 1.00586301559998,  0.4652558
20430426 12:00, 1.00613140649030,  0.4641161
20430427 12:00, 1.00639905937553,  0.4626898
20430428 12:00, 1.00666579119125,  0.4609167
20430429 12:00, 1.00693138467530,  0.4587383
20430430 12:00, 1.00719558929872,  0.4560977
20430501 12:00, 1.00745812169946,  0.4529382
20430502 12:00, 1.00771866608529,  0.4492044
20430503 12:00, 1.00797687573751,  0.4448454
20430504 12:00, 1.00823237753952,  0.4398224
20430505 12:00, 1.00848478211272,  0.4341203
20430506 12:00, 1.00873370209685,  0.4277638
20430507 12:00, 1.00897877953840,  0.4208321
20430508 12:00, 1.00921971974291,  0.4134650
20430509 12:00, 1.00945632422801,  0.4058526
20430510 12:00, 1.00968851251024,  0.3982075
20430511 12:00, 1.00991632459054,  0.3907282
20430512 12:00, 1.01013990316480,  0.3835679
20430513 12:00, 1.01035946239164,  0.3768201
20430514 12:00, 1.01057525350825,  0.3705213
20430515 12:00, 1.01078753561315,  0.3646648
20430516 12:00, 1.01099655532192,  0.3592167
20430517 12:00, 1.01120253498999,  0.3541287
20430518 12:00, 1.01140566717051,  0.3493469
20430519 12:00, 1.01160611265170,  0.3448156
20430520 12:00, 1.01180399997166,  0.3404788
20430521 12:00, 1.01199942509618,  0.3362796
20430522 12:00, 1.01219245064526,  0.3321593
20430523 12:00, 1.01238310456272,  0.3280564
20430524 12:00, 1.01257137842850,  0.3239064
20430525 12:00, 1.01275722573232,  0.3196420
20430526 12:00, 1.01294056039467,  0.3151936
20430527 12:00, 1.01312125569126,  0.3104901
20430528 12:00, 1.01329914359384,  0.3054598
20430529 12:00, 1.01347401447981,  0.3000305
20430530 12:00, 1.01364561728071,  0.2941310
20430531 12:00, 1.01381366049970,  0.2876930
20430601 12:00, 1.01397781513559,  0.2806561
20430602 12:00, 1.01413772128886,  0.2729754
20430603 12:00, 1.01429300076180,  0.2646347
20430604 12:00, 1.01444327768450,  0.2556608
20430605 12:00, 1.01458820736495,  0.2461364
20430606 12:00, 1.01472750996364,  0.2362028
20430607 12:00, 1.01486100148516,  0.2260469
20430608 12:00, 1.01498861277433,  0.2158739
20430609 12:00, 1.01511039010329,  0.2058730
20430610 12:00, 1.01522647770103,  0.1961909
20430611 12:00, 1.01533708904497,  0.1869201
20430612 12:00, 1.01544247605895,  0.1781028
20430613 12:00, 1.01554290323783,  0.1697429
20430614 12:00, 1.01563862969233,  0.1618199
20430615 12:00, 1.01572989874835,  0.1543012
20430616 12:00, 1.01581693303652,  0.1471488
20430617 12:00, 1.01589993269010,  0.1403230
20430618 12:00, 1.01597907467166,  0.1337831
20430619 12:00, 1.01605451186973,  0.1274862
20430620 12:00, 1.01612637120535,  0.1213849
20430621 12:00, 1.01619475049525,  0.1154255
20430622 12:00, 1.01625971422552,  0.1095461
20430623 12:00, 1.01632128869160,  0.1036763
20430624 12:00, 1.01637945713422,  0.0977376
20430625 12:00, 1.01643415552919,  0.0916453
20430626 12:00, 1.01648526958970,  0.0853104
20430627 12:00, 1.01653263339109,  0.0786436
20430628 12:00, 1.01657602995031,  0.0715582
20430629 12:00, 1.01661519420303,  0.0639753
20430630 12:00, 1.01664981915271,  0.0558298
20430701 12:00, 1.01667956638895,  0.0470796
20430702 12:00, 1.01670408234152,  0.0377163
20430703 12:00, 1.01672302103501,  0.0277763
20430704 12:00, 1.01673607231500,  0.0173478
20430705 12:00, 1.01674299172606,  0.0065688
20430706 12:00, 1.01674362569739, -0.0043874
20430707 12:00, 1.01673792536586, -0.0153361
20430708 12:00, 1.01672594530846, -0.0261078
20430709 12:00, 1.01670782847288, -0.0365684
20430710 12:00, 1.01668378282367, -0.0466273
20430711 12:00, 1.01665405648920, -0.0562349
20430712 12:00, 1.01661891658082, -0.0653732
20430713 12:00, 1.01657863403063, -0.0740451
20430714 12:00, 1.01653347436893, -0.0822652
20430715 12:00, 1.01648369300210, -0.0900532
20430716 12:00, 1.01642953313385, -0.0974314
20430717 12:00, 1.01637122459974, -0.1044240
20430718 12:00, 1.01630898223247, -0.1110591
20430719 12:00, 1.01624300278355, -0.1173718
20430720 12:00, 1.01617345986620, -0.1234077
20430721 12:00, 1.01610049687392, -0.1292264
20430722 12:00, 1.01602421836984, -0.1349029
20430723 12:00, 1.01594468096943, -0.1405279
20430724 12:00, 1.01586188512047, -0.1462046
20430725 12:00, 1.01577576927929, -0.1520434
20430726 12:00, 1.01568620773597, -0.1581548
20430727 12:00, 1.01559301285693, -0.1646414
20430728 12:00, 1.01549594200968, -0.1715896
20430729 12:00, 1.01539470911396, -0.1790622
20430730 12:00, 1.01528900064282, -0.1870904
20430731 12:00, 1.01517849576028, -0.1956672
20430801 12:00, 1.01506288978874, -0.2047431
20430802 12:00, 1.01494191916340, -0.2142258
20430803 12:00, 1.01481538470655, -0.2239862
20430804 12:00, 1.01468316920758, -0.2338723
20430805 12:00, 1.01454524579412, -0.2437266
20430806 12:00, 1.01440167566484, -0.2534042
20430807 12:00, 1.01425259661079, -0.2627863
20430808 12:00, 1.01409820598622, -0.2717858
20430809 12:00, 1.01393874243648, -0.2803462
20430810 12:00, 1.01377446980828, -0.2884356
20430811 12:00, 1.01360566504496, -0.2960392
20430812 12:00, 1.01343261032870, -0.3031526
20430813 12:00, 1.01325558869521, -0.3097767
20430814 12:00, 1.01307488183656, -0.3159150
20430815 12:00, 1.01289076865352, -0.3215739
20430816 12:00, 1.01270352315238, -0.3267645
20430817 12:00, 1.01251341042634, -0.3315073
20430818 12:00, 1.01232067974850, -0.3358376
20430819 12:00, 1.01212555432982, -0.3398113
20430820 12:00, 1.01192821813948, -0.3435089
20430821 12:00, 1.01172880128614, -0.3470361
20430822 12:00, 1.01152736651555, -0.3505191
20430823 12:00, 1.01132389989986, -0.3540953
20430824 12:00, 1.01111830835581, -0.3578990
20430825 12:00, 1.01091042524169, -0.3620484
20430826 12:00, 1.01070002350008, -0.3666329
20430827 12:00, 1.01048683441490, -0.3717064
20430828 12:00, 1.01027056950961, -0.3772833
20430829 12:00, 1.01005094332635, -0.3833390
20430830 12:00, 1.00982769530485, -0.3898125
20430831 12:00, 1.00960060928350, -0.3966122
20430901 12:00, 1.00936952917777, -0.4036232
20430902 12:00, 1.00913436941547, -0.4107179
20430903 12:00, 1.00889511908913, -0.4177674
20430904 12:00, 1.00865183967264, -0.4246515
20430905 12:00, 1.00840465731164, -0.4312675
20430906 12:00, 1.00815375166424, -0.4375331
20430907 12:00, 1.00789934364508, -0.4433873
20430908 12:00, 1.00764168413648, -0.4487867
20430909 12:00, 1.00738104499991, -0.4537013
20430910 12:00, 1.00711771287400, -0.4581092
20430911 12:00, 1.00685198551789, -0.4619931
20430912 12:00, 1.00658416992778, -0.4653382
20430913 12:00, 1.00631458108610, -0.4681320
20430914 12:00, 1.00604353993364, -0.4703669
20430915 12:00, 1.00577136897993, -0.4720462
20430916 12:00, 1.00549838399331, -0.4731915
20430917 12:00, 1.00522488067435, -0.4738521
20430918 12:00, 1.00495111638183, -0.4741124
20430919 12:00, 1.00467728889939, -0.4740941
20430920 12:00, 1.00440351639205, -0.4739492
20430921 12:00, 1.00412982396180, -0.4738447
20430922 12:00, 1.00385614138632, -0.4739399
20430923 12:00, 1.00358231357808, -0.4743662
20430924 12:00, 1.00330812144845, -0.4752124
20430925 12:00, 1.00303330825413, -0.4765200
20430926 12:00, 1.00275760623457, -0.4782866
20430927 12:00, 1.00248075991592, -0.4804736
20430928 12:00, 1.00220254451880, -0.4830147
20430929 12:00, 1.00192277939764, -0.4858247
20430930 12:00, 1.00164133705154, -0.4888059
20431001 12:00, 1.00135814824322, -0.4918552
20431002 12:00, 1.00107320357754, -0.4948694
20431003 12:00, 1.00078655184297, -0.4977510
20431004 12:00, 1.00049829560002, -0.5004120
20431005 12:00, 1.00020858480782, -0.5027765
20431006 12:00, 0.99991760953124, -0.5047813
20431007 12:00, 0.99962559282280, -0.5063751
20431008 12:00, 0.99933278469234, -0.5075155
20431009 12:00, 0.99903945772059, -0.5081661
20431010 12:00, 0.99874590442903, -0.5082938
20431011 12:00, 0.99845243604758, -0.5078668
20431012 12:00, 0.99815938183585, -0.5068547
20431013 12:00, 0.99786708760108, -0.5052314
20431014 12:00, 0.99757591155291, -0.5029814
20431015 12:00, 0.99728621531706, -0.5001103
20431016 12:00, 0.99699834819736, -0.4966573
20431017 12:00, 0.99671262417909, -0.4927071
20431018 12:00, 0.99642929400063, -0.4883940
20431019 12:00, 0.99614851819001, -0.4838933
20431020 12:00, 0.99587034921669, -0.4793990
20431021 12:00, 0.99559472952346, -0.4750930
20431022 12:00, 0.99532150692941, -0.4711174
20431023 12:00, 0.99505046262051, -0.4675596
20431024 12:00, 0.99478134349652, -0.4644519
20431025 12:00, 0.99451389145108, -0.4617814
20431026 12:00, 0.99424786558550, -0.4595038
20431027 12:00, 0.99398305682011, -0.4575550
20431028 12:00, 0.99371929639045, -0.4558605
20431029 12:00, 0.99345646023040, -0.4543408
20431030 12:00, 0.99319447085997, -0.4529146
20431031 12:00, 0.99293329773688, -0.4515009
20431101 12:00, 0.99267295648386, -0.4500210
20431102 12:00, 0.99241350711990, -0.4484003
20431103 12:00, 0.99215505139713, -0.4465691
20431104 12:00, 0.99189772948173, -0.4444640
20431105 12:00, 0.99164171639100, -0.4420276
20431106 12:00, 0.99138721869981, -0.4392079
20431107 12:00, 0.99113447199375, -0.4359562
20431108 12:00, 0.99088373935203, -0.4322256
20431109 12:00, 0.99063531079460, -0.4279696
20431110 12:00, 0.99038950312510, -0.4231422
20431111 12:00, 0.99014665894567, -0.4177008
20431112 12:00, 0.98990714286558, -0.4116133
20431113 12:00, 0.98967133229850, -0.4048699
20431114 12:00, 0.98943960027447, -0.3974983
20431115 12:00, 0.98921228919264, -0.3895789
20431116 12:00, 0.98898967795984, -0.3812511
20431117 12:00, 0.98877194968736, -0.3727041
20431118 12:00, 0.98855917020185, -0.3641490
20431119 12:00, 0.98835128573598, -0.3557827
20431120 12:00, 0.98814814106496, -0.3477557
20431121 12:00, 0.98794951135270, -0.3401576
20431122 12:00, 0.98775513726475, -0.3330199
20431123 12:00, 0.98756475480747, -0.3263300
20431124 12:00, 0.98737811607436, -0.3200474
20431125 12:00, 0.98719500122656, -0.3141173
20431126 12:00, 0.98701522411399, -0.3084788
20431127 12:00, 0.98683863423573, -0.3030697
20431128 12:00, 0.98666511711570, -0.2978277
20431129 12:00, 0.98649459432220, -0.2926902
20431130 12:00, 0.98632702363651, -0.2875943
20431201 12:00, 0.98616239939445, -0.2824763
20431202 12:00, 0.98600075279353, -0.2772723
20431203 12:00, 0.98584215194016, -0.2719186
20431204 12:00, 0.98568670153934, -0.2663521
20431205 12:00, 0.98553454231517, -0.2605113
20431206 12:00, 0.98538585039565, -0.2543351
20431207 12:00, 0.98524083690916, -0.2477631
20431208 12:00, 0.98509974785732, -0.2407351
20431209 12:00, 0.98496286390477, -0.2331915
20431210 12:00, 0.98483049905800, -0.2250773
20431211 12:00, 0.98470299636467, -0.2163485
20431212 12:00, 0.98458071802360, -0.2069852
20431213 12:00, 0.98446402724713, -0.1970067
20431214 12:00, 0.98435326074167, -0.1864875
20431215 12:00, 0.98424869433995, -0.1755639
20431216 12:00, 0.98415050921542, -0.1644242
20431217 12:00, 0.98405876918926, -0.1532805
20431218 12:00, 0.98397341750780, -0.1423321
20431219 12:00, 0.98389429410868, -0.1317335
20431220 12:00, 0.98382116639000, -0.1215806
20431221 12:00, 0.98375376301907, -0.1119133
20431222 12:00, 0.98369180240946, -0.1027298
20431223 12:00, 0.98363501222158, -0.0940026
20431224 12:00, 0.98358314028860, -0.0856911
20431225 12:00, 0.98353595938232, -0.0777503
20431226 12:00, 0.98349326854600, -0.0701347
20431227 12:00, 0.98345489317540, -0.0627986
20431228 12:00, 0.98342068525690, -0.0556952
20431229 12:00, 0.98339052447018, -0.0487752
20431230 12:00, 0.98336432031584, -0.0419843
20431231 12:00, 0.98334201504372, -0.0352633
20440101 12:00, 0.98332358693354, -0.0285467
20440102 12:00, 0.98330905341898, -0.0217646
20440103 12:00, 0.98329847363422, -0.0148428
20440104 12:00, 0.98329195014126, -0.0077052
20440105 12:00, 0.98328962976440, -0.0002750
20440106 12:00, 0.98329170348829,  0.0075236
20440107 12:00, 0.98329840516064,  0.0157628
20440108 12:00, 0.98331000824306,  0.0245065
20440109 12:00, 0.98332681916767,  0.0338033
20440110 12:00, 0.98334916528653,  0.0436751
20440111 12:00, 0.98337737551275,  0.0541030
20440112 12:00, 0.98341175324131,  0.0650159
20440113 12:00, 0.98345254428327,  0.0762860
20440114 12:00, 0.98349990636948,  0.0877391
20440115 12:00, 0.98355388882728,  0.0991790
20440116 12:00, 0.98361442894987,  0.1104190
20440117 12:00, 0.98368136568070,  0.1213087
20440118 12:00, 0.98375446501887,  0.1317469
20440119 12:00, 0.98383344874603,  0.1416805
20440120 12:00, 0.98391801947319,  0.1510941
20440121 12:00, 0.98400787856950,  0.1599966
20440122 12:00, 0.98410273682233,  0.1684100
20440123 12:00, 0.98420231954013,  0.1763617
20440124 12:00, 0.98430636834513,  0.1838805
20440125 12:00, 0.98441464168025,  0.1909960
20440126 12:00, 0.98452691555645,  0.1977397
20440127 12:00, 0.98464298553552,  0.2041482
20440128 12:00, 0.98476267044207,  0.2102661
20440129 12:00, 0.98488581781934,  0.2161487
20440130 12:00, 0.98501231068424,  0.2218636
20440131 12:00, 0.98514207474638,  0.2274908
20440201 12:00, 0.98527508502282,  0.2331207
20440202 12:00, 0.98541137078150,  0.2388500
20440203 12:00, 0.98555101797734,  0.2447773
20440204 12:00, 0.98569416868319,  0.2509975
20440205 12:00, 0.98584101726700,  0.2575958
20440206 12:00, 0.98599180307407,  0.2646416
20440207 12:00, 0.98614679915316,  0.2721809
20440208 12:00, 0.98630629636777,  0.2802279
20440209 12:00, 0.98647058249329,  0.2887564
20440210 12:00, 0.98663991702017,  0.2976941
20440211 12:00, 0.98681450435253,  0.3069234
20440212 12:00, 0.98699447012828,  0.3162917
20440213 12:00, 0.98717984609298,  0.3256302
20440214 12:00, 0.98737056727153,  0.3347763
20440215 12:00, 0.98756648152018,  0.3435934
20440216 12:00, 0.98776736781212,  0.3519805
20440217 12:00, 0.98797295776563,  0.3598739
20440218 12:00, 0.98818295548880,  0.3672408
20440219 12:00, 0.98839705285097,  0.3740701
20440220 12:00, 0.98861493946392,  0.3803637
20440221 12:00, 0.98883630815924,  0.3861299
20440222 12:00, 0.98906085745470,  0.3913798
20440223 12:00, 0.98928829265225,  0.3961258
20440224 12:00, 0.98951832708327,  0.4003837
20440225 12:00, 0.98975068477616,  0.4041756
20440226 12:00, 0.98998510549744,  0.4075346
20440227 12:00, 0.99022135265313,  0.4105102
20440228 12:00, 0.99045922386854,  0.4131719
20440229 12:00, 0.99069856321650,  0.4156111
20440301 12:00, 0.99093927322148,  0.4179381
20440302 12:00, 0.99118132426146,  0.4202761
20440303 12:00, 0.99142475913073,  0.4227508
20440304 12:00, 0.99166969136633,  0.4254796
20440305 12:00, 0.99191629715637,  0.4285605
20440306 12:00, 0.99216480170958,  0.4320639
20440307 12:00, 0.99241546149544,  0.4360270
20440308 12:00, 0.99266854378377,  0.4404497
20440309 12:00, 0.99292430478082,  0.4452936
20440310 12:00, 0.99318296777029,  0.4504836
20440311 12:00, 0.99344470312223,  0.4559129
20440312 12:00, 0.99370961251888,  0.4614523
20440313 12:00, 0.99397771970671,  0.4669635
20440314 12:00, 0.99424896913980,  0.4723124
20440315 12:00, 0.99452323220650,  0.4773817
20440316 12:00, 0.99480031902755,  0.4820773
20440317 12:00, 0.99507999283866,  0.4863308
20440318 12:00, 0.99536198403702,  0.4900962
20440319 12:00, 0.99564600183267,  0.4933451
20440320 12:00, 0.99593174258942,  0.4960605
20440321 12:00, 0.99621889494034,  0.4982319
20440322 12:00, 0.99650714244447,  0.4998519
20440323 12:00, 0.99679616494535,  0.5009149
20440324 12:00, 0.99708564000274,  0.5014191
20440325 12:00, 0.99737524587226,  0.5013697
20440326 12:00, 0.99766466747496,  0.5007857
20440327 12:00, 0.99795360649098,  0.4997075
20440328 12:00, 0.99824179592093,  0.4982042
20440329 12:00, 0.99852901807285,  0.4963776
20440330 12:00, 0.99881512317197,  0.4943601
20440331 12:00, 0.99910004436588,  0.4923041
20440401 12:00, 0.99938380477124,  0.4903656
20440402 12:00, 0.99966651388858,  0.4886847
20440403 12:00, 0.99994835362928,  0.4873699
20440404 12:00, 1.00022955690977,  0.4864883
20440405 12:00, 1.00051038300094,  0.4860642
20440406 12:00, 1.00079109336759,  0.4860819
20440407 12:00, 1.00107193035959,  0.4864921
20440408 12:00, 1.00135309979524,  0.4872187
20440409 12:00, 1.00163475773451,  0.4881666
20440410 12:00, 1.00191700154285,  0.4892291
20440411 12:00, 1.00219986535278,  0.4902952
20440412 12:00, 1.00248331990454,  0.4912575
20440413 12:00, 1.00276727636539,  0.4920181
20440414 12:00, 1.00305159320639,  0.4924928
20440415 12:00, 1.00333608479647,  0.4926130
20440416 12:00, 1.00362053024961,  0.4923251
20440417 12:00, 1.00390468127311,  0.4915874
20440418 12:00, 1.00418826821519,  0.4903668
20440419 12:00, 1.00447100405039,  0.4886357
20440420 12:00, 1.00475258656467,  0.4863689
20440421 12:00, 1.00503269947526,  0.4835428
20440422 12:00, 1.00531101365970,  0.4801371
20440423 12:00, 1.00558719008168,  0.4761388
20440424 12:00, 1.00586088630509,  0.4715507
20440425 12:00, 1.00613176843373,  0.4664014
20440426 12:00, 1.00639952949330,  0.4607573
20440427 12:00, 1.00666391332482,  0.4547286
20440428 12:00, 1.00692474016699,  0.4484681
20440429 12:00, 1.00718192747881,  0.4421564
20440430 12:00, 1.00743549913750,  0.4359767
20440501 12:00, 1.00768557912523,  0.4300882
20440502 12:00, 1.00793237105362,  0.4246052
20440503 12:00, 1.00817612935772,  0.4195890
20440504 12:00, 1.00841712931587,  0.4150516
20440505 12:00, 1.00865564126231,  0.4109660
20440506 12:00, 1.00889191131894,  0.4072773
20440507 12:00, 1.00912614850146,  0.4039133
20440508 12:00, 1.00935851687268,  0.4007915
20440509 12:00, 1.00958913130208,  0.3978248
20440510 12:00, 1.00981805579287,  0.3949248
20440511 12:00, 1.01004530379310,  0.3920052
20440512 12:00, 1.01027084017162,  0.3889845
20440513 12:00, 1.01049458456848,  0.3857879
20440514 12:00, 1.01071641570297,  0.3823486
20440515 12:00, 1.01093617607083,  0.3786079
20440516 12:00, 1.01115367639385,  0.3745142
20440517 12:00, 1.01136869925866,  0.3700213
20440518 12:00, 1.01158100159953,  0.3650862
20440519 12:00, 1.01179031602255,  0.3596675
20440520 12:00, 1.01199635142125,  0.3537246
20440521 12:00, 1.01219879389275,  0.3472196
20440522 12:00, 1.01239730960540,  0.3401227
20440523 12:00, 1.01259155185856,  0.3324210
20440524 12:00, 1.01278117475335,  0.3241325
20440525 12:00, 1.01296585503505,  0.3153200
20440526 12:00, 1.01314532116292,  0.3061005
20440527 12:00, 1.01331938469045,  0.2966430
20440528 12:00, 1.01348796540179,  0.2871487
20440529 12:00, 1.01365110131961,  0.2778200
20440530 12:00, 1.01380893928981,  0.2688266
20440531 12:00, 1.01396170921257,  0.2602840
20440601 12:00, 1.01410969045142,  0.2522485
20440602 12:00, 1.01425317953338,  0.2447255
20440603 12:00, 1.01439246490833,  0.2376841
20440604 12:00, 1.01452781030862,  0.2310717
20440605 12:00, 1.01465944538163,  0.2248244
20440606 12:00, 1.01478756122847,  0.2188733
20440607 12:00, 1.01491230868254,  0.2131481
20440608 12:00, 1.01503379786298,  0.2075784
20440609 12:00, 1.01515209825236,  0.2020940
20440610 12:00, 1.01526723905963,  0.1966256
20440611 12:00, 1.01537920988726,  0.1911055
20440612 12:00, 1.01548796176222,  0.1854679
20440613 12:00, 1.01559340849052,  0.1796498
20440614 12:00, 1.01569542814978,  0.1735904
20440615 12:00, 1.01579386443554,  0.1672312
20440616 12:00, 1.01588852759760,  0.1605149
20440617 12:00, 1.01597919489270,  0.1533844
20440618 12:00, 1.01606561086850,  0.1457837
20440619 12:00, 1.01614748839148,  0.1376599
20440620 12:00, 1.01622451209132,  0.1289693
20440621 12:00, 1.01629634662663,  0.1196887
20440622 12:00, 1.01636265241077,  0.1098294
20440623 12:00, 1.01642311040192,  0.0994536
20440624 12:00, 1.01647745457166,  0.0886832
20440625 12:00, 1.01652550610288,  0.0776959
20440626 12:00, 1.01656719958312,  0.0667018
20440627 12:00, 1.01660259187244,  0.0559078
20440628 12:00, 1.01663185020035,  0.0454843
20440629 12:00, 1.01665522417546,  0.0355446
20440630 12:00, 1.01667301147052,  0.0261427
20440701 12:00, 1.01668552648550,  0.0172850
20440702 12:00, 1.01669307715527,  0.0089454
20440703 12:00, 1.01669595066961,  0.0010802
20440704 12:00, 1.01669440622233, -0.0063626
20440705 12:00, 1.01668867213076, -0.0134373
20440706 12:00, 1.01667894501611, -0.0201993
20440707 12:00, 1.01666538948481, -0.0267042
20440708 12:00, 1.01664813748786, -0.0330096
20440709 12:00, 1.01662728710425, -0.0391754
20440710 12:00, 1.01660290086350, -0.0452648
20440711 12:00, 1.01657500390178, -0.0513440
20440712 12:00, 1.01654358226378, -0.0574821
20440713 12:00, 1.01650858156288, -0.0637499
20440714 12:00, 1.01646990606913, -0.0702197
20440715 12:00, 1.01642741820010, -0.0769640
20440716 12:00, 1.01638093844344, -0.0840552
20440717 12:00, 1.01633024601927, -0.0915634
20440718 12:00, 1.01627508112490, -0.0995528
20440719 12:00, 1.01621515032206, -0.1080742
20440720 12:00, 1.01615013726649, -0.1171538
20440721 12:00, 1.01607972100683, -0.1267788
20440722 12:00, 1.01600360275016, -0.1368834
20440723 12:00, 1.01592153885214, -0.1473424
20440724 12:00, 1.01583337360056, -0.1579792
20440725 12:00, 1.01573906258734, -0.1685902
20440726 12:00, 1.01563867892471, -0.1789776
20440727 12:00, 1.01553240053466, -0.1889803
20440728 12:00, 1.01542048377359, -0.1984893
20440729 12:00, 1.01530323237362, -0.2074483
20440730 12:00, 1.01518096965625, -0.2158435
20440731 12:00, 1.01505401819422, -0.2236890
20440801 12:00, 1.01492268737357, -0.2310146
20440802 12:00, 1.01478726712012, -0.2378567
20440803 12:00, 1.01464802539946, -0.2442546
20440804 12:00, 1.01450520735172, -0.2502480
20440805 12:00, 1.01435903451150, -0.2558792
20440806 12:00, 1.01420970317971, -0.2611937
20440807 12:00, 1.01405738155184, -0.2662436
20440808 12:00, 1.01390220565016, -0.2710885
20440809 12:00, 1.01374427445053, -0.2757971
20440810 12:00, 1.01358364481772, -0.2804464
20440811 12:00, 1.01342032693839, -0.2851208
20440812 12:00, 1.01325428087124, -0.2899090
20440813 12:00, 1.01308541467610, -0.2949017
20440814 12:00, 1.01291358445568, -0.3001875
20440815 12:00, 1.01273859667487, -0.3058490
20440816 12:00, 1.01256021338490, -0.3119562
20440817 12:00, 1.01237816140290, -0.3185595
20440818 12:00, 1.01219214680061, -0.3256786
20440819 12:00, 1.01200187575541, -0.3332915
20440820 12:00, 1.01180708141115, -0.3413259
20440821 12:00, 1.01160755382754, -0.3496577
20440822 12:00, 1.01140316729223, -0.3581222
20440823 12:00, 1.01119389808643, -0.3665352
20440824 12:00, 1.01097982776732, -0.3747206
20440825 12:00, 1.01076113170187, -0.3825328
20440826 12:00, 1.01053805737677, -0.3898687
20440827 12:00, 1.01031089926955, -0.3966678
20440828 12:00, 1.01007997616811, -0.4029046
20440829 12:00, 1.00984561414674, -0.4085776
20440830 12:00, 1.00960813573146, -0.4136992
20440831 12:00, 1.00936785409178, -0.4182884
20440901 12:00, 1.00912507043405, -0.4223673
20440902 12:00, 1.00888007277840, -0.4259595
20440903 12:00, 1.00863313460672, -0.4290920
20440904 12:00, 1.00838451226710, -0.4317978
20440905 12:00, 1.00813444045240, -0.4341195
20440906 12:00, 1.00788312555384, -0.4361131
20440907 12:00, 1.00763073723786, -0.4378500
20440908 12:00, 1.00737739916096, -0.4394179
20440909 12:00, 1.00712318019497, -0.4409183
20440910 12:00, 1.00686808772392, -0.4424616
20440911 12:00, 1.00661206439528, -0.4441602
20440912 12:00, 1.00635498922345, -0.4461208
20440913 12:00, 1.00609668336918, -0.4484358
20440914 12:00, 1.00583692050585, -0.4511759
20440915 12:00, 1.00557544153065, -0.4543827
20440916 12:00, 1.00531197333372, -0.4580621
20440917 12:00, 1.00504625105853, -0.4621790
20440918 12:00, 1.00477804248034, -0.4666555
20440919 12:00, 1.00450717186471, -0.4713752
20440920 12:00, 1.00423353954926, -0.4761935
20440921 12:00, 1.00395713343494, -0.4809547
20440922 12:00, 1.00367803012268, -0.4855104
20440923 12:00, 1.00339638614570, -0.4897342
20440924 12:00, 1.00311242233053, -0.4935305
20440925 12:00, 1.00282640555094, -0.4968352
20440926 12:00, 1.00253863171212, -0.4996107
20440927 12:00, 1.00224941232910, -0.5018392
20440928 12:00, 1.00195906542580, -0.5035149
20440929 12:00, 1.00166791025787, -0.5046386
20440930 12:00, 1.00137626468958, -0.5052139
20441001 12:00, 1.00108444380097, -0.5052469
20441002 12:00, 1.00079275827976, -0.5047473
20441003 12:00, 1.00050151125319, -0.5037322
20441004 12:00, 1.00021099243816, -0.5022320
20441005 12:00, 0.99992146892533, -0.5002956
20441006 12:00, 0.99963317267043, -0.4979964
20441007 12:00, 0.99934628584764, -0.4954335
20441008 12:00, 0.99906092639441, -0.4927292
20441009 12:00, 0.99877713686131, -0.4900204
20441010 12:00, 0.99849487955164, -0.4874457
20441011 12:00, 0.99821403972422, -0.4851310
20441012 12:00, 0.99793443677777, -0.4831766
20441013 12:00, 0.99765584167070, -0.4816489
20441014 12:00, 0.99737799802343, -0.4805758
20441015 12:00, 0.99710064446574, -0.4799468
20441016 12:00, 0.99682353636994, -0.4797152
20441017 12:00, 0.99654646559455, -0.4798022
20441018 12:00, 0.99626927699884, -0.4801042
20441019 12:00, 0.99599188043177, -0.4805016
20441020 12:00, 0.99571425703475, -0.4808690
20441021 12:00, 0.99543645931287, -0.4810862
20441022 12:00, 0.99515860546789, -0.4810471
20441023 12:00, 0.99488086955619, -0.4806651
20441024 12:00, 0.99460346967507, -0.4798742
20441025 12:00, 0.99432665636652, -0.4786274
20441026 12:00, 0.99405070286444, -0.4768923
20441027 12:00, 0.99377589800062, -0.4746466
20441028 12:00, 0.99350254180648, -0.4718732
20441029 12:00, 0.99323094324302, -0.4685578
20441030 12:00, 0.99296141906147, -0.4646879
20441031 12:00, 0.99269429248092, -0.4602540
20441101 12:00, 0.99242989012943, -0.4552548
20441102 12:00, 0.99216853559345, -0.4497037
20441103 12:00, 0.99191053815586, -0.4436383
20441104 12:00, 0.99165617617456, -0.4371293
20441105 12:00, 0.99140567626038, -0.4302856
20441106 12:00, 0.99115919169682, -0.4232509
20441107 12:00, 0.99091678542000, -0.4161913
20441108 12:00, 0.99067842295833, -0.4092743
20441109 12:00, 0.99044397830466, -0.4026458
20441110 12:00, 0.99021325168699, -0.3964131
20441111 12:00, 0.98998599477639, -0.3906366
20441112 12:00, 0.98976193773389, -0.3853312
20441113 12:00, 0.98954081367566, -0.3804732
20441114 12:00, 0.98932237833962, -0.3760095
20441115 12:00, 0.98910642461205, -0.3718659
20441116 12:00, 0.98889279251436, -0.3679545
20441117 12:00, 0.98868137537786, -0.3641794
20441118 12:00, 0.98847212268998, -0.3604429
20441119 12:00, 0.98826503988561, -0.3566500
20441120 12:00, 0.98806018538288, -0.3527127
20441121 12:00, 0.98785766540501, -0.3485538
20441122 12:00, 0.98765762742954, -0.3441078
20441123 12:00, 0.98746025328595, -0.3393211
20441124 12:00, 0.98726575288343, -0.3341497
20441125 12:00, 0.98707435930054, -0.3285567
20441126 12:00, 0.98688632558064, -0.3225095
20441127 12:00, 0.98670192312615, -0.3159768
20441128 12:00, 0.98652144110547, -0.3089284
20441129 12:00, 0.98634518577145, -0.3013359
20441130 12:00, 0.98617347804414, -0.2931778
20441201 12:00, 0.98600664723210, -0.2844484
20441202 12:00, 0.98584501865914, -0.2751696
20441203 12:00, 0.98568889376583, -0.2654042
20441204 12:00, 0.98553852350007, -0.2552649
20441205 12:00, 0.98539407936818, -0.2449126
20441206 12:00, 0.98525562985582, -0.2345392
20441207 12:00, 0.98512313044354, -0.2243387
20441208 12:00, 0.98499643156010, -0.2144762
20441209 12:00, 0.98487530219960, -0.2050663
20441210 12:00, 0.98475946167076, -0.1961665
20441211 12:00, 0.98464861097485, -0.1877846
20441212 12:00, 0.98454245809410, -0.1798912
20441213 12:00, 0.98444073535672, -0.1724333
20441214 12:00, 0.98434320984268, -0.1653448
20441215 12:00, 0.98424968890097, -0.1585534
20441216 12:00, 0.98416002272607, -0.1519835
20441217 12:00, 0.98407410529218, -0.1455592
20441218 12:00, 0.98399187427117, -0.1392054
20441219 12:00, 0.98391331011248, -0.1328493
20441220 12:00, 0.98383843429612, -0.1264218
20441221 12:00, 0.98376730683263, -0.1198588
20441222 12:00, 0.98370002326141, -0.1131014
20441223 12:00, 0.98363671157171, -0.1060959
20441224 12:00, 0.98357752953934, -0.0987927
20441225 12:00, 0.98352266288815, -0.0911444
20441226 12:00, 0.98347232443389, -0.0831042
20441227 12:00, 0.98342675394928, -0.0746255
20441228 12:00, 0.98338621790046, -0.0656631
20441229 12:00, 0.98335100746551, -0.0561778
20441230 12:00, 0.98332143247808, -0.0461461
20441231 12:00, 0.98329780851967, -0.0355743
20450101 12:00, 0.98328043502987, -0.0245146
20450102 12:00, 0.98326956483648, -0.0130774
20450103 12:00, 0.98326536995762, -0.0014306
20450104 12:00, 0.98326791299424,  0.0102195
20450105 12:00, 0.98327713434105,  0.0216624
20450106 12:00, 0.98329286053223,  0.0327197
20450107 12:00, 0.98331483059111,  0.0432692
20450108 12:00, 0.98334273087144,  0.0532502
20450109 12:00, 0.98337622822276,  0.0626533
20450110 12:00, 0.98341499522210,  0.0715050
20450111 12:00, 0.98345872603275,  0.0798513
20450112 12:00, 0.98350714460470,  0.0877479
20450113 12:00, 0.98356000798769,  0.0952531
20450114 12:00, 0.98361710723355,  0.1024262
20450115 12:00, 0.98367826755545,  0.1093262
20450116 12:00, 0.98374334859470,  0.1160134
20450117 12:00, 0.98381224502593,  0.1225489
20450118 12:00, 0.98388488735827,  0.1289957
20450119 12:00, 0.98396124264910,  0.1354173
20450120 12:00, 0.98404131489444,  0.1418778
20450121 12:00, 0.98412514502546,  0.1484411
20450122 12:00, 0.98421281063098,  0.1551702
20450123 12:00, 0.98430442564020,  0.1621280
20450124 12:00, 0.98440014014880,  0.1693768
20450125 12:00, 0.98450014029201,  0.1769790
20450126 12:00, 0.98460464752936,  0.1849941
20450127 12:00, 0.98471391593495,  0.1934741
20450128 12:00, 0.98482822524586,  0.2024539
20450129 12:00, 0.98494786693500,  0.2119367
20450130 12:00, 0.98507312120820,  0.2218776
20450131 12:00, 0.98520422540508,  0.2321718
20450201 12:00, 0.98534133877166,  0.2426553
20450202 12:00, 0.98548451296159,  0.2531242
20450203 12:00, 0.98563367834610,  0.2633688
20450204 12:00, 0.98578865120023,  0.2732090
20450205 12:00, 0.98594915854007,  0.2825181
20450206 12:00, 0.98611487128942,  0.2912281
20450207 12:00, 0.98628543592901,  0.2993200
20450208 12:00, 0.98646049857180,  0.3068087
20450209 12:00, 0.98663972002056,  0.3137281
20450210 12:00, 0.98682278340252,  0.3201204
20450211 12:00, 0.98700939705816,  0.3260299
20450212 12:00, 0.98719929517692,  0.3315017
20450213 12:00, 0.98739223798701,  0.3365811
20450214 12:00, 0.98758801256671,  0.3413161
20450215 12:00, 0.98778643472070,  0.3457586
20450216 12:00, 0.98798735188958,  0.3499663
20450217 12:00, 0.98819064673432,  0.3540035
20450218 12:00, 0.98839624086668,  0.3579407
20450219 12:00, 0.98860409818810,  0.3618537
20450220 12:00, 0.98881422742758,  0.3658216
20450221 12:00, 0.98902668366041,  0.3699254
20450222 12:00, 0.98924156872102,  0.3742457
20450223 12:00, 0.98945903036754,  0.3788605
20450224 12:00, 0.98967925972617,  0.3838412
20450225 12:00, 0.98990248596297,  0.3892467
20450226 12:00, 0.99012896649605,  0.3951142
20450227 12:00, 0.99035897081229,  0.4014461
20450228 12:00, 0.99059275673760,  0.4081976
20450301 12:00, 0.99083054034558,  0.4152684
20450302 12:00, 0.99107246425089,  0.4225061
20450303 12:00, 0.99131857205255,  0.4297244
20450304 12:00, 0.99156879663329,  0.4367314
20450305 12:00, 0.99182296580850,  0.4433595
20450306 12:00, 0.99208082253277,  0.4494845
20450307 12:00, 0.99234205236054,  0.4550316
20450308 12:00, 0.99260631037068,  0.4599684
20450309 12:00, 0.99287324245734,  0.4642933
20450310 12:00, 0.99314249937323,  0.4680229
20450311 12:00, 0.99341374442345,  0.4711827
20450312 12:00, 0.99368665682403,  0.4738017
20450313 12:00, 0.99396093284985,  0.4759099
20450314 12:00, 0.99423628652923,  0.4775390
20450315 12:00, 0.99451245114185,  0.4787245
20450316 12:00, 0.99478918227623,  0.4795086
20450317 12:00, 0.99506626271874,  0.4799438
20450318 12:00, 0.99534350896538,  0.4800947
20450319 12:00, 0.99562077869301,  0.4800392
20450320 12:00, 0.99589797817473,  0.4798673
20450321 12:00, 0.99617506847402,  0.4796781
20450322 12:00, 0.99645206935971,  0.4795750
20450323 12:00, 0.99672906019256,  0.4796599
20450324 12:00, 0.99700617737816,  0.4800273
20450325 12:00, 0.99728360816569,  0.4807577
20450326 12:00, 0.99756158051358,  0.4819104
20450327 12:00, 0.99784034857041,  0.4835153
20450328 12:00, 0.99812017338213,  0.4855651
20450329 12:00, 0.99840129915518,  0.4880080
20450330 12:00, 0.99868392696086,  0.4907466
20450331 12:00, 0.99896818972590,  0.4936443
20450401 12:00, 0.99925413359559,  0.4965404
20450402 12:00, 0.99954171006554,  0.4992715
20450403 12:00, 0.99983078043949,  0.5016917
20450404 12:00, 1.00012113047555,  0.5036869
20450405 12:00, 1.00041249048433,  0.5051792
20450406 12:00, 1.00070455574994,  0.5061241
20450407 12:00, 1.00099700359314,  0.5065025
20450408 12:00, 1.00128950549807,  0.5063119
20450409 12:00, 1.00158173447104,  0.5055589
20450410 12:00, 1.00187336880975,  0.5042547
20450411 12:00, 1.00216409383315,  0.5024124
20450412 12:00, 1.00245360311883,  0.5000477
20450413 12:00, 1.00274160062055,  0.4971813
20450414 12:00, 1.00302780477309,  0.4938435
20450415 12:00, 1.00331195530756,  0.4900787
20450416 12:00, 1.00359382292765,  0.4859503
20450417 12:00, 1.00387322120851,  0.4815436
20450418 12:00, 1.00415001918465,  0.4769650
20450419 12:00, 1.00442415237010,  0.4723371
20450420 12:00, 1.00469562975947,  0.4677899
20450421 12:00, 1.00496453489904,  0.4634497
20450422 12:00, 1.00523102024613,  0.4594270
20450423 12:00, 1.00549529527960,  0.4558072
20450424 12:00, 1.00575760968398,  0.4526433
20450425 12:00, 1.00601823321477,  0.4499514
20450426 12:00, 1.00627743377553,  0.4477087
20450427 12:00, 1.00653545519605,  0.4458551
20450428 12:00, 1.00679249644011,  0.4442964
20450429 12:00, 1.00704869436247,  0.4429133
20450430 12:00, 1.00730411223672,  0.4415725
20450501 12:00, 1.00755873565604,  0.4401405
20450502 12:00, 1.00781247603448,  0.4384959
20450503 12:00, 1.00806518029677,  0.4365378
20450504 12:00, 1.00831664415448,  0.4341898
20450505 12:00, 1.00856662608109,  0.4313989
20450506 12:00, 1.00881485967029,  0.4281311
20450507 12:00, 1.00906106307953,  0.4243660
20450508 12:00, 1.00930494528417,  0.4200914
20450509 12:00, 1.00954620964146,  0.4152995
20450510 12:00, 1.00978455575201,  0.4099850
20450511 12:00, 1.01001968088502,  0.4041455
20450512 12:00, 1.01025128238834,  0.3977843
20450513 12:00, 1.01047906254367,  0.3909163
20450514 12:00, 1.01070273715184,  0.3835747
20450515 12:00, 1.01092204855220,  0.3758194
20450516 12:00, 1.01113678262345,  0.3677419
20450517 12:00, 1.01134678764506,  0.3594662
20450518 12:00, 1.01155199124081,  0.3511412
20450519 12:00, 1.01175241089647,  0.3429262
20450520 12:00, 1.01194815452086,  0.3349719
20450521 12:00, 1.01213941009162,  0.3274022
20450522 12:00, 1.01232642641151,  0.3203023
20450523 12:00, 1.01250948892533,  0.3137138
20450524 12:00, 1.01268889472965,  0.3076361
20450525 12:00, 1.01286492978479,  0.3020323
20450526 12:00, 1.01303784989068,  0.2968362
20450527 12:00, 1.01320786595688,  0.2919598
20450528 12:00, 1.01337513366563,  0.2873011
20450529 12:00, 1.01353974755152,  0.2827516
20450530 12:00, 1.01370173945339,  0.2782039
20450531 12:00, 1.01386108102534,  0.2735580
20450601 12:00, 1.01401768955001,  0.2687262
20450602 12:00, 1.01417143586794,  0.2636356
20450603 12:00, 1.01432215302695,  0.2582280
20450604 12:00, 1.01446964435597,  0.2524582
20450605 12:00, 1.01461369003016,  0.2462907
20450606 12:00, 1.01475405169188,  0.2396962
20450607 12:00, 1.01489047520967,  0.2326491
20450608 12:00, 1.01502269213882,  0.2251254
20450609 12:00, 1.01515042089551,  0.2171037
20450610 12:00, 1.01527336908418,  0.2085689
20450611 12:00, 1.01539123877584,  0.1995185
20450612 12:00, 1.01550373663399,  0.1899726
20450613 12:00, 1.01561059026172,  0.1799854
20450614 12:00, 1.01571157058956,  0.1696538
20450615 12:00, 1.01580651748691,  0.1591190
20450616 12:00, 1.01589536290131,  0.1485559
20450617 12:00, 1.01597814450053,  0.1381512
20450618 12:00, 1.01605500462823,  0.1280762
20450619 12:00, 1.01612617410217,  0.1184629
20450620 12:00, 1.01619194542254,  0.1093918
20450621 12:00, 1.01625264245395,  0.1008919
20450622 12:00, 1.01630859277082,  0.0929490
20450623 12:00, 1.01636010603102,  0.0855171
20450624 12:00, 1.01640745895923,  0.0785298
20450625 12:00, 1.01645088589284,  0.0719079
20450626 12:00, 1.01649057341234,  0.0655659
20450627 12:00, 1.01652665785288,  0.0594161
20450628 12:00, 1.01655922496075,  0.0533715
20450629 12:00, 1.01658831130002,  0.0473491
20450630 12:00, 1.01661390712339,  0.0412719
20450701 12:00, 1.01663596034260,  0.0350704
20450702 12:00, 1.01665438108339,  0.0286833
20450703 12:00, 1.01666904620873,  0.0220566
20450704 12:00, 1.01667980321762,  0.0151423
20450705 12:00, 1.01668647309664,  0.0078961
20450706 12:00, 1.01668885200411,  0.0002761
20450707 12:00, 1.01668671208494, -0.0077589
20450708 12:00, 1.01667980224263, -0.0162479
20450709 12:00, 1.01666785031925, -0.0252238
20450710 12:00, 1.01665056876329, -0.0347053
20450711 12:00, 1.01662766621479, -0.0446846
20450712 12:00, 1.01659886695554, -0.0551129
20450713 12:00, 1.01656393819298, -0.0658890
20450714 12:00, 1.01652272151855, -0.0768575
20450715 12:00, 1.01647516088332, -0.0878230
20450716 12:00, 1.01642131784575, -0.0985794
20450717 12:00, 1.01636136799519, -0.1089434
20450718 12:00, 1.01629557939487, -0.1187811
20450719 12:00, 1.01622428035106, -0.1280181
20450720 12:00, 1.01614782592788, -0.1366343
20450721 12:00, 1.01606657019688, -0.1446507
20450722 12:00, 1.01598084696391, -0.1521142
20450723 12:00, 1.01589095832725, -0.1590860
20450724 12:00, 1.01579716886378, -0.1656340
20450725 12:00, 1.01569970314505, -0.1718284
20450726 12:00, 1.01559874489593, -0.1777401
20450727 12:00, 1.01549443685169, -0.1834402
20450728 12:00, 1.01538688095432, -0.1889988
20450729 12:00, 1.01527613886333, -0.1944851
20450730 12:00, 1.01516223285352, -0.1999662
20450731 12:00, 1.01504514710145, -0.2055068
20450801 12:00, 1.01492482921387, -0.2111689
20450802 12:00, 1.01480119172531, -0.2170121
20450803 12:00, 1.01467411326713, -0.2230943
20450804 12:00, 1.01454343924646, -0.2294727
20450805 12:00, 1.01440898220277, -0.2362039
20450806 12:00, 1.01427052255069, -0.2433420
20450807 12:00, 1.01412781114383, -0.2509342
20450808 12:00, 1.01398057587220, -0.2590108
20450809 12:00, 1.01382853495853, -0.2675724
20450810 12:00, 1.01367141905092, -0.2765728
20450811 12:00, 1.01350900182826, -0.2859078
20450812 12:00, 1.01334113458146, -0.2954144
20450813 12:00, 1.01316777585504, -0.3048885
20450814 12:00, 1.01298900609927, -0.3141183
20450815 12:00, 1.01280502168490, -0.3229197
20450816 12:00, 1.01261611067014, -0.3311620
20450817 12:00, 1.01242261916755, -0.3387746
20450818 12:00, 1.01222491830333, -0.3457391
20450819 12:00, 1.01202337833346, -0.3520744
20450820 12:00, 1.01181835183909, -0.3578205
20450821 12:00, 1.01161016466639, -0.3630284
20450822 12:00, 1.01139911200976, -0.3677527
20450823 12:00, 1.01118545714802, -0.3720490
20450824 12:00, 1.01096943103969, -0.3759736
20450825 12:00, 1.01075123175676, -0.3795843
20450826 12:00, 1.01053102336909, -0.3829412
20450827 12:00, 1.01030893432455, -0.3861077
20450828 12:00, 1.01008505560485, -0.3891500
20450829 12:00, 1.00985943899434, -0.3921375
20450830 12:00, 1.00963209571782, -0.3951413
20450831 12:00, 1.00940299555034, -0.3982336
20450901 12:00, 1.00917206636866, -0.4014871
20450902 12:00, 1.00893919410317, -0.4049743
20450903 12:00, 1.00870422324924, -0.4087659
20450904 12:00, 1.00846695855469, -0.4129281
20450905 12:00, 1.00822716918438, -0.4175166
20450906 12:00, 1.00798459738332, -0.4225670
20450907 12:00, 1.00773897397695, -0.4280807
20450908 12:00, 1.00749004225539, -0.4340108
20450909 12:00, 1.00723758924277, -0.4402521
20450910 12:00, 1.00698147930413, -0.4466438
20450911 12:00, 1.00672168143742, -0.4529888
20450912 12:00, 1.00645828145135, -0.4590855
20450913 12:00, 1.00619147496809, -0.4647599
20450914 12:00, 1.00592154444116, -0.4698876
20450915 12:00, 1.00564882854408, -0.4743979
20450916 12:00, 1.00537369268918, -0.4782668
20450917 12:00, 1.00509650617982, -0.4815025
20450918 12:00, 1.00481762748448, -0.4841322
20450919 12:00, 1.00453739637662, -0.4861922
20450920 12:00, 1.00425613060039, -0.4877219
20450921 12:00, 1.00397412476836, -0.4887618
20450922 12:00, 1.00369164973334, -0.4893539
20450923 12:00, 1.00340895131024, -0.4895433
20450924 12:00, 1.00312624779693, -0.4893805
20450925 12:00, 1.00284372622417, -0.4889236
20450926 12:00, 1.00256153764887, -0.4882392
20450927 12:00, 1.00227979207451, -0.4874028
20450928 12:00, 1.00199855370517, -0.4864972
20450929 12:00, 1.00171783719874, -0.4856106
20450930 12:00, 1.00143760542201, -0.4848337
20451001 12:00, 1.00115776902914, -0.4842561
20451002 12:00, 1.00087818812751, -0.4839624
20451003 12:00, 1.00059867646778, -0.4840276
20451004 12:00, 1.00031900899057, -0.4845099
20451005 12:00, 1.00003893398040, -0.4854416
20451006 12:00, 0.99975819110114, -0.4868183
20451007 12:00, 0.99947653568140, -0.4885888
20451008 12:00, 0.99919376748072, -0.4906505
20451009 12:00, 0.99890975929250, -0.4928550
20451010 12:00, 0.99862447869542, -0.4950263
20451011 12:00, 0.99833799692144, -0.4969861
20451012 12:00, 0.99805048262527, -0.4985789
20451013 12:00, 0.99776218341880, -0.4996885
20451014 12:00, 0.99747340144715, -0.5002420
20451015 12:00, 0.99718446950015, -0.5002047
20451016 12:00, 0.99689573192827, -0.4995694
20451017 12:00, 0.99660753179497, -0.4983462
20451018 12:00, 0.99632020359535, -0.4965535
20451019 12:00, 0.99603406986019, -0.4942137
20451020 12:00, 0.99574943977225, -0.4913506
20451021 12:00, 0.99546660814648, -0.4879904
20451022 12:00, 0.99518585349779, -0.4841639
20451023 12:00, 0.99490743433521, -0.4799103
20451024 12:00, 0.99463158328306, -0.4752805
20451025 12:00, 0.99435849916540, -0.4703410
20451026 12:00, 0.99408833778021, -0.4651745
20451027 12:00, 0.99382120263027, -0.4598788
20451028 12:00, 0.99355713719553, -0.4545631
20451029 12:00, 0.99329612027816, -0.4493410
20451030 12:00, 0.99303806551749, -0.4443232
20451031 12:00, 0.99278282554042, -0.4396089
20451101 12:00, 0.99253020066932, -0.4352787
20451102 12:00, 0.99227995185606, -0.4313874
20451103 12:00, 0.99203181750201, -0.4279573
20451104 12:00, 0.99178553376717, -0.4249729
20451105 12:00, 0.99154085749909, -0.4223779
20451106 12:00, 0.99129758988063, -0.4200758
20451107 12:00, 0.99105559764786, -0.4179378
20451108 12:00, 0.99081482807933, -0.4158166
20451109 12:00, 0.99057531470202, -0.4135639
20451110 12:00, 0.99033717286709, -0.4110470
20451111 12:00, 0.99010058707787, -0.4081604
20451112 12:00, 0.98986579385736, -0.4048296
20451113 12:00, 0.98963306425185, -0.4010087
20451114 12:00, 0.98940268900558, -0.3966742
20451115 12:00, 0.98917496782975, -0.3918173
20451116 12:00, 0.98895020276699, -0.3864378
20451117 12:00, 0.98872869474782, -0.3805393
20451118 12:00, 0.98851074201115, -0.3741273
20451119 12:00, 0.98829663894038, -0.3672099
20451120 12:00, 0.98808667389843, -0.3598006
20451121 12:00, 0.98788112478549, -0.3519230
20451122 12:00, 0.98768025135527, -0.3436175
20451123 12:00, 0.98748428393472, -0.3349465
20451124 12:00, 0.98729340917870, -0.3259991
20451125 12:00, 0.98710775473999, -0.3168901
20451126 12:00, 0.98692737583701, -0.3077539
20451127 12:00, 0.98675224705472, -0.2987330
20451128 12:00, 0.98658226190136, -0.2899632
20451129 12:00, 0.98641724084506, -0.2815596
20451130 12:00, 0.98625694656733, -0.2736058
20451201 12:00, 0.98610110389251, -0.2661486
20451202 12:00, 0.98594942166257, -0.2591968
20451203 12:00, 0.98580161441303, -0.2527224
20451204 12:00, 0.98565742242648, -0.2466649
20451205 12:00, 0.98551662912233, -0.2409365
20451206 12:00, 0.98537907474047, -0.2354297
20451207 12:00, 0.98524466520673, -0.2300261
20451208 12:00, 0.98511337532288, -0.2246073
20451209 12:00, 0.98498524616946, -0.2190637
20451210 12:00, 0.98486037764270, -0.2133021
20451211 12:00, 0.98473891792779, -0.2072487
20451212 12:00, 0.98462105206591, -0.2008493
20451213 12:00, 0.98450699151768, -0.1940661
20451214 12:00, 0.98439696595731, -0.1868729
20451215 12:00, 0.98429121774532, -0.1792513
20451216 12:00, 0.98418999883833, -0.1711860
20451217 12:00, 0.98409356937372, -0.1626637
20451218 12:00, 0.98400219678069, -0.1536728
20451219 12:00, 0.98391615396174, -0.1442067
20451220 12:00, 0.98383571486585, -0.1342697
20451221 12:00, 0.98376114577362, -0.1238856
20451222 12:00, 0.98369269111702, -0.1131077
20451223 12:00, 0.98363055397925, -0.1020270
20451224 12:00, 0.98357487360439, -0.0907732
20451225 12:00, 0.98352570464406, -0.0795071
20451226 12:00, 0.98348300409606, -0.0684024
20451227 12:00, 0.98344663062631, -0.0576220
20451228 12:00, 0.98341635727614, -0.0472965
20451229 12:00, 0.98339189431293, -0.0375113
20451230 12:00, 0.98337291652216, -0.0283043
20451231 12:00, 0.98335908950309, -0.0196708
20460101 12:00, 0.98335009162153, -0.0115728
20460102 12:00, 0.98334563058959, -0.0039481
20460103 12:00, 0.98334545511970,  0.0032819
20460104 12:00, 0.98334936256151,  0.0102060
20460105 12:00, 0.98335720324837,  0.0169181
20460106 12:00, 0.98336888193756,  0.0235121
20460107 12:00, 0.98338435655423,  0.0300775
20460108 12:00, 0.98340363454579,  0.0366956
20460109 12:00, 0.98342676742977,  0.0434375
20460110 12:00, 0.98345384439495,  0.0503626
20460111 12:00, 0.98348498593329,  0.0575202
20460112 12:00, 0.98352033837638,  0.0649509
20460113 12:00, 0.98356006991700,  0.0726902
20460114 12:00, 0.98360436828715,  0.0807708
20460115 12:00, 0.98365343979768,  0.0892244
20460116 12:00, 0.98370750893585,  0.0980821
20460117 12:00, 0.98376681715933,  0.1073708
20460118 12:00, 0.98383161895607,  0.1171073
20460119 12:00, 0.98390217285097,  0.1272866
20460120 12:00, 0.98397872527269,  0.1378694
20460121 12:00, 0.98406148666869,  0.1487689
20460122 12:00, 0.98415060232117,  0.1598464
20460123 12:00, 0.98424612420317,  0.1709204
20460124 12:00, 0.98434799261895,  0.1817907
20460125 12:00, 0.98445603472327,  0.1922711
20460126 12:00, 0.98456998115658,  0.2022174
20460127 12:00, 0.98468949531663,  0.2115420
20460128 12:00, 0.98481420639438,  0.2202127
20460129 12:00, 0.98494373853479,  0.2282419
20460130 12:00, 0.98507773231751,  0.2356718
20460131 12:00, 0.98521585838178,  0.2425626
20460201 12:00, 0.98535782500238,  0.2489833
20460202 12:00, 0.98550338182111,  0.2550075
20460203 12:00, 0.98565232144759,  0.2607102
20460204 12:00, 0.98580447990893,  0.2661665
20460205 12:00, 0.98595973632316,  0.2714503
20460206 12:00, 0.98611801183883,  0.2766330
20460207 12:00, 0.98627926782130,  0.2817823
20460208 12:00, 0.98644350339177,  0.2869612
20460209 12:00, 0.98661075261777,  0.2922277
20460210 12:00, 0.98678108179898,  0.2976355
20460211 12:00, 0.98695458730887,  0.3032353
20460212 12:00, 0.98713139430269,  0.3090764
20460213 12:00, 0.98731165627768,  0.3152078
20460214 12:00, 0.98749555496870,  0.3216780
20460215 12:00, 0.98768329938620,  0.3285321
20460216 12:00, 0.98787512201365,  0.3358048
20460217 12:00, 0.98807126951405,  0.3435081
20460218 12:00, 0.98827198530281,  0.3516159
20460219 12:00, 0.98847748286476,  0.3600487
20460220 12:00, 0.98868791229763,  0.3686665
20460221 12:00, 0.98890332740808,  0.3772790
20460222 12:00, 0.98912366382030,  0.3856731
20460223 12:00, 0.98934873657165,  0.3936506
20460224 12:00, 0.98957825838640,  0.4010594
20460225 12:00, 0.98981187170350,  0.4078091
20460226 12:00, 0.99004918386718,  0.4138670
20460227 12:00, 0.99028979690765,  0.4192444
20460228 12:00, 0.99053332814266,  0.4239804
20460301 12:00, 0.99077942199302,  0.4281281
20460302 12:00, 0.99102775546802,  0.4317461
20460303 12:00, 0.99127804005393,  0.4348947
20460304 12:00, 0.99153002211306,  0.4376344
20460305 12:00, 0.99178348305522,  0.4400261
20460306 12:00, 0.99203823981470,  0.4421322
20460307 12:00, 0.99229414566680,  0.4440161
20460308 12:00, 0.99255109115535,  0.4457433
20460309 12:00, 0.99280900485004,  0.4473800
20460310 12:00, 0.99306785375382,  0.4489930
20460311 12:00, 0.99332764335924,  0.4506487
20460312 12:00, 0.99358841750974,  0.4524134
20460313 12:00, 0.99385025826242,  0.4543532
20460314 12:00, 0.99411328579070,  0.4565340
20460315 12:00, 0.99437765795979,  0.4590200
20460316 12:00, 0.99464356854947,  0.4618705
20460317 12:00, 0.99491124227869,  0.4651317
20460318 12:00, 0.99518092409716,  0.4688250
20460319 12:00, 0.99545286025918,  0.4729308
20460320 12:00, 0.99572727032427,  0.4773743
20460321 12:00, 0.99600431289576,  0.4820195
20460322 12:00, 0.99628405257977,  0.4866802
20460323 12:00, 0.99656643833191,  0.4911479
20460324 12:00, 0.99685130097444,  0.4952280
20460325 12:00, 0.99713837048581,  0.4987696
20460326 12:00, 0.99742730614404,  0.5016796
20460327 12:00, 0.99771772948287,  0.5039187
20460328 12:00, 0.99800925210125,  0.5054892
20460329 12:00, 0.99830149485440,  0.5064185
20460330 12:00, 0.99859409878354,  0.5067473
20460331 12:00, 0.99888673006716,  0.5065210
20460401 12:00, 0.99917908160554,  0.5057863
20460402 12:00, 0.99947087335966,  0.5045904
20460403 12:00, 0.99976185284578,  0.5029818
20460404 12:00, 1.00005179651929,  0.5010125
20460405 12:00, 1.00034051224719,  0.4987396
20460406 12:00, 1.00062784267634,  0.4962265
20460407 12:00, 1.00091366905565,  0.4935434
20460408 12:00, 1.00119791497246,  0.4907666
20460409 12:00, 1.00148054951073,  0.4879772
20460410 12:00, 1.00176158948692,  0.4852589
20460411 12:00, 1.00204110057095,  0.4826968
20460412 12:00, 1.00231919713215,  0.4803742
20460413 12:00, 1.00259604045326,  0.4783694
20460414 12:00, 1.00287183449899,  0.4767508
20460415 12:00, 1.00314681782560,  0.4755682
20460416 12:00, 1.00342124980586,  0.4748417
20460417 12:00, 1.00369538968480,  0.4745487
20460418 12:00, 1.00396946867018,  0.4746135
20460419 12:00, 1.00424365836123,  0.4749063
20460420 12:00, 1.00451804216446,  0.4752547
20460421 12:00, 1.00479259762975,  0.4754693
20460422 12:00, 1.00506719505917,  0.4753730
20460423 12:00, 1.00534161209194,  0.4748250
20460424 12:00, 1.00561555857201,  0.4737319
20460425 12:00, 1.00588870391175,  0.4720460
20460426 12:00, 1.00616070071917,  0.4697549
20460427 12:00, 1.00643120173176,  0.4668694
20460428 12:00, 1.00669987001964,  0.4634129
20460429 12:00, 1.00696638406043,  0.4594144
20460430 12:00, 1.00723043976552,  0.4549051
20460501 12:00, 1.00749175134832,  0.4499174
20460502 12:00, 1.00775005248354,  0.4444865
20460503 12:00, 1.00800509872138,  0.4386534
20460504 12:00, 1.00825667164712,  0.4324679
20460505 12:00, 1.00850458480514,  0.4259912
20460506 12:00, 1.00874869094021,  0.4192980
20460507 12:00, 1.00898888969692,  0.4124759
20460508 12:00, 1.00922513465287,  0.4056235
20460509 12:00, 1.00945743852724,  0.3988462
20460510 12:00, 1.00968587560749,  0.3922507
20460511 12:00, 1.00991058076492,  0.3859391
20460512 12:00, 1.01013174470001,  0.3800015
20460513 12:00, 1.01034960513450,  0.3745092
20460514 12:00, 1.01056443357922,  0.3695067
20460515 12:00, 1.01077651731207,  0.3650026
20460516 12:00, 1.01098613669438,  0.3609633
20460517 12:00, 1.01119353921623,  0.3573087
20460518 12:00, 1.01139891349444,  0.3539163
20460519 12:00, 1.01160236796686,  0.3506337
20460520 12:00, 1.01180391901585,  0.3472980
20460521 12:00, 1.01200349110906,  0.3437572
20460522 12:00, 1.01220092805106,  0.3398862
20460523 12:00, 1.01239601139436,  0.3355949
20460524 12:00, 1.01258848091356,  0.3308281
20460525 12:00, 1.01277805292184,  0.3255585
20460526 12:00, 1.01296443413929,  0.3197786
20460527 12:00, 1.01314733070874,  0.3134928
20460528 12:00, 1.01332645320675,  0.3067113
20460529 12:00, 1.01350151907303,  0.2994474
20460530 12:00, 1.01367225399952,  0.2917165
20460531 12:00, 1.01383839370891,  0.2835384
20460601 12:00, 1.01399968733187,  0.2749404
20460602 12:00, 1.01415590326904,  0.2659628
20460603 12:00, 1.01430683793546,  0.2566631
20460604 12:00, 1.01445232707627,  0.2471204
20460605 12:00, 1.01459225846248,  0.2374357
20460606 12:00, 1.01472658393590,  0.2277289
20460607 12:00, 1.01485532832262,  0.2181312
20460608 12:00, 1.01497859297079,  0.2087744
20460609 12:00, 1.01509655260356,  0.1997788
20460610 12:00, 1.01520944545387,  0.1912425
20460611 12:00, 1.01531755773197,  0.1832324
20460612 12:00, 1.01542120402679,  0.1757791
20460613 12:00, 1.01552070531174,  0.1688738
20460614 12:00, 1.01561636616261,  0.1624688
20460615 12:00, 1.01570845292034,  0.1564804
20460616 12:00, 1.01579717485712,  0.1507962
20460617 12:00, 1.01588267058673,  0.1452858
20460618 12:00, 1.01596500154820,  0.1398147
20460619 12:00, 1.01604415321387,  0.1342565
20460620 12:00, 1.01612004306662,  0.1285033
20460621 12:00, 1.01619253302830,  0.1224710
20460622 12:00, 1.01626144345980,  0.1160995
20460623 12:00, 1.01632656619242,  0.1093494
20460624 12:00, 1.01638767496826,  0.1021965
20460625 12:00, 1.01644453271172,  0.0946266
20460626 12:00, 1.01649689591088,  0.0866311
20460627 12:00, 1.01654451695833,  0.0782042
20460628 12:00, 1.01658714563877,  0.0693427
20460629 12:00, 1.01662453114351,  0.0600484
20460630 12:00, 1.01665642607775,  0.0503324
20460701 12:00, 1.01668259384014,  0.0402221
20460702 12:00, 1.01670282032531,  0.0297693
20460703 12:00, 1.01671692993320,  0.0190564
20460704 12:00, 1.01672480432435,  0.0081992
20460705 12:00, 1.01672640059954, -0.0026583
20460706 12:00, 1.01672176443578, -0.0133562
20460707 12:00, 1.01671103409336, -0.0237370
20460708 12:00, 1.01669443336413, -0.0336649
20460709 12:00, 1.01667225457991, -0.0430402
20460710 12:00, 1.01664483522264, -0.0518069
20460711 12:00, 1.01661253244165, -0.0599525
20460712 12:00, 1.01657569898582, -0.0675036
20460713 12:00, 1.01653466260306, -0.0745189
20460714 12:00, 1.01648970973312, -0.0810815
20460715 12:00, 1.01644107369167, -0.0872910
20460716 12:00, 1.01638892737603, -0.0932556
20460717 12:00, 1.01633338046712, -0.0990848
20460718 12:00, 1.01627448089044, -0.1048821
20460719 12:00, 1.01621221988834, -0.1107394
20460720 12:00, 1.01614653960032, -0.1167344
20460721 12:00, 1.01607734176482, -0.1229295
20460722 12:00, 1.01600449617295, -0.1293734
20460723 12:00, 1.01592784780998, -0.1361038
20460724 12:00, 1.01584722209799, -0.1431512
20460725 12:00, 1.01576242817686, -0.1505421
20460726 12:00, 1.01567326065577, -0.1583005
20460727 12:00, 1.01557950072405, -0.1664486
20460728 12:00, 1.01548091794580, -0.1750039
20460729 12:00, 1.01537727445642, -0.1839733
20460730 12:00, 1.01526833348906, -0.1933443
20460731 12:00, 1.01515387386679, -0.2030735
20460801 12:00, 1.01503371087248, -0.2130768
20460802 12:00, 1.01490772153070, -0.2232245
20460803 12:00, 1.01477586934134, -0.2333490
20460804 12:00, 1.01463822148047, -0.2432630
20460805 12:00, 1.01449495231134, -0.2527873
20460806 12:00, 1.01434633115465, -0.2617760
20460807 12:00, 1.01419269761869, -0.2701332
20460808 12:00, 1.01403443127416, -0.2778161
20460809 12:00, 1.01387192248875, -0.2848284
20460810 12:00, 1.01370554872081, -0.2912090
20460811 12:00, 1.01353565756707, -0.2970207
20460812 12:00, 1.01336255583102, -0.3023407
20460813 12:00, 1.01318650313852, -0.3072542
20460814 12:00, 1.01300770876452, -0.3118497
20460815 12:00, 1.01282633079742, -0.3162155
20460816 12:00, 1.01264247716814, -0.3204365
20460817 12:00, 1.01245620824601, -0.3245921
20460818 12:00, 1.01226754066423, -0.3287541
20460819 12:00, 1.01207645189051, -0.3329864
20460820 12:00, 1.01188288493148, -0.3373446
20460821 12:00, 1.01168675254408, -0.3418780
20460822 12:00, 1.01148794045853, -0.3466313
20460823 12:00, 1.01128630938636, -0.3516468
20460824 12:00, 1.01108169597384, -0.3569657
20460825 12:00, 1.01087391335728, -0.3626280
20460826 12:00, 1.01066275257883, -0.3686693
20460827 12:00, 1.01044798677564, -0.3751145
20460828 12:00, 1.01022938055170, -0.3819662
20460829 12:00, 1.01000670680446, -0.3891906
20460830 12:00, 1.00977977181717, -0.3967039
20460831 12:00, 1.00954844621394, -0.4043673
20460901 12:00, 1.00931269516593, -0.4119952
20460902 12:00, 1.00907259851167, -0.4193814
20460903 12:00, 1.00882835308131, -0.4263328
20460904 12:00, 1.00858025577116, -0.4326999
20460905 12:00, 1.00832867318483, -0.4383920
20460906 12:00, 1.00807400734372, -0.4433757
20460907 12:00, 1.00781666563189, -0.4476633
20460908 12:00, 1.00755703899759, -0.4512970
20460909 12:00, 1.00729548853525, -0.4543361
20460910 12:00, 1.00703233845309, -0.4568479
20460911 12:00, 1.00676787299771, -0.4589029
20460912 12:00, 1.00650233540708, -0.4605725
20460913 12:00, 1.00623592772907, -0.4619278
20460914 12:00, 1.00596881100321, -0.4630396
20460915 12:00, 1.00570110571892, -0.4639774
20460916 12:00, 1.00543289262726, -0.4648092
20460917 12:00, 1.00516421395023, -0.4656004
20460918 12:00, 1.00489507489122, -0.4664137
20460919 12:00, 1.00462544520032, -0.4673093
20460920 12:00, 1.00435526047854, -0.4683453
20460921 12:00, 1.00408442297930, -0.4695793
20460922 12:00, 1.00381280192579, -0.4710682
20460923 12:00, 1.00354023383085, -0.4728679
20460924 12:00, 1.00326652398150, -0.4750298
20460925 12:00, 1.00299145105201, -0.4775931
20460926 12:00, 1.00271477746546, -0.4805723
20460927 12:00, 1.00243626804041, -0.4839419
20460928 12:00, 1.00215571779163, -0.4876210
20460929 12:00, 1.00187298601769, -0.4914680
20460930 12:00, 1.00158802903047, -0.4952920
20461001 12:00, 1.00130092112135, -0.4988814
20461002 12:00, 1.00101185582596, -0.5020410
20461003 12:00, 1.00072112699377, -0.5046223
20461004 12:00, 1.00042909694329, -0.5065373
20461005 12:00, 1.00013616212995, -0.5077541
20461006 12:00, 0.99984272446465, -0.5082830
20461007 12:00, 0.99954917169026, -0.5081602
20461008 12:00, 0.99925586627348, -0.5074353
20461009 12:00, 0.99896314036477, -0.5061627
20461010 12:00, 0.99867129414815, -0.5043983
20461011 12:00, 0.99838059550089, -0.5021981
20461012 12:00, 0.99809127968306, -0.4996193
20461013 12:00, 0.99780354847595, -0.4967208
20461014 12:00, 0.99751756869690, -0.4935649
20461015 12:00, 0.99723347032457, -0.4902169
20461016 12:00, 0.99695134458999, -0.4867455
20461017 12:00, 0.99667124235184, -0.4832217
20461018 12:00, 0.99639317293375, -0.4797182
20461019 12:00, 0.99611710343750, -0.4763084
20461020 12:00, 0.99584295846337, -0.4730660
20461021 12:00, 0.99557062026571, -0.4700637
20461022 12:00, 0.99529992971901, -0.4673716
20461023 12:00, 0.99503068907780, -0.4650523
20461024 12:00, 0.99476266826996, -0.4631534
20461025 12:00, 0.99449561704423, -0.4616950
20461026 12:00, 0.99422928507965, -0.4606547
20461027 12:00, 0.99396345039659, -0.4599551
20461028 12:00, 0.99369795282039, -0.4594602
20461029 12:00, 0.99343272504959, -0.4589878
20461030 12:00, 0.99316781192223, -0.4583374
20461031 12:00, 0.99290337128504, -0.4573237
20461101 12:00, 0.99263965669646, -0.4558038
20461102 12:00, 0.99237698880499, -0.4536887
20461103 12:00, 0.99211572465041, -0.4509399
20461104 12:00, 0.99185623198435, -0.4475564
20461105 12:00, 0.99159887160835, -0.4435610
20461106 12:00, 0.99134398731985, -0.4389883
20461107 12:00, 0.99109190134906, -0.4338774
20461108 12:00, 0.99084291286115, -0.4282687
20461109 12:00, 0.99059729750881, -0.4222035
20461110 12:00, 0.99035530664486, -0.4157250
20461111 12:00, 0.99011716540573, -0.4088810
20461112 12:00, 0.98988306939568, -0.4017265
20461113 12:00, 0.98965318013481, -0.3943248
20461114 12:00, 0.98942761977455, -0.3867488
20461115 12:00, 0.98920646579540, -0.3790801
20461116 12:00, 0.98898974644624, -0.3714072
20461117 12:00, 0.98877743756377, -0.3638226
20461118 12:00, 0.98856946119777, -0.3564195
20461119 12:00, 0.98836568630149, -0.3492878
20461120 12:00, 0.98816593177145, -0.3425101
20461121 12:00, 0.98796997240347, -0.3361555
20461122 12:00, 0.98777754877575, -0.3302719
20461123 12:00, 0.98758838235557, -0.3248757
20461124 12:00, 0.98740219674825, -0.3199413
20461125 12:00, 0.98721874448628, -0.3153935
20461126 12:00, 0.98703783613828, -0.3111075
20461127 12:00, 0.98685936586611, -0.3069216
20461128 12:00, 0.98668332676248, -0.3026594
20461129 12:00, 0.98650981169168, -0.2981559
20461130 12:00, 0.98633900014102, -0.2932787
20461201 12:00, 0.98617113605870, -0.2879376
20461202 12:00, 0.98600650338916, -0.2820834
20461203 12:00, 0.98584540474909, -0.2756988
20461204 12:00, 0.98568814594521, -0.2687883
20461205 12:00, 0.98553502651344, -0.2613678
20461206 12:00, 0.98538633495929, -0.2534587
20461207 12:00, 0.98524234685368, -0.2450841
20461208 12:00, 0.98510332400048, -0.2362687
20461209 12:00, 0.98496951319842, -0.2270403
20461210 12:00, 0.98484114349933, -0.2174331
20461211 12:00, 0.98471842128838, -0.2074921
20461212 12:00, 0.98460152301507, -0.1972766
20461213 12:00, 0.98449058600770, -0.1868630
20461214 12:00, 0.98438569844559, -0.1763448
20461215 12:00, 0.98428689007680, -0.1658302
20461216 12:00, 0.98419412544648, -0.1554356
20461217 12:00, 0.98410730111888, -0.1452786
20461218 12:00, 0.98402624772218, -0.1354686
20461219 12:00, 0.98395073690867, -0.1260989
20461220 12:00, 0.98388049282132, -0.1172397
20461221 12:00, 0.98381520751943, -0.1089310
20461222 12:00, 0.98375455986361, -0.1011775
20461223 12:00, 0.98369823721756, -0.0939447
20461224 12:00, 0.98364595867220, -0.0871574
20461225 12:00, 0.98359749738881, -0.0807048
20461226 12:00, 0.98355269866117, -0.0744502
20461227 12:00, 0.98351149026460, -0.0682475
20461228 12:00, 0.98347388309538, -0.0619578
20461229 12:00, 0.98343996259894, -0.0554636
20461230 12:00, 0.98340987385326, -0.0486766
20461231 12:00, 0.98338380429851, -0.0415380
20470101 12:00, 0.98336196770256, -0.0340144
20470102 12:00, 0.98334459158096, -0.0260903
20470103 12:00, 0.98333190875861, -0.0177618
20470104 12:00, 0.98332415260356, -0.0090302
20470105 12:00, 0.98332155480977,  0.0001004
20470106 12:00, 0.98332434433426,  0.0096245
20470107 12:00, 0.98333274603278,  0.0195329
20470108 12:00, 0.98334697758915,  0.0298091
20470109 12:00, 0.98336724351509,  0.0404229
20470110 12:00, 0.98339372542753,  0.0513241
20470111 12:00, 0.98342656863038,  0.0624364
20470112 12:00, 0.98346586625722,  0.0736555
20470113 12:00, 0.98351164360405,  0.0848519
20470114 12:00, 0.98356384619966,  0.0958809
20470115 12:00, 0.98362233497042,  0.1065969
20470116 12:00, 0.98368689035170,  0.1168693
20470117 12:00, 0.98375722495490,  0.1265957
20470118 12:00, 0.98383300248065,  0.1357099
20470119 12:00, 0.98391385977782,  0.1441853
20470120 12:00, 0.98399942930668,  0.1520329
20470121 12:00, 0.98408936015921,  0.1592984
20470122 12:00, 0.98418333653219,  0.1660567
20470123 12:00, 0.98428109282433,  0.1724057
20470124 12:00, 0.98438242448268,  0.1784574
20470125 12:00, 0.98448719374703,  0.1843293
20470126 12:00, 0.98459532985602,  0.1901345
20470127 12:00, 0.98470682409849,  0.1959736
20470128 12:00, 0.98482172101434,  0.2019299
20470129 12:00, 0.98494010766113,  0.2080674
20470130 12:00, 0.98506210292712,  0.2144327
20470131 12:00, 0.98518784843276,  0.2210587
20470201 12:00, 0.98531750185854,  0.2279689
20470202 12:00, 0.98545123281828,  0.2351817
20470203 12:00, 0.98558922080150,  0.2427132
20470204 12:00, 0.98573165425377,  0.2505783
20470205 12:00, 0.98587872949920,  0.2587889
20470206 12:00, 0.98603064790450,  0.2673495
20470207 12:00, 0.98618760950892,  0.2762495
20470208 12:00, 0.98634980152131,  0.2854534
20470209 12:00, 0.98651738096304,  0.2948907
20470210 12:00, 0.98669045257674,  0.3044504
20470211 12:00, 0.98686904567668,  0.3139837
20470212 12:00, 0.98705309578135,  0.3233179
20470213 12:00, 0.98724243701702,  0.3322787
20470214 12:00, 0.98743680854551,  0.3407152
20470215 12:00, 0.98763587372569,  0.3485182
20470216 12:00, 0.98783924690264,  0.3556275
20470217 12:00, 0.98804652158851,  0.3620301
20470218 12:00, 0.98825729529443,  0.3677512
20470219 12:00, 0.98847118884055,  0.3728447
20470220 12:00, 0.98868786007244,  0.3773835
20470221 12:00, 0.98890701291712,  0.3814532
20470222 12:00, 0.98912840279834,  0.3851458
20470223 12:00, 0.98935183909403,  0.3885554
20470224 12:00, 0.98957718499361,  0.3917735
20470225 12:00, 0.98980435501993,  0.3948858
20470226 12:00, 0.99003331062664,  0.3979687
20470227 12:00, 0.99026405453422,  0.4010886
20470228 12:00, 0.99049662465893,  0.4043013
20470301 12:00, 0.99073108850673,  0.4076536
20470302 12:00, 0.99096753872667,  0.4111863
20470303 12:00, 0.99120609019043,  0.4149360
20470304 12:00, 0.99144687854683,  0.4189383
20470305 12:00, 0.99169005972209,  0.4232279
20470306 12:00, 0.99193580929858,  0.4278375
20470307 12:00, 0.99218432011595,  0.4327931
20470308 12:00, 0.99243579590690,  0.4381047
20470309 12:00, 0.99269043862775,  0.4437537
20470310 12:00, 0.99294842794516,  0.4496794
20470311 12:00, 0.99320989367535,  0.4557690
20470312 12:00, 0.99347488571958,  0.4618601
20470313 12:00, 0.99374334957592,  0.4677579
20470314 12:00, 0.99401511604694,  0.4732656
20470315 12:00, 0.99428990963265,  0.4782168
20470316 12:00, 0.99456737310409,  0.4824971
20470317 12:00, 0.99484710027905,  0.4860511
20470318 12:00, 0.99512866812218,  0.4888740
20470319 12:00, 0.99541166231105,  0.4909981
20470320 12:00, 0.99569569449603,  0.4924790
20470321 12:00, 0.99598041236673,  0.4933846
20470322 12:00, 0.99626550474581,  0.4937884
20470323 12:00, 0.99655070377951,  0.4937666
20470324 12:00, 0.99683578561587,  0.4933953
20470325 12:00, 0.99712057026279,  0.4927499
20470326 12:00, 0.99740492083718,  0.4919042
20470327 12:00, 0.99768874220869,  0.4909288
20470328 12:00, 0.99797197905994,  0.4898909
20470329 12:00, 0.99825461353173,  0.4888529
20470330 12:00, 0.99853666278268,  0.4878738
20470331 12:00, 0.99881817687463,  0.4870088
20470401 12:00, 0.99909923733592,  0.4863118
20470402 12:00, 0.99937995652710,  0.4858359
20470403 12:00, 0.99966047752569,  0.4856342
20470404 12:00, 0.99994097365402,  0.4857579
20470405 12:00, 1.00022164602334,  0.4862508
20470406 12:00, 1.00050271670940,  0.4871395
20470407 12:00, 1.00078441481807,  0.4884191
20470408 12:00, 1.00106695348660,  0.4900368
20470409 12:00, 1.00135049857413,  0.4918805
20470410 12:00, 1.00163513431026,  0.4937815
20470411 12:00, 1.00192083541926,  0.4955343
20470412 12:00, 1.00220745568127,  0.4969318
20470413 12:00, 1.00249473761154,  0.4978011
20470414 12:00, 1.00278233956407,  0.4980259
20470415 12:00, 1.00306987061800,  0.4975510
20470416 12:00, 1.00335692333884,  0.4963721
20470417 12:00, 1.00364309850423,  0.4945192
20470418 12:00, 1.00392802056807,  0.4920420
20470419 12:00, 1.00421134562543,  0.4889990
20470420 12:00, 1.00449276460811,  0.4854517
20470421 12:00, 1.00477200413277,  0.4814621
20470422 12:00, 1.00504882664051,  0.4770922
20470423 12:00, 1.00532303068225,  0.4724052
20470424 12:00, 1.00559445160916,  0.4674654
20470425 12:00, 1.00586296256061,  0.4623394
20470426 12:00, 1.00612847549001,  0.4570950
20470427 12:00, 1.00639094198921,  0.4518014
20470428 12:00, 1.00665035380364,  0.4465285
20470429 12:00, 1.00690674308886,  0.4413464
20470430 12:00, 1.00716018254919,  0.4363253
20470501 12:00, 1.00741078553089,  0.4315356
20470502 12:00, 1.00765870584870,  0.4270469
20470503 12:00, 1.00790413657368,  0.4229247
20470504 12:00, 1.00814730625123,  0.4192250
20470505 12:00, 1.00838847025737,  0.4159827
20470506 12:00, 1.00862789472805,  0.4131972
20470507 12:00, 1.00886583148729,  0.4108173
20470508 12:00, 1.00910248532814,  0.4087308
20470509 12:00, 1.00933797946607,  0.4067696
20470510 12:00, 1.00957232867614,  0.4047312
20470511 12:00, 1.00980542923578,  0.4024139
20470512 12:00, 1.01003706913418,  0.3996492
20470513 12:00, 1.01026695416651,  0.3963227
20470514 12:00, 1.01049474056872,  0.3923765
20470515 12:00, 1.01072006516481,  0.3877988
20470516 12:00, 1.01094256787615,  0.3826096
20470517 12:00, 1.01116190566282,  0.3768461
20470518 12:00, 1.01137775959212,  0.3705531
20470519 12:00, 1.01158983758770,  0.3637783
20470520 12:00, 1.01179787517926,  0.3565696
20470521 12:00, 1.01200163592305,  0.3489763
20470522 12:00, 1.01220091247885,  0.3410503
20470523 12:00, 1.01239552875280,  0.3328481
20470524 12:00, 1.01258534307206,  0.3244326
20470525 12:00, 1.01277025204797,  0.3158735
20470526 12:00, 1.01295019461472,  0.3072476
20470527 12:00, 1.01312515570594,  0.2986372
20470528 12:00, 1.01329516912776,  0.2901289
20470529 12:00, 1.01346031933258,  0.2818111
20470530 12:00, 1.01362074187779,  0.2737719
20470531 12:00, 1.01377662225094,  0.2660955
20470601 12:00, 1.01392819238911,  0.2588575
20470602 12:00, 1.01407572367441,  0.2521173
20470603 12:00, 1.01421951470556,  0.2459079
20470604 12:00, 1.01435987222229,  0.2402223
20470605 12:00, 1.01449708480470,  0.2350030
20470606 12:00, 1.01463139166546,  0.2301368
20470607 12:00, 1.01476295224855,  0.2254631
20470608 12:00, 1.01489182443247,  0.2207953
20470609 12:00, 1.01501795778067,  0.2159499
20470610 12:00, 1.01514120338583,  0.2107732
20470611 12:00, 1.01526133609934,  0.2051562
20470612 12:00, 1.01537808170090,  0.1990372
20470613 12:00, 1.01549114208593,  0.1923934
20470614 12:00, 1.01560021446364,  0.1852294
20470615 12:00, 1.01570500369029,  0.1775655
20470616 12:00, 1.01580522891101,  0.1694297
20470617 12:00, 1.01590062649183,  0.1608531
20470618 12:00, 1.01599095121390,  0.1518684
20470619 12:00, 1.01607597732731,  0.1425106
20470620 12:00, 1.01615550059150,  0.1328197
20470621 12:00, 1.01622934195720,  0.1228435
20470622 12:00, 1.01629735307423,  0.1126409
20470623 12:00, 1.01635942333317,  0.1022840
20470624 12:00, 1.01641548769974,  0.0918584
20470625 12:00, 1.01646553426253,  0.0814620
20470626 12:00, 1.01650961028502,  0.0712011
20470627 12:00, 1.01654782567483,  0.0611854
20470628 12:00, 1.01658035308776,  0.0515213
20470629 12:00, 1.01660742420458,  0.0423056
20470630 12:00, 1.01662932188600,  0.0336175
20470701 12:00, 1.01664636789009,  0.0255111
20470702 12:00, 1.01665890581238,  0.0180065
20470703 12:00, 1.01666727924736,  0.0110825
20470704 12:00, 1.01667180621075,  0.0046714
20470705 12:00, 1.01667275256739, -0.0013388
20470706 12:00, 1.01667030888697, -0.0070944
20470707 12:00, 1.01666457562112, -0.0127576
20470708 12:00, 1.01665555991006, -0.0184859
20470709 12:00, 1.01664318407434, -0.0244132
20470710 12:00, 1.01662730253520, -0.0306395
20470711 12:00, 1.01660772218991, -0.0372298
20470712 12:00, 1.01658422164911, -0.0442185
20470713 12:00, 1.01655656648390, -0.0516176
20470714 12:00, 1.01652451959715, -0.0594255
20470715 12:00, 1.01648784727801, -0.0676332
20470716 12:00, 1.01644632224845, -0.0762277
20470717 12:00, 1.01639972523655, -0.0851943
20470718 12:00, 1.01634784655339, -0.0945142
20470719 12:00, 1.01629048896079, -0.1041623
20470720 12:00, 1.01622747282938, -0.1141019
20470721 12:00, 1.01615864415070, -0.1242802
20470722 12:00, 1.01608388531387, -0.1346234
20470723 12:00, 1.01600312769851, -0.1450356
20470724 12:00, 1.01591636423705, -0.1554003
20470725 12:00, 1.01582365949305, -0.1655874
20470726 12:00, 1.01572515483176, -0.1754630
20470727 12:00, 1.01562106704113, -0.1849017
20470728 12:00, 1.01551168002706, -0.1937984
20470729 12:00, 1.01539733042284, -0.2020769
20470730 12:00, 1.01527838867885, -0.2096970
20470731 12:00, 1.01515523736967, -0.2166574
20470801 12:00, 1.01502824837072, -0.2229962
20470802 12:00, 1.01489776058657, -0.2287887
20470803 12:00, 1.01476406017876, -0.2341410
20470804 12:00, 1.01462736548987, -0.2391799
20470805 12:00, 1.01448781863771, -0.2440402
20470806 12:00, 1.01434548477920, -0.2488515
20470807 12:00, 1.01420035851111, -0.2537272
20470808 12:00, 1.01405237539645, -0.2587576
20470809 12:00, 1.01390142580767, -0.2640089
20470810 12:00, 1.01374736839368, -0.2695255
20470811 12:00, 1.01359004128024, -0.2753351
20470812 12:00, 1.01342927015651, -0.2814539
20470813 12:00, 1.01326487332166, -0.2878919
20470814 12:00, 1.01309666440993, -0.2946557
20470815 12:00, 1.01292445390454, -0.3017496
20470816 12:00, 1.01274805077884, -0.3091740
20470817 12:00, 1.01256726572572, -0.3169216
20470818 12:00, 1.01238191741708, -0.3249710
20470819 12:00, 1.01219184292747, -0.3332785
20470820 12:00, 1.01199691265012, -0.3417713
20470821 12:00, 1.01179704861575, -0.3503432
20470822 12:00, 1.01159224332778, -0.3588575
20470823 12:00, 1.01138257478415, -0.3671573
20470824 12:00, 1.01116821325146, -0.3750832
20470825 12:00, 1.01094941711088, -0.3824926
20470826 12:00, 1.01072651810749, -0.3892762
20470827 12:00, 1.01049989911753, -0.3953671
20470828 12:00, 1.01026996879581, -0.4007428
20470829 12:00, 1.01003713697270, -0.4054208
20470830 12:00, 1.00980179322982, -0.4094523
20470831 12:00, 1.00956428969171, -0.4129146
20470901 12:00, 1.00932492826571, -0.4159030
20470902 12:00, 1.00908395231582, -0.4185237
20470903 12:00, 1.00884154273468, -0.4208856
20470904 12:00, 1.00859781825889, -0.4230939
20470905 12:00, 1.00835283953601, -0.4252438
20470906 12:00, 1.00810661600013, -0.4274169
20470907 12:00, 1.00785911426036, -0.4296800
20470908 12:00, 1.00761026662101, -0.4320853
20470909 12:00, 1.00735997856815, -0.4346740
20470910 12:00, 1.00710813448505, -0.4374787
20470911 12:00, 1.00685460137030, -0.4405274
20470912 12:00, 1.00659923083382, -0.4438457
20470913 12:00, 1.00634186011097, -0.4474577
20470914 12:00, 1.00608231328001, -0.4513844
20470915 12:00, 1.00582040429459, -0.4556388
20470916 12:00, 1.00555594375503, -0.4602178
20470917 12:00, 1.00528875127280, -0.4650914
20470918 12:00, 1.00501867440092, -0.4701911
20470919 12:00, 1.00474561304624, -0.4754037
20470920 12:00, 1.00446954528084, -0.4805732
20470921 12:00, 1.00419054784402, -0.4855175
20470922 12:00, 1.00390880440284, -0.4900533
20470923 12:00, 1.00362459793394, -0.4940242
20470924 12:00, 1.00333828904168, -0.4973200
20470925 12:00, 1.00305028645341, -0.4998842
20470926 12:00, 1.00276101698563, -0.5017094
20470927 12:00, 1.00247090021224, -0.5028260
20470928 12:00, 1.00218032990318, -0.5032910
20470929 12:00, 1.00188966185574, -0.5031776
20470930 12:00, 1.00159920664719, -0.5025682
20471001 12:00, 1.00130922580806, -0.5015495
20471002 12:00, 1.00101993037245, -0.5002092
20471003 12:00, 1.00073148124698, -0.4986328
20471004 12:00, 1.00044399111761, -0.4969013
20471005 12:00, 1.00015752764771, -0.4950894
20471006 12:00, 0.99987211759135, -0.4932639
20471007 12:00, 0.99958775128476, -0.4914842
20471008 12:00, 0.99930438689709, -0.4898026
20471009 12:00, 0.99902195388026, -0.4882665
20471010 12:00, 0.99874035526442, -0.4869204
20471011 12:00, 0.99845946878214, -0.4858077
20471012 12:00, 0.99817914725909, -0.4849711
20471013 12:00, 0.99789921928122, -0.4844512
20471014 12:00, 0.99761949181654, -0.4842812
20471015 12:00, 0.99733975709729, -0.4844769
20471016 12:00, 0.99705980627992, -0.4850237
20471017 12:00, 0.99677945153237, -0.4858612
20471018 12:00, 0.99649855558979, -0.4868738
20471019 12:00, 0.99621706365600, -0.4878935
20471020 12:00, 0.99593502873901, -0.4887196
20471021 12:00, 0.99565262126613, -0.4891522
20471022 12:00, 0.99537011877556, -0.4890252
20471023 12:00, 0.99508787920276, -0.4882284
20471024 12:00, 0.99480630677744, -0.4867111
20471025 12:00, 0.99452581983807, -0.4844728
20471026 12:00, 0.99424682619497, -0.4815478
20471027 12:00, 0.99396970729471, -0.4779910
20471028 12:00, 0.99369480960204, -0.4738672
20471029 12:00, 0.99342244068428, -0.4692457
20471030 12:00, 0.99315286778025, -0.4641966
20471031 12:00, 0.99288631739853, -0.4587907
20471101 12:00, 0.99262297523867, -0.4530986
20471102 12:00, 0.99236298626075, -0.4471906
20471103 12:00, 0.99210645499757, -0.4411363
20471104 12:00, 0.99185344624375, -0.4350036
20471105 12:00, 0.99160398614047, -0.4288584
20471106 12:00, 0.99135806349993, -0.4227641
20471107 12:00, 0.99111563107768, -0.4167822
20471108 12:00, 0.99087660648534, -0.4109731
20471109 12:00, 0.99064087259746, -0.4053968
20471110 12:00, 0.99040827767717, -0.4001130
20471111 12:00, 0.99017863604087, -0.3951789
20471112 12:00, 0.98995173086706, -0.3906439
20471113 12:00, 0.98972732155831, -0.3865389
20471114 12:00, 0.98950515843505, -0.3828616
20471115 12:00, 0.98928500668168, -0.3795602
20471116 12:00, 0.98906667858314, -0.3765225
20471117 12:00, 0.98885006839598, -0.3735791
20471118 12:00, 0.98863517998847, -0.3705248
20471119 12:00, 0.98842213733404, -0.3671553
20471120 12:00, 0.98821117373412, -0.3633015
20471121 12:00, 0.98800260417781, -0.3588514
20471122 12:00, 0.98779679083089, -0.3537528
20471123 12:00, 0.98759411138638, -0.3480015
20471124 12:00, 0.98739493573901, -0.3416260
20471125 12:00, 0.98719961181705, -0.3346718
20471126 12:00, 0.98700845860781, -0.3271923
20471127 12:00, 0.98682176359528, -0.3192427
20471128 12:00, 0.98663978219374, -0.3108788
20471129 12:00, 0.98646273754108, -0.3021567
20471130 12:00, 0.98629081978493, -0.2931347
20471201 12:00, 0.98612418459958, -0.2838741
20471202 12:00, 0.98596295108177, -0.2744404
20471203 12:00, 0.98580719939425, -0.2649029
20471204 12:00, 0.98565696857066, -0.2553345
20471205 12:00, 0.98551225479470, -0.2458106
20471206 12:00, 0.98537301028657, -0.2364078
20471207 12:00, 0.98523914276761, -0.2272034
20471208 12:00, 0.98511051544402, -0.2182741
20471209 12:00, 0.98498694764933, -0.2096948
20471210 12:00, 0.98486821676191, -0.2015353
20471211 12:00, 0.98475406272452, -0.1938540
20471212 12:00, 0.98464419722413, -0.1866882
20471213 12:00, 0.98453831986273, -0.1800400
20471214 12:00, 0.98443614272541, -0.1738620
20471215 12:00, 0.98433742201552, -0.1680482
20471216 12:00, 0.98424199127582, -0.1624388
20471217 12:00, 0.98414978730612, -0.1568408
20471218 12:00, 0.98406086026507, -0.1510605
20471219 12:00, 0.98397536468561, -0.1449346
20471220 12:00, 0.98389353541255, -0.1383501
20471221 12:00, 0.98381565713930, -0.1312467
20471222 12:00, 0.98374203603132, -0.1236081
20471223 12:00, 0.98367297839025, -0.1154478
20471224 12:00, 0.98360877737487, -0.1067959
20471225 12:00, 0.98354970627648, -0.0976898
20471226 12:00, 0.98349601595259, -0.0881694
20471227 12:00, 0.98344793415976, -0.0782748
20471228 12:00, 0.98340566507770, -0.0680476
20471229 12:00, 0.98336938793196, -0.0575332
20471230 12:00, 0.98333925417956, -0.0467828
20471231 12:00, 0.98331538320728, -0.0358565
20480101 12:00, 0.98329785690763, -0.0248243
20480102 12:00, 0.98328671381437, -0.0137661
20480103 12:00, 0.98328194364291, -0.0027708
20480104 12:00, 0.98328348305133,  0.0080673
20480105 12:00, 0.98329121323960,  0.0186512
20480106 12:00, 0.98330495975023,  0.0288858
20480107 12:00, 0.98332449468876,  0.0386820
20480108 12:00, 0.98334954168151,  0.0479619
20480109 12:00, 0.98337978423539,  0.0566657
20480110 12:00, 0.98341487855916,  0.0647604
20480111 12:00, 0.98345447192526,  0.0722498
20480112 12:00, 0.98349822677879,  0.0791837
20480113 12:00, 0.98354584876920,  0.0856619
20480114 12:00, 0.98359711420201,  0.0918274
20480115 12:00, 0.98365189058517,  0.0978491
20480116 12:00, 0.98371014469457,  0.1038976
20480117 12:00, 0.98377193625376,  0.1101208
20480118 12:00, 0.98383740008389,  0.1166293
20480119 12:00, 0.98390672271839,  0.1234918
20480120 12:00, 0.98398011962244,  0.1307410
20480121 12:00, 0.98405781704182,  0.1383835
20480122 12:00, 0.98414003983195,  0.1464095
20480123 12:00, 0.98422700463130,  0.1548014
20480124 12:00, 0.98431891677123,  0.1635381
20480125 12:00, 0.98441596910607,  0.1725976
20480126 12:00, 0.98451834112834,  0.1819554
20480127 12:00, 0.98462619705769,  0.1915824
20480128 12:00, 0.98473968197000,  0.2014408
20480129 12:00, 0.98485891548474,  0.2114796
20480130 12:00, 0.98498398309952,  0.2216310
20480131 12:00, 0.98511492593941,  0.2318091
20480201 12:00, 0.98525173035434,  0.2419107
20480202 12:00, 0.98539431922669,  0.2518202
20480203 12:00, 0.98554254682519,  0.2614171
20480204 12:00, 0.98569619850779,  0.2705848
20480205 12:00, 0.98585499574065,  0.2792200
20480206 12:00, 0.98601860613069,  0.2872408
20480207 12:00, 0.98618665775819,  0.2945933
20480208 12:00, 0.98635875704908,  0.3012572
20480209 12:00, 0.98653450945322,  0.3072499
20480210 12:00, 0.98671354190966,  0.3126285
20480211 12:00, 0.98689552531154,  0.3174873
20480212 12:00, 0.98708019421222,  0.3219507
20480213 12:00, 0.98726736053133,  0.3261598
20480214 12:00, 0.98745691869956,  0.3302564
20480215 12:00, 0.98764884158606,  0.3343680
20480216 12:00, 0.98784316890333,  0.3385974
20480217 12:00, 0.98803999145514,  0.3430188
20480218 12:00, 0.98823943491105,  0.3476793
20480219 12:00, 0.98844164590713,  0.3526055
20480220 12:00, 0.98864678186246,  0.3578094
20480221 12:00, 0.98885500460702,  0.3632951
20480222 12:00, 0.98906647704812,  0.3690627
20480223 12:00, 0.98928136165160,  0.3751107
20480224 12:00, 0.98949981933680,  0.3814350
20480225 12:00, 0.98972200735085,  0.3880262
20480226 12:00, 0.98994807476560,  0.3948645
20480227 12:00, 0.99017815450723,  0.4019126
20480228 12:00, 0.99041235143656,  0.4091095
20480229 12:00, 0.99065072706080,  0.4163656
20480301 12:00, 0.99089328287342,  0.4235634
20480302 12:00, 0.99113994562988,  0.4305632
20480303 12:00, 0.99139055834845,  0.4372172
20480304 12:00, 0.99164487993193,  0.4433848
20480305 12:00, 0.99190259420460,  0.4489488
20480306 12:00, 0.99216332679434,  0.4538264
20480307 12:00, 0.99242666677187,  0.4579742
20480308 12:00, 0.99269218977358,  0.4613886
20480309 12:00, 0.99295948012245,  0.4641026
20480310 12:00, 0.99322815046247,  0.4661804
20480311 12:00, 0.99349785806287,  0.4677111
20480312 12:00, 0.99376831713110,  0.4688014
20480313 12:00, 0.99403930647267,  0.4695669
20480314 12:00, 0.99431067202006,  0.4701230
20480315 12:00, 0.99458232429780,  0.4705766
20480316 12:00, 0.99485423167371,  0.4710203
20480317 12:00, 0.99512641093572,  0.4715291
20480318 12:00, 0.99539891703167,  0.4721604
20480319 12:00, 0.99567183362502,  0.4729567
20480320 12:00, 0.99594526558207,  0.4739496
20480321 12:00, 0.99621933383955,  0.4751639
20480322 12:00, 0.99649417248029,  0.4766207
20480323 12:00, 0.99676992733798,  0.4783398
20480324 12:00, 0.99704675504015,  0.4803385
20480325 12:00, 0.99732482104507,  0.4826293
20480326 12:00, 0.99760429495438,  0.4852127
20480327 12:00, 0.99788534134332,  0.4880690
20480328 12:00, 0.99816810485254,  0.4911474
20480329 12:00, 0.99845268967890,  0.4943576
20480330 12:00, 0.99873913593846,  0.4975684
20480331 12:00, 0.99902739795219,  0.5006163
20480401 12:00, 0.99931733080755,  0.5033252
20480402 12:00, 0.99960869013654,  0.5055311
20480403 12:00, 0.99990114602116,  0.5071047
20480404 12:00, 1.00019430737100,  0.5079647
20480405 12:00, 1.00048775056179,  0.5080793
20480406 12:00, 1.00078104653650,  0.5074599
20480407 12:00, 1.00107378290920,  0.5061511
20480408 12:00, 1.00136558012932,  0.5042204
20480409 12:00, 1.00165610234705,  0.5017505
20480410 12:00, 1.00194506411717,  0.4988324
20480411 12:00, 1.00223223389398,  0.4955608
20480412 12:00, 1.00251743489416,  0.4920301
20480413 12:00, 1.00280054366304,  0.4883301
20480414 12:00, 1.00308148667823,  0.4845433
20480415 12:00, 1.00336023549855,  0.4807432
20480416 12:00, 1.00363680116965,  0.4769930
20480417 12:00, 1.00391122869510,  0.4733473
20480418 12:00, 1.00418359230683,  0.4698533
20480419 12:00, 1.00445399202887,  0.4665534
20480420 12:00, 1.00472255166877,  0.4634878
20480421 12:00, 1.00498941792976,  0.4606958
20480422 12:00, 1.00525475982483,  0.4582151
20480423 12:00, 1.00551876699549,  0.4560785
20480424 12:00, 1.00578164495463,  0.4543066
20480425 12:00, 1.00604360491617,  0.4528964
20480426 12:00, 1.00630484622285,  0.4518074
20480427 12:00, 1.00656553106426,  0.4509500
20480428 12:00, 1.00682575444340,  0.4501816
20480429 12:00, 1.00708551623155,  0.4493186
20480430 12:00, 1.00734470418998,  0.4481618
20480501 12:00, 1.00760309459920,  0.4465296
20480502 12:00, 1.00786037090456,  0.4442857
20480503 12:00, 1.00811615422313,  0.4413513
20480504 12:00, 1.00837003667159,  0.4377033
20480505 12:00, 1.00862161014112,  0.4333617
20480506 12:00, 1.00887048709996,  0.4283754
20480507 12:00, 1.00911631352298,  0.4228098
20480508 12:00, 1.00935877587121,  0.4167385
20480509 12:00, 1.00959760434256,  0.4102390
20480510 12:00, 1.00983257409824,  0.4033892
20480511 12:00, 1.01006350545010,  0.3962672
20480512 12:00, 1.01029026341089,  0.3889497
20480513 12:00, 1.01051275668309,  0.3815111
20480514 12:00, 1.01073093608350,  0.3740227
20480515 12:00, 1.01094479249278,  0.3665519
20480516 12:00, 1.01115435457562,  0.3591621
20480517 12:00, 1.01135968663476,  0.3519135
20480518 12:00, 1.01156088696544,  0.3448638
20480519 12:00, 1.01175808691988,  0.3380700
20480520 12:00, 1.01195145055624,  0.3315883
20480521 12:00, 1.01214117422140,  0.3254739
20480522 12:00, 1.01232748471795,  0.3197762
20480523 12:00, 1.01251063393093,  0.3145308
20480524 12:00, 1.01269088725193,  0.3097464
20480525 12:00, 1.01286850346539,  0.3053887
20480526 12:00, 1.01304370576631,  0.3013670
20480527 12:00, 1.01321664755115,  0.2975311
20480528 12:00, 1.01338738122323,  0.2936856
20480529 12:00, 1.01355584028960,  0.2896202
20480530 12:00, 1.01372184169134,  0.2851472
20480531 12:00, 1.01388510757506,  0.2801295
20480601 12:00, 1.01404529848688,  0.2744912
20480602 12:00, 1.01420204769112,  0.2682116
20480603 12:00, 1.01435498911840,  0.2613110
20480604 12:00, 1.01450377616653,  0.2538342
20480605 12:00, 1.01464809224349,  0.2458386
20480606 12:00, 1.01478765556894,  0.2373864
20480607 12:00, 1.01492222081751,  0.2285413
20480608 12:00, 1.01505157952473,  0.2193673
20480609 12:00, 1.01517556037453,  0.2099291
20480610 12:00, 1.01529402982067,  0.2002929
20480611 12:00, 1.01540689304772,  0.1905268
20480612 12:00, 1.01551409504997,  0.1807004
20480613 12:00, 1.01561562156910,  0.1708850
20480614 12:00, 1.01571149972792,  0.1611526
20480615 12:00, 1.01580179835237,  0.1515756
20480616 12:00, 1.01588662809347,  0.1422264
20480617 12:00, 1.01596614145002,  0.1331775
20480618 12:00, 1.01604053257585,  0.1245004
20480619 12:00, 1.01611003628694,  0.1162638
20480620 12:00, 1.01617492498415,  0.1085280
20480621 12:00, 1.01623550142887,  0.1013358
20480622 12:00, 1.01629208484541,  0.0946989
20480623 12:00, 1.01634498837301,  0.0885821
20480624 12:00, 1.01639448820637,  0.0828914
20480625 12:00, 1.01644078886020,  0.0774739
20480626 12:00, 1.01648399316043,  0.0721346
20480627 12:00, 1.01652408661844,  0.0666681
20480628 12:00, 1.01656094168025,  0.0608937
20480629 12:00, 1.01659433975822,  0.0546797
20480630 12:00, 1.01662400278581,  0.0479517
20480701 12:00, 1.01664962478016,  0.0406855
20480702 12:00, 1.01667089696155,  0.0328929
20480703 12:00, 1.01668752431591,  0.0246076
20480704 12:00, 1.01669923465290,  0.0158735
20480705 12:00, 1.01670578256106,  0.0067386
20480706 12:00, 1.01670695069754, -0.0027480
20480707 12:00, 1.01670255028707, -0.0125363
20480708 12:00, 1.01669242201443, -0.0225741
20480709 12:00, 1.01667643787974, -0.0328048
20480710 12:00, 1.01665450410063, -0.0431662
20480711 12:00, 1.01662656479333, -0.0535893
20480712 12:00, 1.01659260595275, -0.0639982
20480713 12:00, 1.01655265918713, -0.0743109
20480714 12:00, 1.01650680473166, -0.0844414
20480715 12:00, 1.01645517340930, -0.0943009
20480716 12:00, 1.01639794732088, -0.1038009
20480717 12:00, 1.01633535900704, -0.1128560
20480718 12:00, 1.01626768854609, -0.1213879
20480719 12:00, 1.01619525754959, -0.1293322
20480720 12:00, 1.01611841848688, -0.1366484
20480721 12:00, 1.01603753763385, -0.1433314
20480722 12:00, 1.01595297079862, -0.1494243
20480723 12:00, 1.01586503325580, -0.1550248
20480724 12:00, 1.01577396862734, -0.1602814
20480725 12:00, 1.01567992410718, -0.1653755
20480726 12:00, 1.01558293917639, -0.1704937
20480727 12:00, 1.01548295094828, -0.1757998
20480728 12:00, 1.01537981347124, -0.1814156
20480729 12:00, 1.01527332415183, -0.1874156
20480730 12:00, 1.01516324995380, -0.1938322
20480731 12:00, 1.01504934845309, -0.2006676
20480801 12:00, 1.01493138205515, -0.2079048
20480802 12:00, 1.01480912608265, -0.2155171
20480803 12:00, 1.01468237257442, -0.2234741
20480804 12:00, 1.01455093181428, -0.2317432
20480805 12:00, 1.01441463330625, -0.2402900
20480806 12:00, 1.01427332745534, -0.2490763
20480807 12:00, 1.01412688873805, -0.2580564
20480808 12:00, 1.01397522067397, -0.2671748
20480809 12:00, 1.01381826243168, -0.2763633
20480810 12:00, 1.01365599643886, -0.2855404
20480811 12:00, 1.01348845599035, -0.2946117
20480812 12:00, 1.01331573166120, -0.3034739
20480813 12:00, 1.01313797539758, -0.3120188
20480814 12:00, 1.01295540143875, -0.3201398
20480815 12:00, 1.01276828356810, -0.3277386
20480816 12:00, 1.01257694841520, -0.3347317
20480817 12:00, 1.01238176454643, -0.3410586
20480818 12:00, 1.01218312700890, -0.3466895
20480819 12:00, 1.01198143715572, -0.3516336
20480820 12:00, 1.01177707836148, -0.3559446
20480821 12:00, 1.01157038975166, -0.3597216
20480822 12:00, 1.01136164184932, -0.3631010
20480823 12:00, 1.01115101900891, -0.3662415
20480824 12:00, 1.01093861260850, -0.3693029
20480825 12:00, 1.01072442614763, -0.3724270
20480826 12:00, 1.01050838994135, -0.3757239
20480827 12:00, 1.01029038079080, -0.3792687
20480828 12:00, 1.01007024177228, -0.3831043
20480829 12:00, 1.00984779871177, -0.3872489
20480830 12:00, 1.00962287189738, -0.3917047
20480831 12:00, 1.00939528321810, -0.3964651
20480901 12:00, 1.00916485986728, -0.4015189
20480902 12:00, 1.00893143610971, -0.4068528
20480903 12:00, 1.00869485462190, -0.4124508
20480904 12:00, 1.00845496876068, -0.4182914
20480905 12:00, 1.00821164686411, -0.4243433
20480906 12:00, 1.00796477930675, -0.4305605
20480907 12:00, 1.00771428844574, -0.4368777
20480908 12:00, 1.00746014077923, -0.4432073
20480909 12:00, 1.00720235971304, -0.4494401
20480910 12:00, 1.00694103659189, -0.4554513
20480911 12:00, 1.00667633747302, -0.4611090
20480912 12:00, 1.00640850371540, -0.4662862
20480913 12:00, 1.00613784566224, -0.4708729
20480914 12:00, 1.00586473000306, -0.4747854
20480915 12:00, 1.00558956228670, -0.4779737
20480916 12:00, 1.00531276632687, -0.4804250
20480917 12:00, 1.00503476212202, -0.4821652
20480918 12:00, 1.00475594381459, -0.4832576
20480919 12:00, 1.00447665938750, -0.4837976
20480920 12:00, 1.00419719411645, -0.4839052
20480921 12:00, 1.00391775983992, -0.4837127
20480922 12:00, 1.00363849147229, -0.4833520
20480923 12:00, 1.00335945085551, -0.4829424
20480924 12:00, 1.00308063649475, -0.4825830
20480925 12:00, 1.00280199662499, -0.4823487
20480926 12:00, 1.00252344282345, -0.4822920
20480927 12:00, 1.00224486195567, -0.4824468
20480928 12:00, 1.00196612522933, -0.4828344
20480929 12:00, 1.00168709411368, -0.4834681
20480930 12:00, 1.00140762362921, -0.4843573
20481001 12:00, 1.00112756399053, -0.4855093
20481002 12:00, 1.00084676187090, -0.4869289
20481003 12:00, 1.00056506272899, -0.4886147
20481004 12:00, 1.00028231569653, -0.4905542
20481005 12:00, 0.99999838235771, -0.4927154
20481006 12:00, 0.99971315014468, -0.4950396
20481007 12:00, 0.99942654984356, -0.4974349
20481008 12:00, 0.99913857492806, -0.4997765
20481009 12:00, 0.99884929869606, -0.5019149
20481010 12:00, 0.99855888448909, -0.5036910
20481011 12:00, 0.99826758544439, -0.5049562
20481012 12:00, 0.99797573306355, -0.5055902
20481013 12:00, 0.99768371702320, -0.5055132
20481014 12:00, 0.99739196052026, -0.5046891
20481015 12:00, 0.99710089540574, -0.5031230
20481016 12:00, 0.99681094000630, -0.5008555
20481017 12:00, 0.99652248095056, -0.4979546
20481018 12:00, 0.99623585927172, -0.4945089
20481019 12:00, 0.99595136069264, -0.4906202
20481020 12:00, 0.99566921002321, -0.4863964
20481021 12:00, 0.99538956962962, -0.4819448
20481022 12:00, 0.99511254173875, -0.4773654
20481023 12:00, 0.99483817392922, -0.4727467
20481024 12:00, 0.99456646672229, -0.4681631
20481025 12:00, 0.99429738193806, -0.4636744
20481026 12:00, 0.99403085053784, -0.4593280
20481027 12:00, 0.99376677899951, -0.4551618
20481028 12:00, 0.99350505375139, -0.4512080
20481029 12:00, 0.99324554370300, -0.4474955
20481030 12:00, 0.99298810139959, -0.4440521
20481031 12:00, 0.99273256379422, -0.4409037
20481101 12:00, 0.99247875409210, -0.4380712
20481102 12:00, 0.99222648653408, -0.4355634
20481103 12:00, 0.99197557615432, -0.4333667
20481104 12:00, 0.99172585507534, -0.4314335
20481105 12:00, 0.99147719531837, -0.4296722
20481106 12:00, 0.99122953529314, -0.4279451
20481107 12:00, 0.99098290396864, -0.4260792
20481108 12:00, 0.99073743520188, -0.4238889
20481109 12:00, 0.99049336666675, -0.4212049
20481110 12:00, 0.99025102298026, -0.4178987
20481111 12:00, 0.99001078807108, -0.4138943
20481112 12:00, 0.98977307438535, -0.4091678
20481113 12:00, 0.98953829536703, -0.4037377
20481114 12:00, 0.98930684447718, -0.3976528
20481115 12:00, 0.98907908104095, -0.3909809
20481116 12:00, 0.98885532157487, -0.3838012
20481117 12:00, 0.98863583491084, -0.3761990
20481118 12:00, 0.98842083982892, -0.3682619
20481119 12:00, 0.98821050448480, -0.3600771
20481120 12:00, 0.98800494733740, -0.3517291
20481121 12:00, 0.98780423943248, -0.3432973
20481122 12:00, 0.98760840781804, -0.3348545
20481123 12:00, 0.98741743967799, -0.3264658
20481124 12:00, 0.98723128660697, -0.3181894
20481125 12:00, 0.98704986840871, -0.3100777
20481126 12:00, 0.98687307591889, -0.3021789
20481127 12:00, 0.98670077262520, -0.2945397
20481128 12:00, 0.98653279526091, -0.2872062
20481129 12:00, 0.98636895407906, -0.2802238
20481130 12:00, 0.98620903416734, -0.2736334
20481201 12:00, 0.98605279987261, -0.2674641
20481202 12:00, 0.98590000491686, -0.2617213
20481203 12:00, 0.98575041054678, -0.2563710
20481204 12:00, 0.98560381229598, -0.2513267
20481205 12:00, 0.98546007227116, -0.2464450
20481206 12:00, 0.98531914938059, -0.2415375
20481207 12:00, 0.98518111754880, -0.2364000
20481208 12:00, 0.98504616463364, -0.2308481
20481209 12:00, 0.98491457202981, -0.2247459
20481210 12:00, 0.98478668228121, -0.2180179
20481211 12:00, 0.98466286480108, -0.2106447
20481212 12:00, 0.98454348740903, -0.2026486
20481213 12:00, 0.98442889678011, -0.1940781
20481214 12:00, 0.98431940714110, -0.1849953
20481215 12:00, 0.98421529480762, -0.1754685
20481216 12:00, 0.98411679603942, -0.1655678
20481217 12:00, 0.98402410635977, -0.1553640
20481218 12:00, 0.98393738030737, -0.1449281
20481219 12:00, 0.98385673125485, -0.1343317
20481220 12:00, 0.98378223133399, -0.1236461
20481221 12:00, 0.98371391165786, -0.1129418
20481222 12:00, 0.98365176297777, -0.1022878
20481223 12:00, 0.98359573674245, -0.0917512
20481224 12:00, 0.98354574634202, -0.0813969
20481225 12:00, 0.98350166821421, -0.0712880
20481226 12:00, 0.98346334254214, -0.0614870
20481227 12:00, 0.98343057352816, -0.0520561
20481228 12:00, 0.98340312971184, -0.0430562
20481229 12:00, 0.98338074550879, -0.0345437
20481230 12:00, 0.98336312598908, -0.0265622
20481231 12:00, 0.98334995759476, -0.0191300
20490101 12:00, 0.98334092737747, -0.0122238
20490102 12:00, 0.98333575153234, -0.0057642
20490103 12:00, 0.98333421005487,  0.0003899
20490104 12:00, 0.98333617944434,  0.0064279
20490105 12:00, 0.98334165280820,  0.0125581
20490106 12:00, 0.98335073969682,  0.0189694
20490107 12:00, 0.98336364587351,  0.0258024
20490108 12:00, 0.98338064094239,  0.0331373
20490109 12:00, 0.98340202442098,  0.0409995
20490110 12:00, 0.98342809809364,  0.0493741
20490111 12:00, 0.98345914760460,  0.0582226
20490112 12:00, 0.98349543241787,  0.0674947
20490113 12:00, 0.98353718155154,  0.0771359
20490114 12:00, 0.98358459238989,  0.0870915
20490115 12:00, 0.98363783052439,  0.0973061
20490116 12:00, 0.98369702937872,  0.1077234
20490117 12:00, 0.98376228906657,  0.1182841
20490118 12:00, 0.98383367444356,  0.1289252
20490119 12:00, 0.98391121264018,  0.1395791
20490120 12:00, 0.98399489050904,  0.1501741
20490121 12:00, 0.98408465240072,  0.1606348
20490122 12:00, 0.98418039853937,  0.1708840
20490123 12:00, 0.98428198408090,  0.1808431
20490124 12:00, 0.98438921881316,  0.1904336
20490125 12:00, 0.98450186751263,  0.1995785
20490126 12:00, 0.98461965128744,  0.2082042
20490127 12:00, 0.98474225082328,  0.2162452
20490128 12:00, 0.98486931318746,  0.2236523
20490129 12:00, 0.98500046440258,  0.2304041
20490130 12:00, 0.98513532975985,  0.2365218
20490131 12:00, 0.98527356207715,  0.2420811
20490201 12:00, 0.98541487460939,  0.2472149
20490202 12:00, 0.98555907131849,  0.2521008
20490203 12:00, 0.98570606545916,  0.2569344
20490204 12:00, 0.98585588027224,  0.2618958
20490205 12:00, 0.98600863216601,  0.2671242
20490206 12:00, 0.98616450304177,  0.2727068
20490207 12:00, 0.98632371065247,  0.2786820
20490208 12:00, 0.98648648379819,  0.2850519
20490209 12:00, 0.98665304524635,  0.2917959
20490210 12:00, 0.98682360200420,  0.2988814
20490211 12:00, 0.98699834091888,  0.3062720
20490212 12:00, 0.98717742725672,  0.3139299
20490213 12:00, 0.98736100428011,  0.3218164
20490214 12:00, 0.98754919241918,  0.3298906
20490215 12:00, 0.98774208720651,  0.3381069
20490216 12:00, 0.98793975565256,  0.3464117
20490217 12:00, 0.98814223119232,  0.3547420
20490218 12:00, 0.98834950772055,  0.3630239
20490219 12:00, 0.98856153350877,  0.3711736
20490220 12:00, 0.98877820590270,  0.3790989
20490221 12:00, 0.98899936760786,  0.3867034
20490222 12:00, 0.98922480513991,  0.3938897
20490223 12:00, 0.98945424978207,  0.4005647
20490224 12:00, 0.98968738131985,  0.4066441
20490225 12:00, 0.98992383499978,  0.4120592
20490226 12:00, 0.99016321250179,  0.4167639
20490227 12:00, 0.99040509791850,  0.4207449
20490228 12:00, 0.99064907932653,  0.4240308
20490301 12:00, 0.99089477510837,  0.4266985
20490302 12:00, 0.99114186184003,  0.4288715
20490303 12:00, 0.99139009830477,  0.4307081
20490304 12:00, 0.99163933967043,  0.4323798
20490305 12:00, 0.99188953814443,  0.4340472
20490306 12:00, 0.99214073071299,  0.4358409
20490307 12:00, 0.99239301851881,  0.4378518
20490308 12:00, 0.99264654397328,  0.4401327
20490309 12:00, 0.99290147060390,  0.4427056
20490310 12:00, 0.99315796820860,  0.4455718
20490311 12:00, 0.99341620359851,  0.4487210
20490312 12:00, 0.99367633579221,  0.4521374
20490313 12:00, 0.99393851397250,  0.4558030
20490314 12:00, 0.99420287650934,  0.4596982
20490315 12:00, 0.99446954958825,  0.4637999
20490316 12:00, 0.99473864430649,  0.4680783
20490317 12:00, 0.99501025148723,  0.4724923
20490318 12:00, 0.99528443395868,  0.4769854
20490319 12:00, 0.99556121668164,  0.4814827
20490320 12:00, 0.99584057582919,  0.4858903
20490321 12:00, 0.99612242854608,  0.4900984
20490322 12:00, 0.99640662539199,  0.4939875
20490323 12:00, 0.99669294722090,  0.4974374
20490324 12:00, 0.99698110751850,  0.5003367
20490325 12:00, 0.99727076031230,  0.5025922
20490326 12:00, 0.99756151306325,  0.5041371
20490327 12:00, 0.99785294364003,  0.5049367
20490328 12:00, 0.99814462044208,  0.5049934
20490329 12:00, 0.99843612462726,  0.5043492
20490330 12:00, 0.99872707292027,  0.5030849
20490331 12:00, 0.99901713867568,  0.5013144
20490401 12:00, 0.99930606822789,  0.4991742
20490402 12:00, 0.99959368975075,  0.4968086
20490403 12:00, 0.99987991320887,  0.4943542
20490404 12:00, 1.00016472210894,  0.4919274
20490405 12:00, 1.00044815969072,  0.4896181
20490406 12:00, 1.00073031307113,  0.4874886
20490407 12:00, 1.00101129848084,  0.4855784
20490408 12:00, 1.00129124956113,  0.4839095
20490409 12:00, 1.00157030937019,  0.4824933
20490410 12:00, 1.00184862571886,  0.4813356
20490411 12:00, 1.00212634883623,  0.4804393
20490412 12:00, 1.00240363006630,  0.4798053
20490413 12:00, 1.00268062018534,  0.4794302
20490414 12:00, 1.00295746593171,  0.4793024
20490415 12:00, 1.00323430348841,  0.4793959
20490416 12:00, 1.00351124808448,  0.4796630
20490417 12:00, 1.00378837973660,  0.4800286
20490418 12:00, 1.00406572646288,  0.4803879
20490419 12:00, 1.00434324777934,  0.4806096
20490420 12:00, 1.00462082228692,  0.4805471
20490421 12:00, 1.00489824294793,  0.4800533
20490422 12:00, 1.00517522200213,  0.4789984
20490423 12:00, 1.00545140500825,  0.4772833
20490424 12:00, 1.00572639138669,  0.4748481
20490425 12:00, 1.00599975797023,  0.4716744
20490426 12:00, 1.00627108247589,  0.4677830
20490427 12:00, 1.00653996483554,  0.4632292
20490428 12:00, 1.00680604523289,  0.4580959
20490429 12:00, 1.00706901814863,  0.4524868
20490430 12:00, 1.00732864183090,  0.4465176
20490501 12:00, 1.00758474272591,  0.4403073
20490502 12:00, 1.00783721479255,  0.4339693
20490503 12:00, 1.00808601429024,  0.4276051
20490504 12:00, 1.00833115133057,  0.4212992
20490505 12:00, 1.00857267991312,  0.4151191
20490506 12:00, 1.00881068815641,  0.4091160
20490507 12:00, 1.00904529003170,  0.4033288
20490508 12:00, 1.00927661929573,  0.3977878
20490509 12:00, 1.00950482568837,  0.3925185
20490510 12:00, 1.00973007291763,  0.3875442
20490511 12:00, 1.00995253750822,  0.3828858
20490512 12:00, 1.01017240720833,  0.3785606
20490513 12:00, 1.01038987732699,  0.3745764
20490514 12:00, 1.01060514321282,  0.3709240
20490515 12:00, 1.01081838733815,  0.3675662
20490516 12:00, 1.01102976048015,  0.3644291
20490517 12:00, 1.01123935851092,  0.3613964
20490518 12:00, 1.01144719894875,  0.3583147
20490519 12:00, 1.01165320343161,  0.3550089
20490520 12:00, 1.01185719200888,  0.3513066
20490521 12:00, 1.01205889195963,  0.3470628
20490522 12:00, 1.01225795912556,  0.3421770
20490523 12:00, 1.01245400613708,  0.3366002
20490524 12:00, 1.01264663117365,  0.3303302
20490525 12:00, 1.01283544269191,  0.3234029
20490526 12:00, 1.01302007820756,  0.3158813
20490527 12:00, 1.01320021726015,  0.3078466
20490528 12:00, 1.01337558961011,  0.2993905
20490529 12:00, 1.01354597976327,  0.2906100
20490530 12:00, 1.01371122858668,  0.2816026
20490531 12:00, 1.01387123247385,  0.2724625
20490601 12:00, 1.01402594042214,  0.2632771
20490602 12:00, 1.01417534949269,  0.2541252
20490603 12:00, 1.01431949931045,  0.2450754
20490604 12:00, 1.01445846638882,  0.2361870
20490605 12:00, 1.01459235904010,  0.2275111
20490606 12:00, 1.01472131344293,  0.2190935
20490607 12:00, 1.01484549111716,  0.2109766
20490608 12:00, 1.01496507764327,  0.2032015
20490609 12:00, 1.01508028197840,  0.1958079
20490610 12:00, 1.01519133516385,  0.1888319
20490611 12:00, 1.01529848662627,  0.1822997
20490612 12:00, 1.01540199581288,  0.1762177
20490613 12:00, 1.01550211696483,  0.1705592
20490614 12:00, 1.01559907602962,  0.1652511
20490615 12:00, 1.01569304149310,  0.1601673
20490616 12:00, 1.01578409478066,  0.1551347
20490617 12:00, 1.01587220880905,  0.1499554
20490618 12:00, 1.01595724256397,  0.1444385
20490619 12:00, 1.01603895439782,  0.1384307
20490620 12:00, 1.01611702979619,  0.1318346
20490621 12:00, 1.01619111498370,  0.1246108
20490622 12:00, 1.01626084803191,  0.1167683
20490623 12:00, 1.01632588265115,  0.1083498
20490624 12:00, 1.01638590373318,  0.0994185
20490625 12:00, 1.01644063613903,  0.0900484
20490626 12:00, 1.01648984897243,  0.0803180
20490627 12:00, 1.01653335726395,  0.0703074
20490628 12:00, 1.01657102229723,  0.0600965
20490629 12:00, 1.01660275116613,  0.0497639
20490630 12:00, 1.01662849574293,  0.0393859
20490701 12:00, 1.01664825108567,  0.0290356
20490702 12:00, 1.01666205335605,  0.0187821
20490703 12:00, 1.01666997745793,  0.0086905
20490704 12:00, 1.01667213473405, -0.0011779
20490705 12:00, 1.01666867109350, -0.0107646
20490706 12:00, 1.01665976583123, -0.0200123
20490707 12:00, 1.01664563111924, -0.0288643
20490708 12:00, 1.01662651168311, -0.0372649
20490709 12:00, 1.01660268353014, -0.0451622
20490710 12:00, 1.01657444983019, -0.0525156
20490711 12:00, 1.01654213139966, -0.0593070
20490712 12:00, 1.01650604923525, -0.0655565
20490713 12:00, 1.01646649798129, -0.0713373
20490714 12:00, 1.01642371264445, -0.0767829
20490715 12:00, 1.01637783553233, -0.0820777
20490716 12:00, 1.01632889354647, -0.0874313
20490717 12:00, 1.01627679432883, -0.0930410
20490718 12:00, 1.01622134295253, -0.0990603
20490719 12:00, 1.01616227289672, -0.1055826
20490720 12:00, 1.01609928107149, -0.1126426
20490721 12:00, 1.01603205819836, -0.1202296
20490722 12:00, 1.01596031037648, -0.1283038
20490723 12:00, 1.01588377184027, -0.1368094
20490724 12:00, 1.01580221114105, -0.1456845
20490725 12:00, 1.01571543342806, -0.1548648
20490726 12:00, 1.01562328098171, -0.1642860
20490727 12:00, 1.01552563335082, -0.1738833
20490728 12:00, 1.01542240772599, -0.1835910
20490729 12:00, 1.01531355967082, -0.1933419
20490730 12:00, 1.01519908404605, -0.2030672
20490731 12:00, 1.01507901587515, -0.2126966
20490801 12:00, 1.01495343096297, -0.2221593
20490802 12:00, 1.01482244622306, -0.2313839
20490803 12:00, 1.01468621980357, -0.2402989
20490804 12:00, 1.01454495113443, -0.2488328
20490805 12:00, 1.01439888086572, -0.2569146
20490806 12:00, 1.01424829027539, -0.2644751
20490807 12:00, 1.01409349908669, -0.2714513
20490808 12:00, 1.01393485985258, -0.2777942
20490809 12:00, 1.01377274644292, -0.2834814
20490810 12:00, 1.01360753432181, -0.2885323
20490811 12:00, 1.01343957202730, -0.2930227
20490812 12:00, 1.01326914692189, -0.2970882
20490813 12:00, 1.01309645274550, -0.3009138
20490814 12:00, 1.01292156884881, -0.3047051
20490815 12:00, 1.01274445839700, -0.3086531
20490816 12:00, 1.01256498580248, -0.3129050
20490817 12:00, 1.01238294650532, -0.3175517
20490818 12:00, 1.01219809937006, -0.3226307
20490819 12:00, 1.01201019404164, -0.3281389
20490820 12:00, 1.01181898991642, -0.3340480
20490821 12:00, 1.01162426705643, -0.3403165
20490822 12:00, 1.01142583123800, -0.3468977
20490823 12:00, 1.01122351566466, -0.3537437
20490824 12:00, 1.01101718141805, -0.3608059
20490825 12:00, 1.01080671803418, -0.3680340
20490826 12:00, 1.01059204494505, -0.3753744
20490827 12:00, 1.01037311400182, -0.3827682
20490828 12:00, 1.01014991290441, -0.3901501
20490829 12:00, 1.00992246910683, -0.3974477
20490830 12:00, 1.00969085365735, -0.4045826
20490831 12:00, 1.00945518446404, -0.4114713
20490901 12:00, 1.00921562860927, -0.4180272
20490902 12:00, 1.00897240347719, -0.4241632
20490903 12:00, 1.00872577648598, -0.4297936
20490904 12:00, 1.00847606302255, -0.4348388
20490905 12:00, 1.00822362173545, -0.4392297
20490906 12:00, 1.00796884577559, -0.4429176
20490907 12:00, 1.00771214822975, -0.4458843
20490908 12:00, 1.00745394043253, -0.4481560
20490909 12:00, 1.00719460362522, -0.4498118
20490910 12:00, 1.00693445752951, -0.4509846
20490911 12:00, 1.00667373257068, -0.4518474
20490912 12:00, 1.00641255345134, -0.4525884
20490913 12:00, 1.00615093894647, -0.4533815
20490914 12:00, 1.00588881717243, -0.4543640
20490915 12:00, 1.00562605048057, -0.4556259
20490916 12:00, 1.00536246234964, -0.4572130
20490917 12:00, 1.00509786034078, -0.4591366
20490918 12:00, 1.00483205240104, -0.4613860
20490919 12:00, 1.00456485659475, -0.4639383
20490920 12:00, 1.00429610588042, -0.4667656
20490921 12:00, 1.00402564998222, -0.4698381
20490922 12:00, 1.00375335621143, -0.4731246
20490923 12:00, 1.00347911066373, -0.4765909
20490924 12:00, 1.00320282074663, -0.4801967
20490925 12:00, 1.00292441952083, -0.4838930
20490926 12:00, 1.00264387185834, -0.4876183
20490927 12:00, 1.00236118193332, -0.4912978
20490928 12:00, 1.00207640112522, -0.4948431
20490929 12:00, 1.00178963513642, -0.4981551
20490930 12:00, 1.00150104910266, -0.5011279
20491001 12:00, 1.00121086971462, -0.5036553
20491002 12:00, 1.00091938375134, -0.5056366
20491003 12:00, 1.00062693274727, -0.5069839
20491004 12:00, 1.00033390362073, -0.5076293
20491005 12:00, 1.00004071500606, -0.5075322
20491006 12:00, 0.99974779901910, -0.5066877
20491007 12:00, 0.99945557864436, -0.5051334
20491008 12:00, 0.99916444214352, -0.5029519
20491009 12:00, 0.99887471765032, -0.5002673
20491010 12:00, 0.99858665256488, -0.4972324
20491011 12:00, 0.99830040230716, -0.4940094
20491012 12:00, 0.99801603086183, -0.4907495
20491013 12:00, 0.99773352213188, -0.4875769
20491014 12:00, 0.99745279817216, -0.4845810
20491015 12:00, 0.99717373929817, -0.4818176
20491016 12:00, 0.99689620195489, -0.4793149
20491017 12:00, 0.99662003213470, -0.4770824
20491018 12:00, 0.99634507397982, -0.4751182
20491019 12:00, 0.99607117442756, -0.4734151
20491020 12:00, 0.99579818532020, -0.4719636
20491021 12:00, 0.99552596452477, -0.4707524
20491022 12:00, 0.99525437751253, -0.4697658
20491023 12:00, 0.99498330064770, -0.4689810
20491024 12:00, 0.99471262712254, -0.4683617
20491025 12:00, 0.99444227597347, -0.4678538
20491026 12:00, 0.99417220385271, -0.4673808
20491027 12:00, 0.99390241826134, -0.4668432
20491028 12:00, 0.99363299002374, -0.4661223
20491029 12:00, 0.99336406230944, -0.4650879
20491030 12:00, 0.99309585383451, -0.4636107
20491031 12:00, 0.99282865499940, -0.4615739
20491101 12:00, 0.99256281718917, -0.4588846
20491102 12:00, 0.99229873663390, -0.4554814
20491103 12:00, 0.99203683470639, -0.4513391
20491104 12:00, 0.99177753641515, -0.4464705
20491105 12:00, 0.99152124856824, -0.4409255
20491106 12:00, 0.99126833904489, -0.4347882
20491107 12:00, 0.99101911888362, -0.4281699
20491108 12:00, 0.99077382915583, -0.4211997
20491109 12:00, 0.99053263436117, -0.4140116
20491110 12:00, 0.99029562310419, -0.4067325
20491111 12:00, 0.99006281533227, -0.3994718
20491112 12:00, 0.98983417405503, -0.3923168
20491113 12:00, 0.98960961880945, -0.3853310
20491114 12:00, 0.98938903835369, -0.3785582
20491115 12:00, 0.98917230090575, -0.3720268
20491116 12:00, 0.98895926125491, -0.3657557
20491117 12:00, 0.98874976493771, -0.3597586
20491118 12:00, 0.98854365026713, -0.3540471
20491119 12:00, 0.98834074937536, -0.3486310
20491120 12:00, 0.98814088966638, -0.3435163
20491121 12:00, 0.98794389721807, -0.3387005
20491122 12:00, 0.98774960365739, -0.3341655
20491123 12:00, 0.98755785766276, -0.3298689
20491124 12:00, 0.98736854127763, -0.3257367
20491125 12:00, 0.98718158954733, -0.3216593
20491126 12:00, 0.98699700997693, -0.3174967
20491127 12:00, 0.98681489690194, -0.3130913
20491128 12:00, 0.98663543619256, -0.3082871
20491129 12:00, 0.98645889813816, -0.3029509
20491130 12:00, 0.98628561985545, -0.2969864
20491201 12:00, 0.98611598129406, -0.2903419
20491202 12:00, 0.98595037963635, -0.2830089
20491203 12:00, 0.98578920578087, -0.2750164
20491204 12:00, 0.98563282478985, -0.2664236
20491205 12:00, 0.98548156074056, -0.2573120
20491206 12:00, 0.98533568576598, -0.2477788
20491207 12:00, 0.98519541302853, -0.2379300
20491208 12:00, 0.98506089352485, -0.2278738
20491209 12:00, 0.98493221662124, -0.2177143
20491210 12:00, 0.98480941395084, -0.2075466
20491211 12:00, 0.98469246587380, -0.1974529
20491212 12:00, 0.98458130933468, -0.1875012
20491213 12:00, 0.98447584582897, -0.1777466
20491214 12:00, 0.98437594836356, -0.1682332
20491215 12:00, 0.98428146668919, -0.1589979
20491216 12:00, 0.98419223057305, -0.1500735
20491217 12:00, 0.98410805137881, -0.1414913
20491218 12:00, 0.98402872270270, -0.1332815
20491219 12:00, 0.98395402129597, -0.1254716
20491220 12:00, 0.98388370998431, -0.1180812
20491221 12:00, 0.98381754465995, -0.1111129
20491222 12:00, 0.98375528735937, -0.1045406
20491223 12:00, 0.98369672644272, -0.0982976
20491224 12:00, 0.98364170254960, -0.0922691
20491225 12:00, 0.98359013564022, -0.0862971
20491226 12:00, 0.98354204564751, -0.0801975
20491227 12:00, 0.98349755940403, -0.0737892
20491228 12:00, 0.98345690060136, -0.0669222
20491229 12:00, 0.98342036565458, -0.0594967
20491230 12:00, 0.98338829275292, -0.0514674
20491231 12:00, 0.98336103180629, -0.0428371
20500101 12:00, 0.98333892024870, -0.0336441
20500102 12:00, 0.98332226616581, -0.0239500
20500103 12:00, 0.98331133780905, -0.0138297
20500104 12:00, 0.98330635767596, -0.0033659
20500105 12:00, 0.98330749951338,  0.0073557
20500106 12:00, 0.98331488719774,  0.0182486
20500107 12:00, 0.98332859501110,  0.0292279
20500108 12:00, 0.98334864915271,  0.0402122
20500109 12:00, 0.98337503037468,  0.0511259
20500110 12:00, 0.98340767749371,  0.0618995
20500111 12:00, 0.98344649133823,  0.0724709
20500112 12:00, 0.98349133856442,  0.0827837
20500113 12:00, 0.98354205478813,  0.0927864
20500114 12:00, 0.98359844665161,  0.1024299
20500115 12:00, 0.98366029276549,  0.1116659
20500116 12:00, 0.98372734392511,  0.1204466
20500117 12:00, 0.98379932359896,  0.1287257
20500118 12:00, 0.98387593040147,  0.1364645
20500119 12:00, 0.98395684495073,  0.1436416
20500120 12:00, 0.98404174377235,  0.1502668
20500121 12:00, 0.98413032202155,  0.1563972
20500122 12:00, 0.98422232403242,  0.1621469
20500123 12:00, 0.98431757626525,  0.1676841
20500124 12:00, 0.98441601322889,  0.1732099
20500125 12:00, 0.98451768684701,  0.1789235
20500126 12:00, 0.98462275518113,  0.1849883
20500127 12:00, 0.98473145461172,  0.1915102
20500128 12:00, 0.98484406510701,  0.1985350
20500129 12:00, 0.98496087813293,  0.2060593
20500130 12:00, 0.98508217268406,  0.2140461
20500131 12:00, 0.98520820036968,  0.2224395
20500201 12:00, 0.98533917769572,  0.2311751
20500202 12:00, 0.98547528286807,  0.2401854
20500203 12:00, 0.98561665483331,  0.2494022
20500204 12:00, 0.98576339308508,  0.2587570
20500205 12:00, 0.98591555753667,  0.2681812
20500206 12:00, 0.98607316831063,  0.2776056
20500207 12:00, 0.98623620558850,  0.2869612
20500208 12:00, 0.98640460972734,  0.2961792
20500209 12:00, 0.98657828174906,  0.3051923
20500210 12:00, 0.98675708413110,  0.3139344
20500211 12:00, 0.98694084166882,  0.3223409
20500212 12:00, 0.98712934213193,  0.3303481
20500213 12:00, 0.98732233656616,  0.3378926
20500214 12:00, 0.98751953944124,  0.3449112
20500215 12:00, 0.98772062943524,  0.3513437
20500216 12:00, 0.98792525243574,  0.3571382
20500217 12:00, 0.98813302914939,  0.3622615
20500218 12:00, 0.98834357007849,  0.3667142
20500219 12:00, 0.98855649974519,  0.3705468
20500220 12:00, 0.98877148913564,  0.3738706
20500221 12:00, 0.98898829065054,  0.3768541
20500222 12:00, 0.98920676571393,  0.3797011
20500223 12:00, 0.98942689524954,  0.3826153
20500224 12:00, 0.98964876906145,  0.3857651
20500225 12:00, 0.98987255858911,  0.3892629
20500226 12:00, 0.99009848294519,  0.3931624
20500227 12:00, 0.99032677781522,  0.3974697
20500228 12:00, 0.99055767257201,  0.4021595
20500301 12:00, 0.99079137641397,  0.4071894
20500302 12:00, 0.99102807159576,  0.4125097
20500303 12:00, 0.99126791101127,  0.4180690
20500304 12:00, 0.99151101773195,  0.4238155
20500305 12:00, 0.99175748485243,  0.4296969
20500306 12:00, 0.99200737473972,  0.4356589
20500307 12:00, 0.99226071737823,  0.4416435
20500308 12:00, 0.99251750792380,  0.4475878
20500309 12:00, 0.99277770383192,  0.4534242
20500310 12:00, 0.99304122201355,  0.4590802
20500311 12:00, 0.99330793641520,  0.4644795
20500312 12:00, 0.99357767626725,  0.4695438
20500313 12:00, 0.99385022508582,  0.4741935
20500314 12:00, 0.99412532046344,  0.4783493
20500315 12:00, 0.99440265484812,  0.4819345
20500316 12:00, 0.99468187794560,  0.4848788
20500317 12:00, 0.99496260203697,  0.4871243
20500318 12:00, 0.99524441215583,  0.4886364
20500319 12:00, 0.99552688322682,  0.4894173
20500320 12:00, 0.99580960523202,  0.4895188
20500321 12:00, 0.99609221474206,  0.4890507
20500322 12:00, 0.99637442724878,  0.4881744
20500323 12:00, 0.99665606178658,  0.4870823
20500324 12:00, 0.99693705005086,  0.4859667
20500325 12:00, 0.99721742733598,  0.4849899
20500326 12:00, 0.99749730933813,  0.4842663
20500327 12:00, 0.99777686302246,  0.4838597
20500328 12:00, 0.99805627946358,  0.4837919
20500329 12:00, 0.99833575328485,  0.4840555
20500330 12:00, 0.99861546968979,  0.4846271
20500331 12:00, 0.99889559773009,  0.4854755
20500401 12:00, 0.99917628758236,  0.4865669
20500402 12:00, 0.99945766968811,  0.4878668
20500403 12:00, 0.99973985409247,  0.4893389
20500404 12:00, 1.00002292887548,  0.4909430
20500405 12:00, 1.00030695709088,  0.4926321
20500406 12:00, 1.00059197210063,  0.4943499
20500407 12:00, 1.00087797162305,  0.4960291
20500408 12:00, 1.00116491117150,  0.4975911
20500409 12:00, 1.00145269778899,  0.4989470
20500410 12:00, 1.00174118502384,  0.5000009
20500411 12:00, 1.00203016994413,  0.5006539
20500412 12:00, 1.00231939274391,  0.5008089
20500413 12:00, 1.00260853930980,  0.5003758
20500414 12:00, 1.00289724713128,  0.4992783
20500415 12:00, 1.00318511515886,  0.4974607
20500416 12:00, 1.00347171844276,  0.4948973
20500417 12:00, 1.00375662821336,  0.4916022
20500418 12:00, 1.00403943704997,  0.4876363
20500419 12:00, 1.00431978680520,  0.4831086
20500420 12:00, 1.00459739464660,  0.4781686
20500421 12:00, 1.00487207136320,  0.4729875
20500422 12:00, 1.00514372730793,  0.4677348
20500423 12:00, 1.00541236495635,  0.4625570
20500424 12:00, 1.00567806123841,  0.4575642
20500425 12:00, 1.00594094527955,  0.4528272
20500426 12:00, 1.00620117703671,  0.4483834
20500427 12:00, 1.00645893032354,  0.4442451
20500428 12:00, 1.00671438134659,  0.4404095
20500429 12:00, 1.00696770213376,  0.4368661
20500430 12:00, 1.00721905737328,  0.4336005
20500501 12:00, 1.00746860297427,  0.4305966
20500502 12:00, 1.00771648479706,  0.4278354
20500503 12:00, 1.00796283627442,  0.4252923
20500504 12:00, 1.00820777398855,  0.4229329
20500505 12:00, 1.00845139070908,  0.4207083
20500506 12:00, 1.00869374598296,  0.4185518
20500507 12:00, 1.00893485508629,  0.4163769
20500508 12:00, 1.00917467787290,  0.4140787
20500509 12:00, 1.00941310953976,  0.4115392
20500510 12:00, 1.00964997533183,  0.4086358
20500511 12:00, 1.00988503065054,  0.4052511
20500512 12:00, 1.01011796711144,  0.4012832
20500513 12:00, 1.01034842420034,  0.3966549
20500514 12:00, 1.01057600562233,  0.3913204
20500515 12:00, 1.01080029924922,  0.3852714
20500516 12:00, 1.01102089948632,  0.3785392
20500517 12:00, 1.01123743056337,  0.3711953
20500518 12:00, 1.01144956861416,  0.3633469
20500519 12:00, 1.01165705976545,  0.3551272
20500520 12:00, 1.01185973141590,  0.3466818
20500521 12:00, 1.01205749489868,  0.3381534
20500522 12:00, 1.01225033962598,  0.3296677
20500523 12:00, 1.01243832081400,  0.3213259
20500524 12:00, 1.01262154407995,  0.3132015
20500525 12:00, 1.01280015019121,  0.3053434
20500526 12:00, 1.01297430229842,  0.2977814
20500527 12:00, 1.01314417670077,  0.2905321
20500528 12:00, 1.01330995707617,  0.2836053
20500529 12:00, 1.01347183137023,  0.2770065
20500530 12:00, 1.01362999014522,  0.2707391
20500531 12:00, 1.01378462501797,  0.2648031
20500601 12:00, 1.01393592577069,  0.2591913
20500602 12:00, 1.01408407480020,  0.2538842
20500603 12:00, 1.01422923788156,  0.2488427
20500604 12:00, 1.01437155092208,  0.2440015
20500605 12:00, 1.01451110356137,  0.2392653
20500606 12:00, 1.01464792196819,  0.2345104
20500607 12:00, 1.01478195445359,  0.2295929
20500608 12:00, 1.01491306379591,  0.2243633
20500609 12:00, 1.01504102897998,  0.2186839
20500610 12:00, 1.01516555671015,  0.2124443
20500611 12:00, 1.01528630063975,  0.2055723
20500612 12:00, 1.01540288486696,  0.1980381
20500613 12:00, 1.01551492824264,  0.1898529
20500614 12:00, 1.01562206694776,  0.1810644
20500615 12:00, 1.01572397384422,  0.1717507
20500616 12:00, 1.01582037377418,  0.1620125
20500617 12:00, 1.01591105424522,  0.1519646
20500618 12:00, 1.01599587107532,  0.1417272
20500619 12:00, 1.01607474888447,  0.1314170
20500620 12:00, 1.01614767689643,  0.1211400
20500621 12:00, 1.01621470118720,  0.1109865
20500622 12:00, 1.01627591500155,  0.1010295
20500623 12:00, 1.01633144885107,  0.0913255
20500624 12:00, 1.01638146179990,  0.0819174
20500625 12:00, 1.01642613478680,  0.0728386
20500626 12:00, 1.01646566621232,  0.0641169
20500627 12:00, 1.01650026946206,  0.0557767
20500628 12:00, 1.01653017157414,  0.0478408
20500629 12:00, 1.01655561186372,  0.0403286
20500630 12:00, 1.01657683897253,  0.0332520
20500701 12:00, 1.01659410458208,  0.0266081
20500702 12:00, 1.01660765212311,  0.0203694
20500703 12:00, 1.01661769957730,  0.0144739
20500704 12:00, 1.01662441719720,  0.0088177
20500705 12:00, 1.01662790351931,  0.0032574
20500706 12:00, 1.01662816541580, -0.0023779
20500707 12:00, 1.01662510848040, -0.0082637
20500708 12:00, 1.01661854166588, -0.0145551
20500709 12:00, 1.01660819555374, -0.0213660
20500710 12:00, 1.01659374941443, -0.0287594
20500711 12:00, 1.01657486055630, -0.0367493
20500712 12:00, 1.01655119065126, -0.0453084
20500713 12:00, 1.01652242632617, -0.0543793
20500714 12:00, 1.01648829365247, -0.0638843
20500715 12:00, 1.01644856743872, -0.0737336
20500716 12:00, 1.01640307650112, -0.0838308
20500717 12:00, 1.01635170582718, -0.0940784
20500718 12:00, 1.01629439620627, -0.1043814
20500719 12:00, 1.01623114172821, -0.1146507
20500720 12:00, 1.01616198559126, -0.1248057
20500721 12:00, 1.01608701481903, -0.1347753
20500722 12:00, 1.01600635462688, -0.1444982
20500723 12:00, 1.01592016319521, -0.1539213
20500724 12:00, 1.01582862746618, -0.1629976
20500725 12:00, 1.01573196030069, -0.1716840
20500726 12:00, 1.01563039895324, -0.1799389
20500727 12:00, 1.01552420436508, -0.1877219
20500728 12:00, 1.01541366024314, -0.1949951
20500729 12:00, 1.01529907030019, -0.2017282
20500730 12:00, 1.01518075149908, -0.2079075
20500731 12:00, 1.01505902099511, -0.2135484
20500801 12:00, 1.01493417527402, -0.2187091
20500802 12:00, 1.01480646230487, -0.2235003
20500803 12:00, 1.01467605123815, -0.2280827
20500804 12:00, 1.01454300768116, -0.2326499
20500805 12:00, 1.01440728313823, -0.2373978
20500806 12:00, 1.01426872315100, -0.2424926
20500807 12:00, 1.01412709174981, -0.2480479
20500808 12:00, 1.01398210432927, -0.2541186
20500809 12:00, 1.01383346005347, -0.2607082
20500810 12:00, 1.01368086781849, -0.2677820
20500811 12:00, 1.01352406386472, -0.2752820
20500812 12:00, 1.01336282206224, -0.2831374
20500813 12:00, 1.01319695906619, -0.2912718
20500814 12:00, 1.01302633644009, -0.2996065
20500815 12:00, 1.01285086119517, -0.3080629
20500816 12:00, 1.01267048550265, -0.3165635
20500817 12:00, 1.01248520584571, -0.3250325
20500818 12:00, 1.01229506164928, -0.3333971
20500819 12:00, 1.01210013341603, -0.3415880
20500820 12:00, 1.01190054051724, -0.3495399
20500821 12:00, 1.01169643893028, -0.3571912
20500822 12:00, 1.01148801928987, -0.3644833
20500823 12:00, 1.01127550556446, -0.3713593
20500824 12:00, 1.01105915444773, -0.3777625
20500825 12:00, 1.01083925515099, -0.3836371
20500826 12:00, 1.01061612868709, -0.3889294
20500827 12:00, 1.01039012498600, -0.3935943
20500828 12:00, 1.01016161544022, -0.3976047
20500829 12:00, 1.00993097817976, -0.4009670
20500830 12:00, 1.00969857427296, -0.4037365
20500831 12:00, 1.00946471588275, -0.4060280
20500901 12:00, 1.00922963195163, -0.4080128
20500902 12:00, 1.00899344105199, -0.4098968
20500903 12:00, 1.00875614112195, -0.4118855
20500904 12:00, 1.00851762025528, -0.4141487
20500905 12:00, 1.00827768440613, -0.4167990
20500906 12:00, 1.00803609226141, -0.4198884
20500907 12:00, 1.00779258757711, -0.4234190
20500908 12:00, 1.00754692335911, -0.4273594
20500909 12:00, 1.00729887686142, -0.4316593
20500910 12:00, 1.00704825723589, -0.4362598
20500911 12:00, 1.00679490855255, -0.4410995
20500912 12:00, 1.00653871057435, -0.4461164
20500913 12:00, 1.00627957888842, -0.4512482
20500914 12:00, 1.00601746522305, -0.4564321
20500915 12:00, 1.00575235819230, -0.4616031
20500916 12:00, 1.00548428434769, -0.4666946
20500917 12:00, 1.00521330926452, -0.4716383
20500918 12:00, 1.00493953841096, -0.4763644
20500919 12:00, 1.00466311768106, -0.4808028
20500920 12:00, 1.00438423363411, -0.4848829
20500921 12:00, 1.00410311357617, -0.4885342
20500922 12:00, 1.00382002555171, -0.4916861
20500923 12:00, 1.00353527801505, -0.4942696
20500924 12:00, 1.00324921839270, -0.4962196
20500925 12:00, 1.00296222898171, -0.4974817
20500926 12:00, 1.00267471787616, -0.4980232
20500927 12:00, 1.00238710238127, -0.4978477
20500928 12:00, 1.00209978344992, -0.4970104
20500929 12:00, 1.00181311270558, -0.4956275
20500930 12:00, 1.00152735811124, -0.4938701
20501001 12:00, 1.00124267789034, -0.4919419
20501002 12:00, 1.00095911161576, -0.4900440
20501003 12:00, 1.00067659147747, -0.4883426
20501004 12:00, 1.00039496893058, -0.4869495
20501005 12:00, 1.00011404725166, -0.4859207
20501006 12:00, 0.99983361114353, -0.4852669
20501007 12:00, 0.99955344852124, -0.4849687
20501008 12:00, 0.99927336377576, -0.4849904
20501009 12:00, 0.99899318432175, -0.4852893
20501010 12:00, 0.99871276300567, -0.4858205
20501011 12:00, 0.99843197867586, -0.4865388
20501012 12:00, 0.99815073655783, -0.4873978
20501013 12:00, 0.99786896939602, -0.4883484
20501014 12:00, 0.99758663974639, -0.4893361
20501015 12:00, 0.99730374335255, -0.4903002
20501016 12:00, 0.99702031321475, -0.4911725
20501017 12:00, 0.99673642378093, -0.4918777
20501018 12:00, 0.99645219466650, -0.4923349
20501019 12:00, 0.99616779342630, -0.4924594
20501020 12:00, 0.99588343708485, -0.4921650
20501021 12:00, 0.99559939225393, -0.4913667
20501022 12:00, 0.99531597359929, -0.4899838
20501023 12:00, 0.99503354008384, -0.4879444
20501024 12:00, 0.99475248786603, -0.4851930
20501025 12:00, 0.99447323822165, -0.4817002
20501026 12:00, 0.99419621887572, -0.4774751
20501027 12:00, 0.99392183829198, -0.4725768
20501028 12:00, 0.99365045507760, -0.4671187
20501029 12:00, 0.99338234802351, -0.4612614
20501030 12:00, 0.99311769444595, -0.4551914
20501031 12:00, 0.99285656327249, -0.4490926
20501101 12:00, 0.99259892453147, -0.4431198
20501102 12:00, 0.99234467116945, -0.4373837
20501103 12:00, 0.99209364582876, -0.4319486
20501104 12:00, 0.99184566567739, -0.4268402
20501105 12:00, 0.99160054126868, -0.4220577
20501106 12:00, 0.99135808854086, -0.4175849
20501107 12:00, 0.99111813512621, -0.4133986
20501108 12:00, 0.99088052295858, -0.4094730
20501109 12:00, 0.99064510916983, -0.4057812
20501110 12:00, 0.99041176690337, -0.4022944
20501111 12:00, 0.99018038721432, -0.3989788
20501112 12:00, 0.98995088275628, -0.3957928
20501113 12:00, 0.98972319346887, -0.3926831
20501114 12:00, 0.98949729396298, -0.3895826
20501115 12:00, 0.98927320179067, -0.3864097
20501116 12:00, 0.98905098539116, -0.3830703
20501117 12:00, 0.98883077035614, -0.3794616
20501118 12:00, 0.98861274282954, -0.3754777
20501119 12:00, 0.98839714927682, -0.3710166
20501120 12:00, 0.98818429232094, -0.3659871
20501121 12:00, 0.98797452261356, -0.3603153
20501122 12:00, 0.98776822670537, -0.3539518
20501123 12:00, 0.98756581075363, -0.3468795
20501124 12:00, 0.98736768003207, -0.3391196
20501125 12:00, 0.98717421497377, -0.3307372
20501126 12:00, 0.98698574595646, -0.3218399
20501127 12:00, 0.98680253069377, -0.3125696
20501128 12:00, 0.98662473883963, -0.3030862
20501129 12:00, 0.98645244729562, -0.2935476
20501130 12:00, 0.98628564683797, -0.2840916
20501201 12:00, 0.98612425742132, -0.2748245
20501202 12:00, 0.98596814753966, -0.2658183
20501203 12:00, 0.98581715306016, -0.2571152
20501204 12:00, 0.98567109246324, -0.2487346
20501205 12:00, 0.98552977734063, -0.2406821
20501206 12:00, 0.98539301851019, -0.2329559
20501207 12:00, 0.98526062894812, -0.2255507
20501208 12:00, 0.98513242504498, -0.2184600
20501209 12:00, 0.98500822769706, -0.2116745
20501210 12:00, 0.98488786461058, -0.2051791
20501211 12:00, 0.98477117496309, -0.1989482
20501212 12:00, 0.98465801717062, -0.1929400
20501213 12:00, 0.98454827985025, -0.1870909
20501214 12:00, 0.98444189511966, -0.1813136
20501215 12:00, 0.98433885230092, -0.1754982
20501216 12:00, 0.98423920928805, -0.1695186
20501217 12:00, 0.98414309876922, -0.1632439
20501218 12:00, 0.98405072738452, -0.1565512
20501219 12:00, 0.98396236745747, -0.1493377
20501220 12:00, 0.98387834246669, -0.1415303
20501221 12:00, 0.98379900828599, -0.1330905
20501222 12:00, 0.98372473226529, -0.1240172
20501223 12:00, 0.98365587181124, -0.1143458
20501224 12:00, 0.98359275378194, -0.1041459
20501225 12:00, 0.98353565602983, -0.0935166
20501226 12:00, 0.98348479269007, -0.0825779
20501227 12:00, 0.98344030489389, -0.0714607
20501228 12:00, 0.98340225808161, -0.0602942
20501229 12:00, 0.98337064595340, -0.0491960
20501230 12:00, 0.98334539973194, -0.0382642
20501231 12:00, 0.98332640042174, -0.0275743
